4 0.50703125 0.6546875 0.046875 0.12734375
5 0.55625 0.653125 0.046875 0.13203125
2 0.7203125 0.16875 0.07890625 0.196875
2 0.6453125 0.17578125 0.065625 0.1828125
4 0.45703125 0.64921875 0.04921875 0.1171875
16 0.32578125 0.6140625 0.0546875 0.11328125
18 0.278125 0.47578125 0.05625 0.11328125
8 0.3765625 0.165625 0.06796875 0.19609375
18 0.21875 0.478125 0.05625 0.1109375
17 0.16171875 0.48203125 0.053125 0.09921875
3 0.8046875 0.65625 0.0546875 0.13515625
18 0.40078125 0.46484375 0.065625 0.13515625
17 0.1046875 0.48046875 0.0546875 0.0953125
8 0.44765625 0.175 0.0640625 0.1796875
24 0.665625 0.4703125 0.06171875 0.1296875
10 0.3046875 0.1625 0.0703125 0.20078125
1 0.7984375 0.16875 0.071875 0.19609375
3 0.70078125 0.65390625 0.04765625 0.1296875
10 0.5140625 0.17578125 0.06015625 0.1796875
3 0.75234375 0.65625 0.04921875 0.1296875
0 0.86796875 0.1671875 0.065625 0.1953125
1 0.57890625 0.17578125 0.06171875 0.1796875
5 0.653125 0.653125 0.04296875 0.128125
24 0.59765625 0.4703125 0.06015625 0.12890625
17 0.04609375 0.47890625 0.05625 0.09609375
24 0.534375 0.46796875 0.06015625 0.13125
5 0.60625 0.65625 0.04921875 0.12734375
24 0.7296875 0.47578125 0.0546875 0.11171875
6 0.94453125 0.16015625 0.08671875 0.2078125
24 0.790625 0.47421875 0.06171875 0.1109375
24 0.46953125 0.4671875 0.06171875 0.13125
18 0.3375 0.46484375 0.053125 0.13515625
16 0.265625 0.60390625 0.0546875 0.10078125