0 0.25625 0.82421875 0.09296875 0.246875
17 0.4296875 0.2953125 0.05703125 0.15078125
18 0.2875 0.26484375 0.0828125 0.17109375
17 0.54921875 0.3203125 0.05703125 0.1390625
1 0.10390625 0.2109375 0.08515625 0.22578125
2 0.29609375 0.5328125 0.08671875 0.22578125
8 0.71328125 0.3453125 0.028125 0.1328125
17 0.62890625 0.7375 0.05859375 0.16875
11 0.72109375 0.7125 0.0375 0.1546875
8 0.78984375 0.52265625 0.0359375 0.13671875
17 0.48984375 0.309375 0.05703125 0.14296875
0 0.1921875 0.228125 0.08515625 0.2140625
0 0.42109375 0.78984375 0.06796875 0.21328125
10 0.64765625 0.328125 0.0375 0.15
10 0.8515625 0.5203125 0.025 0.12578125
4 0.6609375 0.92890625 0.0359375 0.1421875
18 0.365625 0.28125 0.065625 0.159375
8 0.74296875 0.34921875 0.0296875 0.1296875
18 0.49296875 0.76953125 0.06953125 0.209375
17 0.58125 0.5296875 0.0546875 0.1640625
0 0.3453125 0.81015625 0.07734375 0.22109375
1 0.20234375 0.53046875 0.09453125 0.24296875
11 0.759375 0.7046875 0.0359375 0.146875
8 0.8234375 0.521875 0.028125 0.13125
3 0.5421875 0.9515625 0.04296875 0.09609375
4 0.72421875 0.9078125 0.03046875 0.171875
10 0.68359375 0.33671875 0.03046875 0.140625
19 0.6890625 0.53046875 0.053125 0.14609375
8 0.75625 0.525 0.028125 0.1390625
10 0.60546875 0.32109375 0.0453125 0.1546875
3 0.621875 0.93515625 0.03984375 0.128125
5 0.4953125 0.9625 0.05 0.075
3 0.58203125 0.94375 0.0375 0.1109375
17 0.6375 0.5296875 0.053125 0.15390625
4 0.75703125 0.89609375 0.03359375 0.17265625
18 0.5640625 0.75078125 0.06640625 0.1890625
4 0.69296875 0.91796875 0.0296875 0.1640625
2 0.028125 0.18984375 0.05625 0.23984375
11 0.6796875 0.72265625 0.04296875 0.16484375
8 0.7265625 0.5265625 0.0296875 0.1421875
5 0.4421875 0.9734375 0.059375 0.053125
17 0.5265625 0.53125 0.05234375 0.17578125
18 0.46328125 0.5328125 0.0703125 0.18828125
12 0.7875 0.69375 0.0203125 0.14765625
4 0.78515625 0.8828125 0.02421875 0.15078125
12 0.8109375 0.6890625 0.0296875 0.140625
5 0.384375 0.98515625 0.0546875 0.0296875
24 0.77109375 0.36484375 0.0265625 0.10703125
21 0.38828125 0.53203125 0.08359375 0.20390625