10 0.2296875 0.50625 0.1078125 0.2390625
17 0.31484375 0.77734375 0.084375 0.140625
18 0.67578125 0.57109375 0.065625 0.1453125
17 0.38828125 0.73984375 0.075 0.13203125
18 0.50546875 0.66484375 0.0625 0.1359375
12 0.54453125 0.1265625 0.07578125 0.24921875
10 0.58984375 0.4 0.06171875 0.18125
12 0.6625 0.115625 0.06171875 0.23125
4 0.65546875 0.9359375 0.03828125 0.10625
18 0.79296875 0.51796875 0.05625 0.13671875
11 0.08359375 0.1625 0.15078125 0.325
10 0.8125 0.1203125 0.04296875 0.16328125
10 0.84609375 0.11875 0.02421875 0.15390625
17 0.8453125 0.48984375 0.0453125 0.125
2 0.44765625 0.91171875 0.06640625 0.13671875
16 0.91640625 0.59765625 0.02265625 0.08515625
10 0.32578125 0.4828125 0.0890625 0.22421875
3 0.615625 0.95546875 0.040625 0.0890625
11 0.3953125 0.13671875 0.08125 0.2734375
2 0.37578125 0.94140625 0.07734375 0.1171875
8 0.76328125 0.3421875 0.04140625 0.16796875
17 0.88828125 0.4703125 0.03984375 0.12421875
16 0.81640625 0.6625 0.0359375 0.0921875
10 0.5296875 0.415625 0.06171875 0.190625
18 0.7375 0.54375 0.05625 0.13671875
17 0.9296875 0.45234375 0.03828125 0.11875
16 0.87265625 0.6296875 0.02421875 0.0890625
10 0.40078125 0.4578125 0.07890625 0.21015625
10 0.46953125 0.434375 0.06953125 0.19921875
18 0.615625 0.60234375 0.05625 0.14765625
11 0.2109375 0.15234375 0.1109375 0.3046875
3 0.5765625 0.96953125 0.040625 0.0609375
16 0.84765625 0.64609375 0.02421875 0.0953125
8 0.8015625 0.3296875 0.03359375 0.15703125
8 0.684375 0.37734375 0.04375 0.159375
8 0.63984375 0.38984375 0.046875 0.159375
8 0.725 0.36484375 0.0359375 0.15703125
16 0.8953125 0.6125 0.01875 0.0796875
8 0.8375 0.31796875 0.034375 0.153125
8 0.8703125 0.309375 0.03046875 0.1421875
10 0.76953125 0.12578125 0.03984375 0.16484375
16 0.94296875 0.5890625 0.03046875 0.08125
0 0.56328125 0.83359375 0.05625 0.1390625
18 0.5640625 0.63984375 0.0546875 0.13203125
11 0.3109375 0.14453125 0.09453125 0.28828125
10 0.89765625 0.11328125 0.025 0.14609375
0 0.50703125 0.8703125 0.0625 0.13515625
10 0.87109375 0.115625 0.0265625 0.15078125
12 0.71171875 0.11171875 0.0375 0.22109375
12 0.47109375 0.13125 0.071875 0.26171875
4 0.6859375 0.91171875 0.0296875 0.10078125
10 0.92734375 0.109375 0.03203125 0.14375
12 0.60546875 0.1203125 0.05078125 0.23984375
3 0.53125 0.98359375 0.046875 0.0328125
1 0.70078125 0.7453125 0.0359375 0.12265625
1 0.7296875 0.72578125 0.02265625 0.1171875
2 0.78515625 0.690625 0.0265625 0.109375
1 0.6609375 0.7703125 0.04375 0.13203125
2 0.75703125 0.7078125 0.03203125 0.11171875
4 0.715625 0.88125 0.03203125 0.0890625