4 0.5078125 0.671875 0.04765625 0.12890625
3 0.70234375 0.665625 0.04765625 0.13125
5 0.55703125 0.66875 0.046875 0.134375
18 0.21171875 0.496875 0.05703125 0.11171875
3 0.80703125 0.66640625 0.053125 0.134375
16 0.32109375 0.634375 0.053125 0.11328125
4 0.45703125 0.66640625 0.05078125 0.1203125
1 0.56875 0.19140625 0.06171875 0.17578125
8 0.36640625 0.1828125 0.06796875 0.19609375
18 0.27265625 0.49453125 0.05703125 0.11484375
17 0.153125 0.5015625 0.053125 0.10234375
2 0.634375 0.190625 0.065625 0.17890625
10 0.503125 0.1921875 0.06171875 0.17578125
8 0.43828125 0.19140625 0.065625 0.178125
3 0.753125 0.6671875 0.04921875 0.13203125
2 0.71015625 0.1828125 0.07734375 0.19609375
10 0.29375 0.1828125 0.06953125 0.19921875
24 0.66171875 0.48203125 0.0625 0.13125
17 0.09453125 0.50234375 0.05625 0.09609375
1 0.78671875 0.18125 0.06953125 0.19609375
17 0.03515625 0.50078125 0.05625 0.096875
0 0.85390625 0.17890625 0.06171875 0.1953125
24 0.725 0.48671875 0.0546875 0.11328125
24 0.59453125 0.48359375 0.06015625 0.1296875
24 0.78671875 0.484375 0.0625 0.1078125
5 0.60703125 0.66875 0.04921875 0.1296875
24 0.5296875 0.4828125 0.06015625 0.13125
5 0.6546875 0.66640625 0.04140625 0.1296875
24 0.4640625 0.48203125 0.06015625 0.13203125
18 0.39609375 0.48125 0.065625 0.1359375
6 0.93046875 0.17265625 0.08515625 0.203125
18 0.33203125 0.4828125 0.0546875 0.13671875
16 0.26015625 0.62421875 0.05625 0.10234375