12 0.7921875 0.13984375 0.13984375 0.27734375
10 0.578125 0.44375 0.08125 0.234375
10 0.76328125 0.50703125 0.14765625 0.2640625
10 0.65625 0.47421875 0.0921875 0.25078125
3 0.09921875 0.4203125 0.03203125 0.12109375
10 0.6 0.128125 0.07890625 0.225
5 0.07109375 0.40625 0.0265625 0.12265625
17 0.340625 0.35390625 0.06171875 0.18203125
18 0.24921875 0.31796875 0.0453125 0.1640625
10 0.534375 0.1265625 0.0640625 0.20625
8 0.509375 0.4140625 0.07734375 0.22265625
17 0.39765625 0.378125 0.0703125 0.19296875
8 0.48203125 0.12265625 0.06015625 0.19296875
2 0.171875 0.08828125 0.028125 0.14296875
18 0.18359375 0.2921875 0.03984375 0.14609375
17 0.34296875 0.115625 0.053125 0.15234375
18 0.22109375 0.3078125 0.04140625 0.15703125
18 0.30078125 0.11328125 0.04375 0.140625
5 0.04609375 0.3953125 0.0296875 0.11875
12 0.9265625 0.15078125 0.140625 0.3015625
2 0.19765625 0.0921875 0.0296875 0.14609375
8 0.44375 0.39140625 0.05703125 0.209375
10 0.67578125 0.12890625 0.09609375 0.25234375
18 0.29140625 0.334375 0.053125 0.17109375
0 0.125 0.26640625 0.028125 0.1390625
0 0.10703125 0.26015625 0.0203125 0.1390625
2 0.084375 0.25078125 0.0265625 0.1296875
8 0.42890625 0.121875 0.0453125 0.17421875