17 0.453125 0.57578125 0.08828125 0.228125
10 0.05703125 0.81328125 0.11328125 0.30390625
18 0.71796875 0.17421875 0.0359375 0.17421875
17 0.6296875 0.1921875 0.05234375 0.2046875
17 0.36171875 0.621875 0.10390625 0.24296875
2 0.64375 0.4671875 0.05625 0.18515625
10 0.46640625 0.20234375 0.05703125 0.2828125
10 0.1578125 0.734375 0.1546875 0.290625
8 0.57578125 0.18671875 0.053125 0.253125
8 0.2671875 0.678125 0.12421875 0.26796875
18 0.7546875 0.16796875 0.0359375 0.1671875
10 0.40234375 0.21015625 0.07578125 0.30390625
17 0.678125 0.1828125 0.04296875 0.1890625
8 0.521875 0.1953125 0.05859375 0.26484375
18 0.78984375 0.159375 0.03359375 0.171875
0 0.69375 0.44375 0.04140625 0.1796875