10 0.45859375 0.2546875 0.053125 0.284375
17 0.403125 0.62734375 0.08515625 0.2296875
8 0.2140625 0.7375 0.1171875 0.28515625
17 0.3125 0.6765625 0.09296875 0.25
10 0.39453125 0.26015625 0.0734375 0.3046875
8 0.51328125 0.24765625 0.053125 0.26015625
8 0.5640625 0.240625 0.04765625 0.24765625
17 0.61328125 0.24375 0.046875 0.19921875
17 0.65703125 0.2375 0.03828125 0.1828125
10 0.09296875 0.8015625 0.15625 0.30703125
2 0.59765625 0.51484375 0.053125 0.1890625
18 0.69296875 0.23125 0.03046875 0.17265625
10 0.0171875 0.86015625 0.034375 0.278125
18 0.72578125 0.22734375 0.03359375 0.16328125
0 0.6453125 0.49296875 0.0375 0.17578125
18 0.759375 0.21875 0.03046875 0.16328125