18 0.5921875 0.603125 0.04375 0.140625
5 0.56171875 0.77734375 0.02421875 0.15390625
8 0.875 0.421875 0.065625 0.21484375
11 0.75234375 0.6546875 0.05234375 0.18984375
18 0.6375 0.61484375 0.04375 0.16015625
4 0.86328125 0.9296875 0.0625 0.1390625
10 0.81015625 0.4234375 0.06015625 0.19609375
8 0.95546875 0.4140625 0.0890625 0.25
18 0.58671875 0.428125 0.03984375 0.134375
4 0.8078125 0.91484375 0.04765625 0.1703125
17 0.6921875 0.63125 0.0625 0.17578125
4 0.76015625 0.90234375 0.05078125 0.1953125
17 0.665625 0.42890625 0.0453125 0.15234375
4 0.7140625 0.884375 0.04140625 0.203125
18 0.56640625 0.271875 0.025 0.09765625
5 0.5390625 0.765625 0.0203125 0.14296875
17 0.625 0.4296875 0.03359375 0.13984375
8 0.85078125 0.1578125 0.065625 0.196875
4 0.93984375 0.94609375 0.0890625 0.1078125
0 0.534375 0.58515625 0.028125 0.12578125
8 0.79375 0.18203125 0.046875 0.17421875
17 0.7140625 0.428125 0.05078125 0.16328125
18 0.54140625 0.27734375 0.02265625 0.096875
10 0.7453125 0.19375 0.046875 0.17421875
3 0.68046875 0.8546875 0.03203125 0.19609375
5 0.5875 0.79296875 0.0265625 0.1640625
3 0.64765625 0.83515625 0.03359375 0.17421875
0 0.51015625 0.578125 0.01875 0.11484375
11 0.85703125 0.6890625 0.0546875 0.2296875
0 0.55859375 0.590625 0.02265625 0.13203125
18 0.59296875 0.26328125 0.02421875 0.10234375
3 0.61640625 0.81875 0.03203125 0.1640625