4 0.6 0.8859375 0.0375 0.10390625
12 0.64609375 0.10703125 0.06171875 0.2140625
2 0.33125 0.8796875 0.075 0.13203125
18 0.7578125 0.496875 0.05625 0.12890625
2 0.40078125 0.846875 0.0640625 0.1328125
18 0.6390625 0.540625 0.0640625 0.1390625
10 0.4421875 0.39921875 0.06640625 0.18984375
8 0.61171875 0.365625 0.0453125 0.15390625
16 0.80625 0.6234375 0.0265625 0.0859375
10 0.8296875 0.1109375 0.025 0.14921875
10 0.56171875 0.37109375 0.05703125 0.17421875
11 0.090625 0.140625 0.13828125 0.28125
3 0.4796875 0.9546875 0.04765625 0.08984375
17 0.3515625 0.68203125 0.071875 0.125
10 0.503125 0.384375 0.05859375 0.18203125
17 0.2796875 0.71328125 0.07890625 0.13203125
10 0.2125 0.4546875 0.09765625 0.225
18 0.46875 0.61953125 0.05859375 0.128125
3 0.56171875 0.909375 0.03828125 0.103125
18 0.7015625 0.5171875 0.0546875 0.13203125
11 0.209375 0.134375 0.1015625 0.26796875
8 0.846875 0.29765625 0.03203125 0.1421875
8 0.775 0.3140625 0.034375 0.15390625
10 0.30234375 0.43671875 0.08125 0.21015625
12 0.69375 0.10390625 0.034375 0.20703125
10 0.375 0.4171875 0.0734375 0.19921875
10 0.85703125 0.109375 0.0265625 0.14609375
8 0.696875 0.34609375 0.0359375 0.14609375
16 0.85546875 0.5921875 0.02109375 0.078125
0 0.4609375 0.8125 0.05859375 0.13515625
16 0.775 0.6375 0.0359375 0.08828125
8 0.65703125 0.35546875 0.04375 0.15
8 0.7359375 0.32578125 0.03984375 0.16015625
10 0.79609375 0.11328125 0.04140625 0.1546875
17 0.85703125 0.4546875 0.04140625 0.1203125
16 0.8328125 0.6078125 0.02421875 0.08515625
10 0.884375 0.1078125 0.025 0.14296875
18 0.525 0.59921875 0.05234375 0.12578125
3 0.5234375 0.93515625 0.0375 0.10078125
16 0.87890625 0.5796875 0.02265625 0.078125
12 0.5296875 0.1140625 0.0703125 0.228125
18 0.5765625 0.565625 0.05703125 0.1453125
4 0.63203125 0.8640625 0.0296875 0.0953125
17 0.8984375 0.43828125 0.03828125 0.115625
12 0.45859375 0.11796875 0.06953125 0.2359375
10 0.75390625 0.11640625 0.03828125 0.16015625
8 0.81171875 0.3046875 0.0359375 0.14765625
0 0.51640625 0.7828125 0.05234375 0.1296875
17 0.81171875 0.471875 0.0453125 0.12109375
16 0.90703125 0.57265625 0.03203125 0.078125
12 0.58828125 0.11015625 0.05078125 0.2203125
11 0.3859375 0.12265625 0.075 0.2453125
5 0.4296875 0.9703125 0.04921875 0.059375
2 0.71171875 0.67421875 0.03359375 0.10703125
10 0.91484375 0.10546875 0.03359375 0.1421875
1 0.61328125 0.728125 0.04375 0.12578125
2 0.7421875 0.6578125 0.0265625 0.1078125
11 0.3046875 0.1296875 0.090625 0.259375
1 0.6546875 0.71015625 0.0359375 0.1109375
10 0.72265625 0.1203125 0.02421875 0.1640625
4 0.6625 0.83828125 0.03359375 0.08671875
1 0.56640625 0.7546875 0.046875 0.12734375
5 0.38125 0.98515625 0.046875 0.0296875
1 0.68359375 0.69453125 0.02109375 0.10625