10 0.54765625 0.45390625 0.04765625 0.1328125
5 0.59453125 0.4640625 0.0453125 0.1484375
5 0.69921875 0.48203125 0.05 0.1640625
10 0.45234375 0.284375 0.03125 0.12265625
18 0.3875 0.56015625 0.03125 0.1015625
5 0.64609375 0.4734375 0.0546875 0.15625
17 0.32421875 0.4125 0.06171875 0.10859375
4 0.771875 0.278125 0.0546875 0.196875
8 0.41796875 0.2828125 0.034375 0.11953125
4 0.6078125 0.275 0.05078125 0.178125
10 0.48515625 0.2859375 0.03359375 0.1265625
10 0.4984375 0.44765625 0.0453125 0.13046875
4 0.71796875 0.2765625 0.0546875 0.19296875
4 0.5609375 0.2765625 0.040625 0.1640625
5 0.75 0.48984375 0.053125 0.17109375
0 0.71796875 0.66875 0.059375 0.12578125
10 0.52109375 0.28671875 0.034375 0.1328125
0 0.66328125 0.64765625 0.0484375 0.1328125
0 0.55703125 0.79609375 0.04375 0.11953125
8 0.4203125 0.57109375 0.03125 0.1046875
0 0.60390625 0.81484375 0.04765625 0.12734375
0 0.61484375 0.6359375 0.0453125 0.12578125
8 0.3828125 0.28203125 0.03203125 0.11796875
0 0.56953125 0.61796875 0.04140625 0.12578125
0 0.653125 0.8375 0.04609375 0.1265625
10 0.471875 0.75078125 0.0390625 0.11796875
17 0.38203125 0.425 0.04375 0.115625
8 0.45625 0.5796875 0.03671875 0.115625
4 0.66171875 0.27578125 0.0546875 0.18515625
10 0.51328125 0.77109375 0.0390625 0.1234375
10 0.4921875 0.5921875 0.03125 0.1140625
18 0.353125 0.5484375 0.03203125 0.10234375
10 0.528125 0.6046875 0.03671875 0.11875