11 0.43828125 0.58984375 0.05703125 0.14296875
18 0.59609375 0.4203125 0.034375 0.103125
12 0.37890625 0.60234375 0.053125 0.14921875
10 0.18125 0.434375 0.08671875 0.16171875
10 0.278125 0.06328125 0.05 0.1265625
10 0.26328125 0.4328125 0.0671875 0.14921875
10 0.225 0.05625 0.05234375 0.1125
10 0.26953125 0.2421875 0.06953125 0.16875
10 0.19609375 0.234375 0.065625 0.17421875
18 0.6296875 0.41875 0.02890625 0.09921875
11 0.58828125 0.55 0.04296875 0.11015625
11 0.48515625 0.57890625 0.03125 0.134375
8 0.325 0.07109375 0.040625 0.1390625
10 0.33984375 0.25625 0.06171875 0.14765625
10 0.1671875 0.05 0.0578125 0.1
8 0.60078125 0.29609375 0.03046875 0.1015625
8 0.36875 0.075 0.04296875 0.14609375
8 0.5703125 0.290625 0.028125 0.10859375
8 0.36640625 0.43046875 0.05234375 0.134375
12 0.31640625 0.615625 0.06484375 0.159375
5 0.44453125 0.7671875 0.03203125 0.14375
11 0.52578125 0.56953125 0.04375 0.13046875
5 0.40703125 0.78203125 0.03828125 0.15078125
8 0.50625 0.28046875 0.0359375 0.1203125
5 0.36484375 0.79765625 0.04375 0.1578125
8 0.54140625 0.2859375 0.03046875 0.11484375
8 0.40625 0.08046875 0.03125 0.146875
8 0.471875 0.278125 0.03046875 0.1234375
11 0.54765625 0.56484375 0.03046875 0.1296875
8 0.628125 0.3015625 0.021875 0.09453125
10 0.43515625 0.2703125 0.0390625 0.1328125
8 0.41640625 0.428125 0.04296875 0.125
17 0.73515625 0.41171875 0.02421875 0.08046875
8 0.31796875 0.43125 0.03828125 0.140625
12 0.25 0.63046875 0.0546875 0.16875
10 0.39296875 0.2625 0.0390625 0.140625
18 0.65703125 0.41640625 0.021875 0.0953125
17 0.70859375 0.4125 0.02578125 0.084375
3 0.6109375 0.696875 0.0234375 0.12421875
2 0.65546875 0.30546875 0.02578125 0.09140625
11 0.63046875 0.5453125 0.03203125 0.1109375
5 0.478125 0.7546875 0.03125 0.1390625
18 0.559375 0.4203125 0.03359375 0.10859375