18 0.65703125 0.57890625 0.065625 0.146875
0 0.39375 0.36015625 0.04296875 0.11171875
2 0.2578125 0.35859375 0.0234375 0.10078125
0 0.5328125 0.36015625 0.04609375 0.1265625
0 0.3515625 0.359375 0.034375 0.11015625
0 0.5828125 0.36171875 0.05 0.128125
0 0.4859375 0.3609375 0.04296875 0.11953125
0 0.76953125 0.3625 0.071875 0.1390625
3 0.52734375 0.73984375 0.040625 0.153125
0 0.6359375 0.36171875 0.05078125 0.13359375
3 0.41015625 0.703125 0.04375 0.1390625
0 0.440625 0.3609375 0.0453125 0.115625
16 0.40859375 0.9375 0.0546875 0.125
1 0.31796875 0.35859375 0.03046875 0.10703125
0 0.69765625 0.36171875 0.065625 0.13828125
3 0.45 0.71796875 0.03359375 0.14375
3 0.48671875 0.728125 0.03828125 0.146875
1 0.28515625 0.359375 0.03125 0.10390625
8 0.49609375 0.20390625 0.04296875 0.1296875
5 0.32265625 0.678125 0.03359375 0.1296875
23 0.6140625 0.77109375 0.0484375 0.1609375
8 0.56640625 0.19375 0.03359375 0.13515625
16 0.31796875 0.85859375 0.040625 0.1203125
5 0.69921875 0.98671875 0.05703125 0.02578125
17 0.390625 0.54375 0.0484375 0.096875
23 0.56875 0.75546875 0.04140625 0.159375
8 0.45625 0.209375 0.034375 0.12578125
2 0.23828125 0.35859375 0.01484375 0.09921875