18 0.7359375 0.41953125 0.0625 0.11953125
18 0.51640625 0.60859375 0.05078125 0.1046875
0 0.27890625 0.1984375 0.05703125 0.13828125
17 0.5578125 0.41796875 0.05078125 0.11875
2 0.5703125 0.2265625 0.04765625 0.11796875
18 0.61328125 0.41875 0.0546875 0.1171875
2 0.40390625 0.2078125 0.05234375 0.13984375
18 0.4609375 0.60625 0.05234375 0.10234375
18 0.67265625 0.41953125 0.05703125 0.1171875
17 0.43046875 0.41640625 0.065625 0.11796875
16 0.26484375 0.571875 0.0453125 0.13046875
17 0.49921875 0.41640625 0.06171875 0.121875
16 0.2171875 0.57890625 0.04609375 0.13828125
1 0.6609375 0.23203125 0.040625 0.1125
10 0.5171875 0.21640625 0.05234375 0.13515625
17 0.5703125 0.60703125 0.04765625 0.1015625
2 0.34453125 0.203125 0.06171875 0.1390625
16 0.30703125 0.5734375 0.03359375 0.12421875
8 0.70546875 0.23515625 0.04609375 0.1140625
1 0.21640625 0.19296875 0.06015625 0.14296875
8 0.46015625 0.2125 0.05546875 0.1375
2 0.6171875 0.23125 0.04296875 0.1125
17 0.609375 0.6046875 0.03046875 0.0984375