22 0.271875 0.49140625 0.08125 0.165625
24 0.4453125 0.48515625 0.04609375 0.13828125
16 0.33203125 0.703125 0.0546875 0.17890625
10 0.3578125 0.275 0.0390625 0.15703125
10 0.21875 0.25703125 0.0796875 0.16328125
3 0.41953125 0.675 0.0390625 0.1703125
8 0.3 0.26484375 0.071875 0.1625
22 0.18828125 0.49921875 0.07890625 0.16953125
8 0.4265625 0.30078125 0.0359375 0.11796875
24 0.5625 0.4890625 0.04296875 0.0953125
24 0.34453125 0.4890625 0.0625 0.15546875
24 0.39921875 0.4859375 0.05078125 0.1453125
8 0.54609375 0.321875 0.034375 0.103125
10 0.39296875 0.290625 0.02890625 0.13203125
8 0.46953125 0.31015625 0.04140625 0.11171875
23 0.65234375 0.46875 0.03125 0.1125
0 0.58046875 0.32890625 0.03046875 0.096875
8 0.509375 0.31484375 0.03203125 0.11015625
24 0.51953125 0.48984375 0.04375 0.10703125
16 0.221875 0.73515625 0.06328125 0.1921875
14 0.63515625 0.6140625 0.03203125 0.12421875
16 0.3796875 0.68828125 0.03828125 0.17734375
0 0.61015625 0.334375 0.0265625 0.090625
23 0.621875 0.471875 0.028125 0.115625
14 0.6640625 0.60859375 0.0265625 0.121875
3 0.45859375 0.6671875 0.0359375 0.16328125
16 0.27890625 0.71875 0.05 0.178125
14 0.60234375 0.62578125 0.03125 0.1359375
4 0.5171875 0.6484375 0.0359375 0.1484375
24 0.48515625 0.48515625 0.0359375 0.12265625
14 0.7078125 0.59375 0.02890625 0.109375
18 0.67578125 0.3421875 0.02109375 0.0859375
14 0.68671875 0.5984375 0.01640625 0.11015625