16 0.43203125 0.79453125 0.0453125 0.11640625
3 0.43671875 0.59765625 0.03671875 0.115625
0 0.59140625 0.3046875 0.04140625 0.1109375
0 0.509375 0.30390625 0.03671875 0.1046875
16 0.6109375 0.87265625 0.0578125 0.134375
3 0.50078125 0.61484375 0.03203125 0.11796875
0 0.74375 0.30625 0.05703125 0.115625
8 0.52109375 0.16953125 0.03671875 0.11171875
0 0.6859375 0.30625 0.0546875 0.1140625
0 0.428125 0.30390625 0.03828125 0.1
0 0.390625 0.303125 0.03125 0.0984375
0 0.54921875 0.30390625 0.0390625 0.1078125
2 0.30625 0.30234375 0.021875 0.0890625
0 0.46953125 0.30390625 0.0390625 0.10234375
1 0.36015625 0.30390625 0.0265625 0.09375
3 0.53515625 0.6234375 0.034375 0.12421875
0 0.63515625 0.30546875 0.04140625 0.1140625
18 0.64765625 0.48671875 0.05703125 0.11953125
3 0.46953125 0.6078125 0.02890625 0.1171875
1 0.33046875 0.303125 0.028125 0.0921875
8 0.48671875 0.17265625 0.03046875 0.109375
23 0.60625 0.646875 0.040625 0.12734375
16 0.3515625 0.73515625 0.034375 0.1015625
8 0.58125 0.16328125 0.02890625 0.11484375
5 0.35859375 0.58046875 0.03046875 0.109375
2 0.284375 0.303125 0.02109375 0.0875
23 0.5703125 0.6359375 0.03359375 0.12734375
17 0.42109375 0.46328125 0.040625 0.08359375
23 0.6890625 0.8953125 0.071875 0.178125
8 0.55234375 0.165625 0.02578125 0.1140625
18 0.5921875 0.48046875 0.04609375 0.115625
17 0.3859375 0.45859375 0.028125 0.08046875