21 0.38828125 0.4234375 0.08359375 0.1703125
11 0.221875 0.41640625 0.08828125 0.22109375
2 0.43828125 0.20546875 0.0453125 0.16328125
2 0.390625 0.20078125 0.0453125 0.16640625
18 0.56015625 0.41953125 0.04296875 0.14296875
18 0.7 0.41953125 0.0453125 0.1109375
0 0.52734375 0.215625 0.05078125 0.16171875
11 0.1328125 0.4203125 0.08671875 0.240625
12 0.30546875 0.415625 0.07421875 0.2015625
10 0.58125 0.221875 0.053125 0.15625
17 0.51015625 0.4203125 0.05234375 0.15
17 0.60859375 0.41953125 0.05 0.1296875
24 0.71875 0.58671875 0.02890625 0.1328125
24 0.2 0.15625 0.084375 0.2109375
8 0.74140625 0.2609375 0.021875 0.10703125
24 0.0859375 0.1265625 0.11328125 0.2359375
13 0.04453125 0.43125 0.08828125 0.2484375
0 0.48125 0.209375 0.0390625 0.1640625
24 0.6703125 0.59921875 0.03359375 0.15
17 0.45859375 0.42265625 0.04375 0.14921875
8 0.7625 0.26328125 0.021875 0.1015625
8 0.63046875 0.23125 0.03359375 0.1484375
10 0.66328125 0.24140625 0.03046875 0.13515625
0 0.33515625 0.18671875 0.06171875 0.18203125
24 0.78125 0.41875 0.02109375 0.090625
24 0.6953125 0.59140625 0.01875 0.140625
24 0.584375 0.62109375 0.0359375 0.17109375
24 0.6421875 0.6046875 0.0234375 0.1546875
24 0.61484375 0.6125 0.03046875 0.165625
10 0.71796875 0.2578125 0.0234375 0.109375
24 0.80703125 0.41796875 0.0265625 0.08359375
24 0.27109375 0.175 0.0578125 0.1875
8 0.69296875 0.24765625 0.02890625 0.128125
18 0.65546875 0.42109375 0.0390625 0.11796875
24 0.7578125 0.41875 0.02421875 0.0984375
24 0.74296875 0.58046875 0.02109375 0.13125
24 0.775 0.5703125 0.03828125 0.125
18 0.73359375 0.41953125 0.02109375 0.10625
24 0.546875 0.628125 0.03828125 0.178125
13 0.909375 0.53203125 0.03671875 0.1015625