19 0.7421875 0.32421875 0.034375 0.09453125
8 0.30078125 0.1578125 0.05234375 0.1375
4 0.47890625 0.72890625 0.028125 0.09296875
18 0.68046875 0.32890625 0.02890625 0.09296875
5 0.5625 0.7015625 0.021875 0.08671875
5 0.53671875 0.71015625 0.0265625 0.0890625
8 0.24921875 0.153125 0.04765625 0.14140625
4 0.41640625 0.74921875 0.02890625 0.09453125
10 0.5390625 0.18828125 0.03359375 0.10234375
18 0.61484375 0.33359375 0.034375 0.0953125
17 0.35546875 0.35859375 0.04296875 0.0875
18 0.6484375 0.33125 0.03125 0.09375
12 0.4640625 0.61171875 0.03359375 0.10625
10 0.5046875 0.18515625 0.03203125 0.1046875
4 0.44765625 0.73984375 0.03125 0.09453125
3 0.65703125 0.66953125 0.02109375 0.07890625
17 0.31171875 0.3546875 0.04140625 0.09921875
17 0.3984375 0.35625 0.0390625 0.084375
13 0.1953125 0.67890625 0.0625 0.12578125
17 0.56953125 0.46328125 0.03359375 0.09609375
8 0.3578125 0.1609375 0.05703125 0.1359375
17 0.4375 0.35390625 0.034375 0.0828125
17 0.7015625 0.44453125 0.028125 0.0859375
10 0.41484375 0.165625 0.05234375 0.13359375
5 0.6109375 0.6859375 0.02109375 0.08359375
10 0.13515625 0.14140625 0.06328125 0.1546875
10 0.46484375 0.17109375 0.04375 0.13046875
10 0.19765625 0.146875 0.053125 0.14765625
17 0.2640625 0.35625 0.0484375 0.103125
16 0.71796875 0.54765625 0.01953125 0.084375
17 0.16171875 0.37578125 0.0484375 0.0765625
17 0.6046875 0.4578125 0.03203125 0.09375
17 0.53203125 0.46875 0.03671875 0.1
17 0.47421875 0.353125 0.034375 0.0796875
17 0.63828125 0.45390625 0.03125 0.090625
23 0.3484375 0.775 0.0359375 0.09296875
10 0.57421875 0.190625 0.03125 0.1
0 0.65703125 0.19765625 0.0265625 0.09375
23 0.2734375 0.8 0.03828125 0.1015625
17 0.67109375 0.44921875 0.03046875 0.08671875
5 0.5875 0.69296875 0.02578125 0.08515625
17 0.7328125 0.440625 0.03203125 0.08359375
23 0.31171875 0.78671875 0.0359375 0.0953125
17 0.490625 0.475 0.040625 0.10234375
3 0.634375 0.67734375 0.0234375 0.08046875
16 0.6953125 0.5515625 0.0234375 0.08671875
10 0.60390625 0.19296875 0.0265625 0.0984375
18 0.71015625 0.3265625 0.028125 0.0921875
11 0.496875 0.60234375 0.02890625 0.103125
5 0.50859375 0.7203125 0.0265625 0.090625
23 0.23046875 0.81171875 0.04375 0.1046875
17 0.44609375 0.48125 0.04296875 0.10390625
3 0.71796875 0.6484375 0.01953125 0.0765625
16 0.60625 0.57265625 0.0265625 0.0953125
13 0.2890625 0.65703125 0.04296875 0.12421875
17 0.21328125 0.3609375 0.0484375 0.1
23 0.38359375 0.7625 0.034375 0.09453125
13 0.246875 0.66640625 0.03671875 0.12265625
12 0.42890625 0.6203125 0.03359375 0.10703125
2 0.70703125 0.2015625 0.0234375 0.09296875
16 0.66875 0.55703125 0.02890625 0.0875
3 0.678125 0.66328125 0.01953125 0.08125
16 0.63359375 0.56796875 0.0265625 0.09375
2 0.75546875 0.2015625 0.02578125 0.0984375
21 0.51015625 0.346875 0.03359375 0.08515625
3 0.6984375 0.65390625 0.01953125 0.08046875
0 0.6828125 0.2 0.021875 0.09296875
19 0.57890625 0.3359375 0.03359375 0.09609375
13 0.32890625 0.64375 0.03203125 0.11953125
10 0.63046875 0.1953125 0.02421875 0.09609375
2 0.73125 0.20078125 0.021875 0.09921875
17 0.4 0.4875 0.0453125 0.10703125
11 0.5265625 0.5953125 0.028125 0.10078125
16 0.73828125 0.54453125 0.01953125 0.084375
13 0.3609375 0.63671875 0.03046875 0.1140625
21 0.54453125 0.34453125 0.03125 0.084375
17 0.29453125 0.50234375 0.053125 0.11640625
16 0.57890625 0.58046875 0.02578125 0.09921875
13 0.39375 0.628125 0.03359375 0.1109375
3 0.7390625 0.6453125 0.02109375 0.078125
17 0.34921875 0.4953125 0.05 0.109375
13 0.053125 0.7125 0.07421875 0.121875