10 0.3265625 0.4984375 0.04140625 0.125
10 0.26953125 0.3453125 0.03828125 0.134375
10 0.28203125 0.50625 0.04140625 0.12734375
8 0.4515625 0.33984375 0.02421875 0.1078125
10 0.340625 0.34296875 0.02890625 0.125
10 0.3078125 0.3453125 0.03359375 0.128125
10 0.371875 0.34140625 0.02890625 0.11875
8 0.55703125 0.45546875 0.021875 0.08515625
10 0.36484375 0.49140625 0.03203125 0.11953125
10 0.234375 0.51953125 0.05 0.14296875
8 0.4875 0.47109375 0.03125 0.09453125
10 0.4265625 0.340625 0.0234375 0.11015625
17 0.49609375 0.19609375 0.0265625 0.096875
8 0.50078125 0.34140625 0.02109375 0.09921875
8 0.5171875 0.4625 0.02421875 0.1
8 0.4765625 0.33984375 0.02421875 0.10390625
10 0.221875 0.346875 0.05234375 0.1453125
10 0.396875 0.484375 0.0265625 0.1140625
10 0.40078125 0.340625 0.0265625 0.11484375
8 0.57890625 0.4515625 0.01953125 0.0796875
8 0.5234375 0.3421875 0.02109375 0.0890625
17 0.54921875 0.20546875 0.0234375 0.090625
17 0.5234375 0.2015625 0.028125 0.0921875
10 0.17734375 0.53203125 0.06171875 0.16171875
10 0.428125 0.47890625 0.03046875 0.1078125
8 0.56171875 0.34140625 0.01953125 0.0828125
8 0.58125 0.3390625 0.0171875 0.084375
8 0.54375 0.34140625 0.01640625 0.084375
18 0.45703125 0.621875 0.04140625 0.1
10 0.4578125 0.47578125 0.02578125 0.1015625
17 0.46640625 0.1921875 0.03046875 0.1
18 0.49296875 0.60703125 0.0265625 0.09609375
8 0.5359375 0.459375 0.01484375 0.09296875
17 0.409375 0.6375 0.04609375 0.11640625
3 0.35859375 0.840625 0.03125 0.1359375
17 0.18828125 0.7234375 0.06953125 0.15078125
16 0.34921875 0.16875 0.04296875 0.115625
16 0.259375 0.15546875 0.06015625 0.1234375
8 0.59921875 0.45 0.01953125 0.07890625
17 0.25703125 0.70078125 0.06015625 0.1390625
8 0.6 0.3390625 0.0171875 0.08515625
16 0.309375 0.1625 0.0390625 0.11796875
17 0.31484375 0.6765625 0.0484375 0.1328125
18 0.52109375 0.596875 0.0265625 0.09296875