8 0.18984375 0.25234375 0.0671875 0.159375
7 0.48203125 0.43515625 0.03359375 0.1140625
8 0.496875 0.28203125 0.03046875 0.1078125
7 0.5171875 0.43203125 0.0359375 0.11015625
10 0.315625 0.26953125 0.04140625 0.1296875
8 0.3625 0.44453125 0.0484375 0.125
10 0.31171875 0.45 0.0484375 0.13125
8 0.4078125 0.44140625 0.03671875 0.1203125
10 0.465625 0.27890625 0.03046875 0.1125
10 0.25859375 0.453125 0.05078125 0.1359375
10 0.35859375 0.271875 0.03828125 0.12421875
8 0.61015625 0.2875 0.02421875 0.096875
10 0.3953125 0.27421875 0.03125 0.121875
10 0.19765625 0.45546875 0.06328125 0.14296875
10 0.43125 0.2765625 0.0359375 0.1171875
8 0.44609375 0.43828125 0.0359375 0.11640625
8 0.58359375 0.2859375 0.02578125 0.09921875
10 0.26875 0.2671875 0.04609375 0.13359375
8 0.63515625 0.2890625 0.02421875 0.09453125
8 0.52890625 0.28359375 0.02890625 0.10390625
8 0.55703125 0.284375 0.02421875 0.10234375
0 0.58359375 0.42734375 0.02890625 0.103125
0 0.55234375 0.42890625 0.03125 0.10625
17 0.79296875 0.29765625 0.028125 0.08359375
8 0.14140625 0.25078125 0.02578125 0.15703125
17 0.76171875 0.29765625 0.0265625 0.08125
2 0.675 0.290625 0.01953125 0.0921875
17 0.73515625 0.29609375 0.0234375 0.0828125
8 0.65625 0.28984375 0.01875 0.09375
17 0.81953125 0.29921875 0.02421875 0.0828125
8 0.11640625 0.25234375 0.02421875 0.15078125
2 0.69453125 0.2921875 0.01875 0.0890625
18 0.71328125 0.29375 0.01875 0.0875
17 0.7765625 0.29765625 0.01875 0.0828125