1 0.21953125 0.36484375 0.05078125 0.153125
17 0.48125 0.4890625 0.03125 0.0984375
3 0.27890625 0.67890625 0.03828125 0.11953125
18 0.36953125 0.51171875 0.040625 0.1125
3 0.24375 0.690625 0.03046875 0.12421875
0 0.26953125 0.3625 0.04765625 0.1421875
10 0.18828125 0.16640625 0.0546875 0.15
8 0.39609375 0.19375 0.03828125 0.1359375
17 0.51328125 0.4828125 0.02890625 0.09453125
18 0.32890625 0.52109375 0.0359375 0.1203125
18 0.44765625 0.4953125 0.03359375 0.103125
3 0.2 0.70390625 0.053125 0.13125
16 0.50234375 0.59921875 0.02578125 0.09453125
18 0.409375 0.50234375 0.0359375 0.1078125
17 0.5421875 0.475 0.02578125 0.0921875
4 0.353125 0.6546875 0.02890625 0.11484375
16 0.46953125 0.6078125 0.03671875 0.09453125
2 0.4015625 0.359375 0.04140625 0.12265625
10 0.23984375 0.175 0.0453125 0.146875
16 0.4328125 0.62578125 0.021875 0.10390625
18 0.521875 0.365625 0.021875 0.084375
18 0.54375 0.36484375 0.01875 0.08125
4 0.31796875 0.665625 0.03671875 0.11796875
4 0.3828125 0.6453125 0.0265625 0.11015625
0 0.315625 0.36171875 0.04140625 0.13515625
17 0.56796875 0.4703125 0.02421875 0.08828125
16 0.55703125 0.57890625 0.02578125 0.0875
8 0.434375 0.2 0.034375 0.13046875
0 0.35859375 0.36015625 0.040625 0.1296875
8 0.36015625 0.1921875 0.03046875 0.13203125
16 0.409375 0.634375 0.02421875 0.11171875
17 0.59140625 0.46640625 0.0234375 0.08515625
8 0.325 0.18828125 0.03671875 0.13359375
8 0.284375 0.18203125 0.040625 0.1390625
16 0.58203125 0.56953125 0.01953125 0.0890625
16 0.52578125 0.59140625 0.0171875 0.09140625
17 0.565625 0.3640625 0.021875 0.078125
17 0.5859375 0.3625 0.01953125 0.0765625
17 0.496875 0.36875 0.02578125 0.08515625
17 0.4703125 0.37265625 0.02421875 0.0859375
17 0.6078125 0.3625 0.02109375 0.0734375
16 0.59453125 0.5671875 0.0171875 0.0859375
16 0.621875 0.5515625 0.0265625 0.08046875
1 0.16171875 0.36484375 0.0578125 0.1609375
18 0.09375 0.5578125 0.06484375 0.1515625
21 0.22578125 0.540625 0.05703125 0.13125
2 0.43828125 0.35859375 0.02890625 0.11796875
21 0.1625 0.553125 0.06171875 0.140625