8 0.3390625 0.71328125 0.0453125 0.11484375
8 0.29375 0.1671875 0.0453125 0.15078125
8 0.18828125 0.153125 0.053125 0.16640625
10 0.22578125 0.59375 0.0484375 0.134375
17 0.53046875 0.20703125 0.04140625 0.1046875
8 0.24375 0.1609375 0.05234375 0.15703125
8 0.38046875 0.17890625 0.0390625 0.1390625
8 0.3109375 0.58671875 0.0390625 0.0984375
10 0.28984375 0.73203125 0.0484375 0.11796875
10 0.2359375 0.7484375 0.0546875 0.1234375
17 0.56796875 0.35703125 0.0359375 0.1125
8 0.35234375 0.57109375 0.0390625 0.11015625
8 0.33828125 0.1734375 0.04140625 0.1453125
8 0.39140625 0.5578125 0.03359375 0.11484375
8 0.25546875 0.3734375 0.04765625 0.13984375
8 0.38046875 0.69765625 0.0359375 0.11171875
17 0.60546875 0.3546875 0.03359375 0.1078125
8 0.30234375 0.371875 0.04296875 0.134375
10 0.27109375 0.59140625 0.0390625 0.11015625
8 0.38359375 0.36875 0.034375 0.125
8 0.34453125 0.36953125 0.0390625 0.1296875
18 0.54375 0.76640625 0.03359375 0.09296875
18 0.50859375 0.784375 0.03203125 0.09921875
17 0.5703125 0.2140625 0.03359375 0.09609375
1 0.425 0.5484375 0.03203125 0.11171875
8 0.20234375 0.37578125 0.053125 0.1453125
17 0.53125 0.3578125 0.0359375 0.1171875
8 0.37578125 0.8453125 0.0359375 0.11171875
17 0.603125 0.21796875 0.02890625 0.09296875
0 0.4125 0.82578125 0.0359375 0.1109375
2 0.41796875 0.68515625 0.034375 0.10703125
17 0.63984375 0.353125 0.03203125 0.1046875
2 0.45 0.675 0.028125 0.10234375
1 0.4578125 0.54140625 0.03046875 0.11015625
0 0.44921875 0.8078125 0.034375 0.1078125
4 0.73203125 0.34375 0.02421875 0.10625
5 0.65546875 0.48828125 0.02578125 0.10625
17 0.64375 0.21796875 0.03671875 0.09921875
18 0.57734375 0.75 0.02890625 0.08828125
2 0.47890625 0.66640625 0.0265625 0.09609375
3 0.675 0.59453125 0.02109375 0.08125
4 0.6703125 0.346875 0.0265625 0.1109375
4 0.6953125 0.34609375 0.01953125 0.11015625
3 0.6953125 0.590625 0.0171875 0.0796875
4 0.715625 0.3453125 0.01875 0.1078125
3 0.65703125 0.6 0.01484375 0.0828125
5 0.6765625 0.48515625 0.01953125 0.10390625
8 0.2421875 0.91015625 0.053125 0.12421875
3 0.66953125 0.70234375 0.01953125 0.0875
3 0.65078125 0.7125 0.0171875 0.08828125
8 0.33671875 0.88203125 0.03828125 0.0796875
3 0.6359375 0.60625 0.02578125 0.08515625
1 0.4890625 0.53671875 0.02890625 0.1046875
18 0.60625 0.73828125 0.02578125 0.08671875
3 0.68828125 0.69765625 0.01640625 0.084375