16 0.61484375 0.45390625 0.09296875 0.20625
4 0.19140625 0.46328125 0.1125 0.3328125
16 0.528125 0.459375 0.07734375 0.21875
16 0.903125 0.4046875 0.0484375 0.2140625
0 0.290625 0.4875 0.08359375 0.2390625
8 0.375 0.47734375 0.0796875 0.2328125
16 0.85703125 0.41015625 0.04375 0.22109375
5 0.06875 0.46953125 0.1296875 0.35859375
16 0.646875 0.95703125 0.065625 0.0859375
16 0.69609375 0.46328125 0.059375 0.1640625
16 0.57890625 0.971875 0.0390625 0.05625
16 0.9859375 0.3890625 0.028125 0.2140625
17 0.7421875 0.95234375 0.06484375 0.0953125
16 0.94921875 0.396875 0.04296875 0.2125
16 0.75546875 0.4578125 0.05703125 0.15859375