2 0.42890625 0.19296875 0.0453125 0.12265625
18 0.7140625 0.371875 0.053125 0.10078125
17 0.45390625 0.3765625 0.059375 0.10390625
18 0.49375 0.540625 0.04609375 0.08671875
2 0.60859375 0.2078125 0.03671875 0.1015625
2 0.5703125 0.20625 0.03828125 0.10234375
17 0.56484375 0.37421875 0.04296875 0.10234375
16 0.34375 0.52109375 0.03828125 0.10859375
2 0.3765625 0.18984375 0.05546875 0.12421875
8 0.47734375 0.19609375 0.0484375 0.11953125
10 0.5265625 0.1984375 0.04375 0.11640625
17 0.58828125 0.5375 0.040625 0.0859375
0 0.3203125 0.1859375 0.05 0.12421875
18 0.61171875 0.3734375 0.04609375 0.1015625
16 0.3296875 0.38828125 0.03828125 0.0859375
17 0.51484375 0.37421875 0.0546875 0.10625
1 0.64609375 0.209375 0.034375 0.1
18 0.54296875 0.540625 0.0453125 0.0859375
16 0.2859375 0.3875 0.04609375 0.08828125
18 0.66171875 0.37265625 0.04765625 0.10078125
16 0.3640625 0.390625 0.03046875 0.07890625
1 0.26796875 0.1828125 0.05078125 0.1265625
8 0.684375 0.21015625 0.0390625 0.1
16 0.39609375 0.39140625 0.034375 0.07734375
16 0.30546875 0.52265625 0.0359375 0.11640625
17 0.6171875 0.53671875 0.02109375 0.08046875