11 0.49453125 0.5515625 0.04765625 0.12578125
10 0.29765625 0.4125 0.06328125 0.13515625
11 0.56875 0.53671875 0.04375 0.115625
10 0.371875 0.0828125 0.03828125 0.1375
11 0.61484375 0.5234375 0.0390625 0.10078125
12 0.44609375 0.5609375 0.04296875 0.13203125
18 0.6234375 0.4046875 0.03046875 0.09375
10 0.33125 0.071875 0.0390625 0.1375
10 0.365625 0.25078125 0.053125 0.140625
10 0.3609375 0.4125 0.0546875 0.1265625
12 0.396875 0.5703125 0.05078125 0.13984375
10 0.3109375 0.24453125 0.05078125 0.146875
8 0.6265625 0.29609375 0.02421875 0.090625
10 0.28203125 0.06640625 0.05546875 0.1328125
10 0.4203125 0.26171875 0.04765625 0.12578125
8 0.43828125 0.4109375 0.04140625 0.11640625
18 0.65078125 0.4046875 0.02421875 0.08828125
8 0.603125 0.2921875 0.02109375 0.09375
11 0.53203125 0.54453125 0.02578125 0.1203125
8 0.409375 0.096875 0.03203125 0.13359375
5 0.46953125 0.721875 0.03203125 0.134375
8 0.4421875 0.1046875 0.034375 0.128125
5 0.49921875 0.71015625 0.0265625 0.13046875
8 0.65 0.3 0.01953125 0.08515625
17 0.5390625 0.14609375 0.034375 0.0890625
17 0.7390625 0.4 0.021875 0.075
5 0.43359375 0.734375 0.03671875 0.1390625
12 0.346875 0.58046875 0.04140625 0.15
5 0.52578125 0.70078125 0.0265625 0.125
8 0.5234375 0.27890625 0.02421875 0.10859375
17 0.503125 0.13671875 0.0359375 0.0875
8 0.5796875 0.28828125 0.0234375 0.09609375
8 0.471875 0.11171875 0.0265625 0.12578125
3 0.55234375 0.68984375 0.0234375 0.11953125
8 0.55234375 0.28359375 0.02890625 0.103125
11 0.65234375 0.51875 0.02890625 0.0984375
10 0.49453125 0.271875 0.03125 0.11796875
3 0.57421875 0.68125 0.01875 0.11875
8 0.47734375 0.409375 0.03203125 0.1109375
3 0.59453125 0.67109375 0.01953125 0.11640625
10 0.4609375 0.26640625 0.03046875 0.12421875