24 0.4921875 0.41484375 0.040625 0.1015625
10 0.13203125 0.1578125 0.08203125 0.1703125
3 0.3578125 0.6015625 0.03828125 0.16953125
10 0.27734375 0.18203125 0.04140625 0.16328125
8 0.34921875 0.20859375 0.03828125 0.1328125
8 0.39296875 0.21953125 0.0453125 0.12578125
8 0.47109375 0.2359375 0.03671875 0.115625
8 0.21640625 0.17109375 0.07734375 0.16640625
10 0.31484375 0.2 0.03046875 0.13984375
23 0.58046875 0.39921875 0.03046875 0.1140625
8 0.434375 0.228125 0.03359375 0.11875
24 0.37578125 0.40859375 0.04375 0.14140625
16 0.27109375 0.62890625 0.05703125 0.17890625
24 0.45078125 0.41171875 0.040625 0.1171875
22 0.19765625 0.409375 0.0859375 0.17890625
0 0.50625 0.246875 0.03046875 0.10390625
0 0.5359375 0.25625 0.0265625 0.09375
22 0.1125 0.41953125 0.0796875 0.178125
24 0.4140625 0.40859375 0.0359375 0.1328125
14 0.56796875 0.54375 0.03125 0.12265625
14 0.5359375 0.553125 0.03125 0.13203125
3 0.396875 0.59453125 0.03828125 0.16328125
24 0.3296875 0.40859375 0.05078125 0.153125
24 0.27421875 0.409375 0.0671875 0.1625
2 0.575 0.26171875 0.03359375 0.09609375
14 0.5953125 0.5375 0.02421875 0.1171875
23 0.55234375 0.4015625 0.0265625 0.115625
24 0.5234375 0.4125 0.028125 0.09921875
16 0.31796875 0.61328125 0.0390625 0.178125
4 0.45390625 0.5765625 0.03359375 0.146875
5 0.49375 0.5671875 0.04375 0.14140625
14 0.615625 0.52890625 0.0171875 0.1109375
11 0.54609375 0.696875 0.0265625 0.1046875
14 0.6375 0.525 0.0265625 0.10859375