0 0.70625 0.66953125 0.065625 0.1359375
5 0.58671875 0.43359375 0.05234375 0.1703125
10 0.43671875 0.7359375 0.040625 0.12421875
10 0.43828125 0.2203125 0.034375 0.14765625
17 0.3 0.3609375 0.06328125 0.121875
5 0.640625 0.45 0.0625 0.17421875
10 0.51484375 0.22578125 0.0390625 0.1578125
5 0.7 0.465625 0.05703125 0.1828125
4 0.7453125 0.221875 0.06796875 0.234375
5 0.75859375 0.478125 0.06171875 0.18984375
18 0.359375 0.525 0.03203125 0.11171875
10 0.48046875 0.4109375 0.05 0.14765625
10 0.475 0.2234375 0.0359375 0.1515625
8 0.40078125 0.21796875 0.03828125 0.14296875
4 0.559375 0.2140625 0.04765625 0.196875
4 0.61328125 0.21640625 0.059375 0.2109375
10 0.53359375 0.42109375 0.05078125 0.15390625
0 0.646875 0.64296875 0.05234375 0.14296875
0 0.54765625 0.603125 0.04375 0.1328125
0 0.5953125 0.62578125 0.0484375 0.1375
10 0.50546875 0.58359375 0.0390625 0.128125
15 0.9671875 0.25078125 0.065625 0.2421875
4 0.80859375 0.2234375 0.06328125 0.24140625
4 0.67734375 0.21875 0.065625 0.2234375
10 0.47890625 0.759375 0.04140625 0.1265625
15 0.88203125 0.240625 0.10546875 0.23125
8 0.39375 0.540625 0.03203125 0.11171875
10 0.46875 0.56953125 0.03125 0.12265625
8 0.35625 0.21328125 0.0484375 0.14296875
18 0.32421875 0.5125 0.03359375 0.11015625
8 0.43046875 0.55234375 0.0390625 0.12265625
0 0.5703125 0.8140625 0.05078125 0.134375