4 0.0921875 0.4359375 0.1203125 0.34921875
16 0.44375 0.446875 0.0796875 0.21953125
16 0.53203125 0.44140625 0.09140625 0.2109375
8 0.28671875 0.4578125 0.08359375 0.240625
0 0.1984375 0.465625 0.08828125 0.246875
16 0.7703125 0.40859375 0.04296875 0.2125
16 0.815625 0.40546875 0.04765625 0.2078125
16 0.6125 0.4546875 0.06171875 0.1625
5 0.015625 0.4265625 0.03125 0.4015625
16 0.67109375 0.45078125 0.05546875 0.15859375
17 0.53828125 0.95390625 0.06171875 0.0921875
16 0.990625 0.34609375 0.01875 0.07109375
16 0.859375 0.40234375 0.04140625 0.203125