18 0.52578125 0.4859375 0.03203125 0.10234375
17 0.590625 0.4734375 0.02890625 0.0953125
18 0.48984375 0.49140625 0.034375 0.10625
0 0.36640625 0.35 0.0453125 0.1421875
1 0.31953125 0.35078125 0.04609375 0.14921875
18 0.60625 0.35625 0.021875 0.08515625
0 0.45 0.34921875 0.03828125 0.1296875
3 0.325 0.67109375 0.0265625 0.11796875
18 0.4515625 0.49921875 0.03828125 0.1125
10 0.30234375 0.15625 0.04765625 0.15
3 0.3578125 0.66171875 0.0359375 0.11484375
18 0.41328125 0.5078125 0.03359375 0.11796875
4 0.42890625 0.640625 0.028125 0.10859375
17 0.61953125 0.46796875 0.02578125 0.09375
17 0.66875 0.45859375 0.021875 0.08515625
0 0.41015625 0.35 0.03828125 0.134375
4 0.45703125 0.63203125 0.02578125 0.10859375
16 0.50546875 0.6125 0.02109375 0.1
16 0.5390625 0.59921875 0.03828125 0.09375
17 0.6453125 0.4625 0.0234375 0.0890625
17 0.6484375 0.3546875 0.02109375 0.07890625
16 0.57421875 0.58984375 0.0265625 0.0921875
2 0.4921875 0.34921875 0.0390625 0.121875
10 0.3484375 0.1640625 0.0390625 0.1484375
17 0.559375 0.47890625 0.03046875 0.09921875
8 0.53203125 0.1890625 0.03203125 0.1296875
4 0.39609375 0.65078125 0.0359375 0.1140625
8 0.49609375 0.1828125 0.03671875 0.1359375
8 0.4296875 0.1765625 0.03359375 0.134375
8 0.46171875 0.18046875 0.02890625 0.1328125
17 0.6703125 0.35390625 0.01953125 0.07734375
18 0.62734375 0.35546875 0.01953125 0.08359375
16 0.628125 0.57109375 0.0265625 0.08828125
16 0.65703125 0.56015625 0.0265625 0.08828125
17 0.690625 0.35390625 0.02109375 0.07578125
17 0.58125 0.35859375 0.02578125 0.08671875
8 0.390625 0.171875 0.040625 0.13984375
16 0.4828125 0.621875 0.021875 0.10625
16 0.69375 0.5453125 0.03046875 0.0796875
1 0.26640625 0.35234375 0.05703125 0.15859375
3 0.284375 0.684375 0.05 0.12421875
2 0.525 0.3484375 0.028125 0.11796875
16 0.596875 0.58515625 0.01875 0.09140625
16 0.60859375 0.57890625 0.0140625 0.08828125
10 0.26640625 0.1546875 0.0265625 0.14375
17 0.55390625 0.36171875 0.02578125 0.08671875
17 0.69296875 0.45390625 0.02421875 0.08359375
18 0.009375 0.58125 0.0171875 0.1828125