10 0.36484375 0.51015625 0.04140625 0.125
10 0.30703125 0.3578125 0.0359375 0.13125
10 0.40859375 0.3546875 0.02890625 0.1171875
10 0.378125 0.35625 0.02890625 0.1234375
8 0.51640625 0.35234375 0.02421875 0.103125
8 0.490625 0.353125 0.02578125 0.1046875
10 0.3203125 0.51796875 0.040625 0.13046875
10 0.2734375 0.5296875 0.04765625 0.1421875
10 0.43828125 0.353125 0.028125 0.1125
10 0.40390625 0.50390625 0.03359375 0.11875
10 0.34453125 0.35703125 0.03359375 0.12578125
8 0.54140625 0.353125 0.021875 0.0953125
10 0.46796875 0.48984375 0.03046875 0.10703125
10 0.43671875 0.49765625 0.028125 0.1125
10 0.26015625 0.35859375 0.05234375 0.1390625
17 0.56328125 0.215625 0.028125 0.09296875
8 0.5578125 0.475 0.0234375 0.0984375
10 0.21796875 0.540625 0.0578125 0.15703125
8 0.528125 0.48203125 0.03125 0.0984375
17 0.53515625 0.21171875 0.028125 0.0953125
10 0.465625 0.353125 0.0234375 0.109375
8 0.62421875 0.3515625 0.0171875 0.084375
8 0.584375 0.35390625 0.0171875 0.08515625
8 0.60390625 0.353125 0.02109375 0.084375
8 0.6 0.46796875 0.0234375 0.08515625
8 0.56484375 0.353125 0.02109375 0.090625
10 0.49765625 0.48671875 0.02578125 0.1
8 0.6234375 0.46640625 0.01953125 0.07890625
17 0.590625 0.21953125 0.02421875 0.08828125
8 0.57890625 0.47109375 0.0171875 0.090625
16 0.29765625 0.17265625 0.06015625 0.11796875
16 0.3484375 0.1796875 0.04296875 0.115625
16 0.3890625 0.18515625 0.04140625 0.11171875
8 0.64765625 0.35078125 0.02578125 0.084375
16 0.43515625 0.19765625 0.04765625 0.10078125
17 0.50546875 0.20625 0.03046875 0.0984375
16 0.47421875 0.20234375 0.03125 0.09921875