8 0.3703125 0.39609375 0.0484375 0.12734375
7 0.48984375 0.38515625 0.03359375 0.115625
8 0.50390625 0.2265625 0.03046875 0.1140625
10 0.471875 0.22578125 0.03125 0.11640625
10 0.20625 0.4078125 0.059375 0.1421875
8 0.64453125 0.23359375 0.02421875 0.0984375
10 0.3203125 0.4015625 0.04765625 0.13203125
8 0.45390625 0.3890625 0.034375 0.1171875
10 0.31875 0.21640625 0.04296875 0.1359375
8 0.1921875 0.2015625 0.06484375 0.16484375
10 0.2671875 0.4046875 0.05078125 0.13828125
7 0.52578125 0.38203125 0.0359375 0.11171875
10 0.3625 0.21875 0.0390625 0.13125
8 0.53671875 0.228125 0.03046875 0.11015625
2 0.6859375 0.23515625 0.021875 0.0953125
10 0.40078125 0.2203125 0.03203125 0.1265625
10 0.2734375 0.21328125 0.04296875 0.13984375
8 0.59140625 0.23125 0.0265625 0.103125
8 0.41640625 0.3921875 0.03828125 0.12265625
10 0.43671875 0.2234375 0.034375 0.12265625
8 0.61875 0.23203125 0.02578125 0.10078125
8 0.56484375 0.2296875 0.02421875 0.10625
0 0.56015625 0.378125 0.03125 0.1078125
17 0.80703125 0.24140625 0.028125 0.0859375
17 0.771875 0.24140625 0.028125 0.084375
0 0.5921875 0.3765625 0.03046875 0.10234375
8 0.14453125 0.2 0.0265625 0.16171875
8 0.665625 0.23515625 0.01875 0.09609375
0 0.70546875 0.2359375 0.01875 0.09296875
18 0.746875 0.23984375 0.021875 0.0875
18 0.725 0.2375 0.01953125 0.0890625
17 0.70625 0.36328125 0.021875 0.0875
17 0.8328125 0.24140625 0.0234375 0.0875
17 0.72890625 0.3625 0.02109375 0.084375
8 0.1171875 0.20234375 0.02578125 0.1515625
24 0.74765625 0.36015625 0.01640625 0.08125