8 0.35234375 0.20625 0.040625 0.13828125
8 0.309375 0.1984375 0.04375 0.146875
17 0.571875 0.38515625 0.03359375 0.109375
8 0.309375 0.396875 0.040625 0.13125
8 0.33125 0.734375 0.0453125 0.11640625
17 0.53984375 0.2390625 0.04140625 0.103125
8 0.3890625 0.58046875 0.03359375 0.11484375
8 0.2609375 0.19296875 0.05 0.1515625
10 0.2234375 0.6140625 0.04609375 0.13359375
8 0.3921875 0.21171875 0.03671875 0.13515625
8 0.20859375 0.1859375 0.05078125 0.15859375
8 0.35078125 0.39609375 0.03828125 0.1265625
17 0.53515625 0.3859375 0.034375 0.11484375
8 0.26328125 0.39921875 0.04609375 0.1359375
10 0.28203125 0.75078125 0.04765625 0.121875
17 0.61015625 0.25078125 0.02890625 0.09140625
2 0.4109375 0.70859375 0.03359375 0.10625
8 0.21171875 0.4 0.053125 0.14140625
10 0.26875 0.60703125 0.0390625 0.1234375
8 0.38984375 0.3953125 0.034375 0.12265625
8 0.37421875 0.7203125 0.0359375 0.1109375
17 0.6078125 0.38359375 0.03359375 0.1046875
8 0.309375 0.60078125 0.03828125 0.11015625
10 0.22734375 0.7671875 0.0546875 0.12421875
8 0.35078125 0.58984375 0.0390625 0.1171875
17 0.578125 0.2453125 0.03203125 0.09609375
2 0.44296875 0.69921875 0.0265625 0.103125
18 0.49765625 0.80859375 0.03359375 0.09921875
8 0.36328125 0.8671875 0.0359375 0.11171875
18 0.53359375 0.79140625 0.03359375 0.09375
1 0.4234375 0.57265625 0.03125 0.1109375
0 0.40078125 0.85 0.034375 0.11171875
0 0.4375 0.83359375 0.034375 0.10625
17 0.64140625 0.38125 0.03125 0.10625
1 0.45546875 0.56640625 0.03046875 0.10703125
2 0.471875 0.6921875 0.0265625 0.09453125
4 0.67265625 0.378125 0.0265625 0.10859375
17 0.6484375 0.2484375 0.0359375 0.09921875
4 0.696875 0.3765625 0.02109375 0.10625
4 0.721875 0.37578125 0.028125 0.10234375
18 0.5671875 0.77734375 0.02890625 0.090625