18 0.59921875 0.3609375 0.028125 0.0890625
4 0.4140625 0.76171875 0.02421875 0.09140625
13 0.23046875 0.69296875 0.0578125 0.12578125
4 0.4421875 0.7515625 0.028125 0.09140625
4 0.46953125 0.740625 0.02421875 0.09140625
8 0.31328125 0.17890625 0.04140625 0.13515625
18 0.62578125 0.36015625 0.02421875 0.0859375
8 0.403125 0.190625 0.0453125 0.13046875
10 0.21796875 0.16640625 0.053125 0.14140625
10 0.26953125 0.17109375 0.04296875 0.1421875
17 0.68515625 0.4625 0.02578125 0.0765625
10 0.45 0.19765625 0.04296875 0.1265625
5 0.53828125 0.71328125 0.01875 0.0828125
8 0.3578125 0.1859375 0.04140625 0.13046875
17 0.3890625 0.37890625 0.0359375 0.08359375
10 0.52109375 0.2203125 0.02578125 0.096875
19 0.6984375 0.35625 0.028125 0.08515625
17 0.61015625 0.47421875 0.02421875 0.08359375
17 0.425 0.37734375 0.03359375 0.0796875
23 0.321875 0.80234375 0.03125 0.09453125
3 0.65078125 0.66640625 0.01640625 0.071875
10 0.48984375 0.2046875 0.03359375 0.1203125
0 0.64140625 0.2375 0.02109375 0.0859375
2 0.71484375 0.24453125 0.01953125 0.08828125
16 0.6515625 0.56640625 0.01953125 0.07890625
17 0.63671875 0.46953125 0.02578125 0.08359375
17 0.6609375 0.465625 0.021875 0.0796875
17 0.52578125 0.4875 0.03046875 0.0921875
17 0.4875 0.37578125 0.028125 0.075
3 0.6171875 0.678125 0.0171875 0.07734375
10 0.57734375 0.228125 0.0265625 0.09296875
17 0.4578125 0.37734375 0.02890625 0.07734375
17 0.584375 0.47734375 0.02578125 0.08671875
17 0.2265625 0.39140625 0.04140625 0.07578125
12 0.43359375 0.63359375 0.02890625 0.10234375
17 0.26875 0.38828125 0.040625 0.07890625
23 0.35390625 0.78984375 0.03125 0.0921875
5 0.578125 0.6953125 0.01875 0.07890625
18 0.65078125 0.359375 0.021875 0.084375
17 0.35234375 0.37421875 0.03359375 0.0953125
16 0.684375 0.559375 0.01484375 0.078125
17 0.4921875 0.49296875 0.034375 0.09453125
5 0.5171875 0.71953125 0.021875 0.0859375
3 0.634375 0.671875 0.01640625 0.07265625
13 0.31328125 0.66953125 0.0390625 0.12265625
10 0.54765625 0.22421875 0.0265625 0.09609375
17 0.3125 0.37421875 0.04296875 0.10078125
17 0.55703125 0.4828125 0.028125 0.08828125
16 0.60234375 0.58125 0.01953125 0.08671875
12 0.46328125 0.6265625 0.0265625 0.09921875
23 0.38515625 0.775 0.03046875 0.0921875
23 0.28828125 0.8140625 0.03359375 0.1015625
16 0.62578125 0.57265625 0.02421875 0.0796875
5 0.55859375 0.70390625 0.01953125 0.08125
17 0.45546875 0.49765625 0.034375 0.0984375
10 0.62109375 0.23515625 0.01875 0.0875
5 0.49453125 0.73046875 0.021875 0.0859375
10 0.6015625 0.23125 0.01953125 0.09140625
11 0.48984375 0.61796875 0.0234375 0.096875
13 0.27578125 0.68203125 0.03203125 0.11875
16 0.5796875 0.5875 0.021875 0.090625
2 0.67734375 0.2421875 0.01640625 0.084375
2 0.69609375 0.24375 0.0171875 0.08671875
0 0.66171875 0.240625 0.0171875 0.08515625
21 0.5453125 0.36875 0.02421875 0.08046875
13 0.34765625 0.65859375 0.028125 0.115625
3 0.59765625 0.68515625 0.01953125 0.0796875
18 0.67265625 0.35859375 0.02109375 0.0828125
23 0.24921875 0.83046875 0.040625 0.1078125
17 0.41640625 0.5046875 0.0390625 0.103125
11 0.51484375 0.609375 0.02421875 0.09453125
16 0.675 0.559375 0.0171875 0.07734375
21 0.5171875 0.3703125 0.02890625 0.0796875
18 0.57109375 0.3625 0.02578125 0.08828125
16 0.55625 0.59609375 0.021875 0.09375
17 0.3734375 0.51015625 0.04296875 0.10703125
16 0.63671875 0.56953125 0.0140625 0.07890625
17 0.3265625 0.5171875 0.0453125 0.1125
3 0.68203125 0.6546875 0.01484375 0.065625
16 0.5390625 0.59921875 0.02109375 0.0953125