0 0.51015625 0.18203125 0.05078125 0.1625
21 0.3828125 0.39375 0.08125 0.16953125
2 0.37578125 0.16484375 0.0453125 0.16875
18 0.5484375 0.3875 0.04140625 0.13984375
12 0.3015625 0.3859375 0.07265625 0.2015625
13 0.0453125 0.40390625 0.0890625 0.25234375
11 0.21875 0.3875 0.08671875 0.21796875
17 0.5 0.3890625 0.05234375 0.1484375
8 0.71640625 0.228125 0.021875 0.10703125
2 0.42265625 0.1734375 0.04765625 0.1609375
17 0.53984375 0.490625 0.0484375 0.128125
11 0.13203125 0.3921875 0.0859375 0.23984375
24 0.7828125 0.38359375 0.02421875 0.0828125
18 0.68203125 0.38515625 0.04296875 0.1109375
17 0.45078125 0.39140625 0.04296875 0.14921875
24 0.18359375 0.11875 0.090625 0.21640625
24 0.759375 0.38515625 0.02109375 0.08671875
10 0.56484375 0.1890625 0.0546875 0.15859375
24 0.6328125 0.56796875 0.02109375 0.14921875
8 0.61171875 0.1984375 0.03359375 0.1484375
24 0.68203125 0.553125 0.0171875 0.13828125
24 0.65703125 0.5609375 0.03125 0.1453125
8 0.7375 0.2296875 0.02109375 0.10390625
24 0.60859375 0.57578125 0.02890625 0.16171875
8 0.66953125 0.21484375 0.028125 0.128125
24 0.57734375 0.58359375 0.03359375 0.1671875
24 0.703125 0.5484375 0.02578125 0.1328125
0 0.3203125 0.1515625 0.0625 0.184375
10 0.64140625 0.20859375 0.02890625 0.1375
24 0.0640625 0.10546875 0.1203125 0.21015625
24 0.7375 0.3875 0.02109375 0.090625
24 0.5421875 0.59375 0.0359375 0.17421875
0 0.4640625 0.17578125 0.03828125 0.1640625
8 0.6953125 0.2234375 0.021875 0.11484375
24 0.2578125 0.13984375 0.0578125 0.190625
24 0.7265625 0.5421875 0.02109375 0.128125
18 0.6390625 0.3859375 0.03671875 0.11875
4 0.75703125 0.53046875 0.034375 0.121875