8 0.39609375 0.34140625 0.04765625 0.23671875
1 0.74296875 0.5796875 0.05703125 0.25078125
8 0.77265625 0.20078125 0.06484375 0.2796875
1 0.63359375 0.60234375 0.05234375 0.22734375
2 0.5375 0.61796875 0.04609375 0.21953125
2 0.44375 0.63359375 0.046875 0.20546875
0 0.80234375 0.56640625 0.0625 0.2625
0 0.86796875 0.55625 0.065625 0.2703125
2 0.49140625 0.6296875 0.04609375 0.20625
10 0.59609375 0.27265625 0.053125 0.24609375
8 0.709375 0.228125 0.06171875 0.265625
2 0.35078125 0.646875 0.04140625 0.2
17 0.8203125 0.88984375 0.06484375 0.178125
10 0.30703125 0.37421875 0.04296875 0.22578125
2 0.3953125 0.63515625 0.046875 0.2140625
17 0.753125 0.909375 0.0625 0.18125
10 0.49765625 0.3125 0.046875 0.2328125
2 0.584375 0.6078125 0.04921875 0.22734375
8 0.84296875 0.17421875 0.0734375 0.2875
0 0.9390625 0.54140625 0.0765625 0.28203125
1 0.22890625 0.665625 0.0390625 0.19375
10 0.26640625 0.3921875 0.04140625 0.215625
8 0.44765625 0.32265625 0.05390625 0.24296875
10 0.54609375 0.29609375 0.05078125 0.23671875
1 0.6875 0.59296875 0.053125 0.234375
8 0.34921875 0.36015625 0.04375 0.2296875
8 0.22421875 0.40390625 0.0453125 0.21328125
10 0.13984375 0.4296875 0.05 0.21328125
0 0.309375 0.65625 0.03984375 0.19453125
10 0.1828125 0.4171875 0.0390625 0.215625
8 0.65078125 0.2515625 0.05625 0.25234375
0 0.26875 0.65859375 0.03984375 0.1984375
1 0.18828125 0.67265625 0.04296875 0.190625
21 0.6921875 0.9203125 0.05625 0.159375
16 0.38671875 0.9046875 0.034375 0.15703125
16 0.4234375 0.90703125 0.0421875 0.16171875
16 0.46015625 0.909375 0.03515625 0.16484375
18 0.58359375 0.9078125 0.046875 0.1765625
21 0.89140625 0.896875 0.06875 0.20625
21 0.96328125 0.89296875 0.0703125 0.2140625
18 0.54140625 0.9046875 0.03984375 0.1765625
21 0.63671875 0.92109375 0.05078125 0.1578125
16 0.35625 0.9015625 0.0359375 0.15
16 0.321875 0.89921875 0.0421875 0.1453125
16 0.49921875 0.909375 0.04375 0.1703125