8 0.48828125 0.43046875 0.06796875 0.17421875
8 0.45078125 0.6609375 0.06796875 0.20234375
8 0.56171875 0.42109375 0.0734375 0.18203125
8 0.52578125 0.6640625 0.0734375 0.2109375
8 0.41953125 0.43828125 0.0640625 0.16796875
8 0.73984375 0.40234375 0.09296875 0.19921875
8 0.13515625 0.46796875 0.0484375 0.14375
8 0.61015625 0.665625 0.0859375 0.2203125
8 0.10390625 0.653125 0.04609375 0.16015625
8 0.6453125 0.4125 0.08359375 0.1890625
8 0.38203125 0.65859375 0.065625 0.19375
8 0.23671875 0.459375 0.05078125 0.15390625
8 0.18515625 0.46484375 0.046875 0.146875
8 0.70390625 0.66796875 0.08984375 0.2296875
8 0.31640625 0.6578125 0.06171875 0.1859375
8 0.29296875 0.45234375 0.05625 0.15859375
8 0.1515625 0.653125 0.046875 0.16640625
8 0.35390625 0.4453125 0.06171875 0.1625
8 0.8453125 0.38828125 0.10234375 0.21484375
8 0.81328125 0.67265625 0.10859375 0.24140625
8 0.25625 0.65546875 0.05390625 0.1765625
8 0.93203125 0.67578125 0.1140625 0.26015625
8 0.953125 0.378125 0.09375 0.22578125
8 0.20234375 0.65390625 0.05 0.171875
4 0.01171875 0.890625 0.0234375 0.21796875