13 0.6296875 0.5734375 0.03046875 0.1609375
6 0.56484375 0.5265625 0.03125 0.15546875
10 0.875 0.46796875 0.0578125 0.20234375
13 0.66640625 0.59140625 0.0390625 0.165625
10 0.65234375 0.36328125 0.03515625 0.18828125
10 0.81875 0.4484375 0.04921875 0.18828125
10 0.7703125 0.41015625 0.0453125 0.2140625
8 0.56875 0.09453125 0.02421875 0.1703125
10 0.72734375 0.39296875 0.03984375 0.20390625
13 0.59765625 0.55 0.03046875 0.15703125
6 0.5375 0.50546875 0.02265625 0.153125
10 0.68828125 0.378125 0.0359375 0.19453125
8 0.5453125 0.09296875 0.02265625 0.16484375
17 0.33515625 0.065625 0.01484375 0.1265625
10 0.71640625 0.10625 0.0375 0.20546875
8 0.5875 0.33671875 0.03203125 0.1703125
23 0.584375 0.728125 0.03125 0.14140625
6 0.5140625 0.4859375 0.0203125 0.13984375
6 0.44921875 0.4421875 0.01953125 0.13203125
13 0.84765625 0.71171875 0.065625 0.2078125
10 0.8359375 0.11640625 0.046875 0.23125
13 0.74609375 0.6578125 0.03984375 0.17421875
13 0.790625 0.68203125 0.04609375 0.19609375
17 0.35390625 0.06796875 0.02265625 0.13046875
8 0.59453125 0.096875 0.02578125 0.17890625
23 0.5046875 0.65546875 0.02734375 0.134375
8 0.621875 0.09921875 0.02734375 0.1828125
8 0.68203125 0.10546875 0.03203125 0.19609375
10 0.61875 0.35 0.028125 0.17890625
8 0.52265625 0.090625 0.021875 0.159375
10 0.79296875 0.11328125 0.04140625 0.221875
8 0.55859375 0.3234375 0.0234375 0.16484375
10 0.7546875 0.109375 0.03828125 0.21171875
8 0.50078125 0.08828125 0.0203125 0.15546875
8 0.65078125 0.10234375 0.0296875 0.18984375
10 0.88359375 0.121875 0.04921875 0.2421875
13 0.70625 0.61796875 0.03828125 0.17109375
17 0.3203125 0.065625 0.0140625 0.12421875
23 0.628125 0.771875 0.0296875 0.15703125
6 0.46953125 0.45546875 0.01953125 0.134375
23 0.74140625 0.878125 0.03515625 0.17109375
8 0.5109375 0.30234375 0.02265625 0.15546875
23 0.70859375 0.8484375 0.03046875 0.165625
8 0.4796875 0.0859375 0.01875 0.1515625
8 0.534375 0.3109375 0.0234375 0.159375
8 0.4890625 0.29296875 0.01953125 0.153125
8 0.440625 0.08125 0.01796875 0.14375
8 0.46015625 0.084375 0.01875 0.14609375
0 0.42734375 0.42734375 0.021875 0.121875
6 0.49140625 0.47109375 0.0203125 0.1375
8 0.46796875 0.284375 0.01953125 0.14609375
23 0.56015625 0.70625 0.01953125 0.13984375
23 0.6796875 0.82109375 0.028125 0.1609375
0 0.38203125 0.2546875 0.0140625 0.1140625
3 0.37890625 0.53984375 0.0140625 0.1125
0 0.4078125 0.41640625 0.015625 0.11796875
0 0.4109375 0.265625 0.01484375 0.1203125
0 0.396875 0.26015625 0.01484375 0.11796875
23 0.53984375 0.6875 0.02265625 0.1453125
17 0.37578125 0.06953125 0.01875 0.1359375
0 0.42890625 0.271875 0.01875 0.12578125
8 0.44765625 0.278125 0.01796875 0.13828125
3 0.36328125 0.52890625 0.0140625 0.10859375
17 0.30625 0.0640625 0.01171875 0.121875
3 0.34296875 0.51328125 0.0140625 0.10625
0 0.39296875 0.40859375 0.0140625 0.1140625
23 0.6546875 0.7953125 0.02578125 0.159375
3 0.425 0.58671875 0.0140625 0.12265625
23 0.46796875 0.62578125 0.01875 0.13359375
0 0.36875 0.24921875 0.01171875 0.1140625
23 0.48515625 0.6390625 0.0140625 0.13359375
3 0.4109375 0.57265625 0.0125 0.12578125
0 0.378125 0.39765625 0.01484375 0.11015625
0 0.34609375 0.23984375 0.01171875 0.10859375
3 0.39765625 0.55703125 0.01484375 0.11875
23 0.4515625 0.61015625 0.01484375 0.13046875
0 0.36328125 0.38671875 0.0125 0.11015625
3 0.3546875 0.5234375 0.00859375 0.10625
3 0.43828125 0.59765625 0.01171875 0.13046875
12 0.9734375 0.47421875 0.053125 0.28515625
3 0.32890625 0.5015625 0.0125 0.1046875
0 0.3578125 0.24375 0.00859375 0.1109375
3 0.38984375 0.55 0.01015625 0.11015625
2 0.33203125 0.23359375 0.01171875 0.103125