8 0.4671875 0.66953125 0.07578125 0.2265625
10 0.76484375 0.5296875 0.03828125 0.18515625
10 0.59296875 0.61328125 0.06171875 0.203125
10 0.80546875 0.51015625 0.03828125 0.17265625
17 0.89375 0.27578125 0.03828125 0.15
10 0.53203125 0.63515625 0.0546875 0.21171875
8 0.39296875 0.703125 0.07734375 0.24765625
8 0.6578125 0.57890625 0.0640625 0.2046875
8 0.209375 0.79609375 0.1296875 0.278125
8 0.3125 0.746875 0.08515625 0.26640625
8 0.71796875 0.55234375 0.05 0.1921875
10 0.84375 0.49296875 0.03515625 0.15859375
17 0.93046875 0.26953125 0.03125 0.1375
17 0.965625 0.2640625 0.03828125 0.1296875
11 0.7125 0.2625 0.05 0.2859375
11 0.76015625 0.25625 0.04296875 0.278125
12 0.6453125 0.27265625 0.08203125 0.31171875
5 0.9578125 0.43203125 0.040625 0.14765625
18 0.99296875 0.23515625 0.01328125 0.1578125
4 0.99296875 0.41171875 0.01328125 0.128125
6 0.82890625 0.246875 0.08515625 0.25