2 0.7140625 0.796875 0.028125 0.17421875
10 0.31171875 0.803125 0.05078125 0.2421875
1 0.65390625 0.796875 0.03203125 0.1859375
6 0.25234375 0.796875 0.06484375 0.2796875
10 0.03046875 0.48125 0.06015625 0.22890625
8 0.55703125 0.56953125 0.0296875 0.15703125
10 0.34375 0.53515625 0.0421875 0.184375
8 0.49375 0.55859375 0.03125 0.165625
2 0.61484375 0.57734375 0.02734375 0.15546875
10 0.14609375 0.5015625 0.05234375 0.21171875
10 0.503125 0.80234375 0.0390625 0.20625
1 0.61953125 0.79765625 0.034375 0.190625
8 0.58359375 0.7984375 0.03515625 0.19609375
10 0.296875 0.5296875 0.04375 0.18671875
10 0.42265625 0.546875 0.03515625 0.1765625
8 0.5859375 0.57421875 0.02734375 0.15546875
10 0.08984375 0.4921875 0.0546875 0.21953125
10 0.19921875 0.5109375 0.04921875 0.20234375
10 0.459375 0.79921875 0.0421875 0.215625
10 0.38515625 0.5421875 0.0375 0.17890625
2 0.64140625 0.58046875 0.02421875 0.1515625
10 0.24921875 0.5203125 0.04609375 0.19453125
17 0.803125 0.79765625 0.028125 0.15546875
10 0.3640625 0.80234375 0.04921875 0.23125
8 0.54375 0.8046875 0.0390625 0.19375
17 0.83203125 0.796875 0.0296875 0.15
10 0.4140625 0.80078125 0.0453125 0.2234375
8 0.52578125 0.56328125 0.03125 0.1609375
6 0.115625 0.79921875 0.078125 0.29921875
17 0.86015625 0.7953125 0.02578125 0.14609375
2 0.66875 0.584375 0.02734375 0.15
18 0.73046875 0.60625 0.02734375 0.12265625
8 0.46015625 0.55390625 0.034375 0.1703125
17 0.77421875 0.79921875 0.028125 0.16171875
0 0.68515625 0.79609375 0.0296875 0.178125
6 0.1875 0.79765625 0.0640625 0.28984375
6 0.0390625 0.803125 0.07734375 0.30859375
18 0.75703125 0.61015625 0.02421875 0.1203125
18 0.88515625 0.79453125 0.0234375 0.13984375
17 0.82734375 0.6203125 0.0234375 0.11796875
18 0.90859375 0.79375 0.02265625 0.1375
17 0.8046875 0.61328125 0.021875 0.1265625
17 0.74453125 0.79765625 0.0296875 0.16484375
17 0.78125 0.61015625 0.0234375 0.128125
18 0.7 0.60390625 0.03046875 0.11875
18 0.93125 0.79375 0.02265625 0.13203125
18 0.94921875 0.79375 0.0140625 0.128125