8 0.54765625 0.4453125 0.07265625 0.3984375
8 0.47421875 0.45 0.07265625 0.43671875
2 0.90859375 0.41953125 0.015625 0.2171875
2 0.871875 0.4203125 0.021875 0.2390625
1 0.84765625 0.421875 0.02578125 0.25625
2 0.89140625 0.42109375 0.01796875 0.225
10 0.7296875 0.4359375 0.03046875 0.30078125
1 0.821875 0.42421875 0.02421875 0.265625
8 0.37890625 0.42890625 0.115625 0.53046875
8 0.08671875 0.4328125 0.1734375 0.7359375
1 0.79765625 0.428125 0.0234375 0.28125
8 0.69609375 0.4375 0.03515625 0.31640625
8 0.65859375 0.4390625 0.03828125 0.3375
8 0.246875 0.4265625 0.14609375 0.6296875
1 0.765625 0.43046875 0.0390625 0.29140625
8 0.6109375 0.43671875 0.05390625 0.35703125
17 0.9921875 0.94609375 0.015625 0.1046875
2 0.92265625 0.42265625 0.0125 0.2015625