10 0.43828125 0.50234375 0.071875 0.15859375
8 0.51015625 0.3015625 0.0640625 0.1421875
17 0.61953125 0.86875 0.071875 0.14296875
8 0.7234375 0.46796875 0.0640625 0.15859375
8 0.37421875 0.30703125 0.06640625 0.15078125
2 0.48203125 0.6859375 0.071875 0.15390625
8 0.65546875 0.47578125 0.06796875 0.16015625
10 0.359375 0.50625 0.07734375 0.16796875
2 0.40625 0.69609375 0.07421875 0.153125
8 0.78984375 0.4625 0.0640625 0.15625
10 0.3015625 0.31015625 0.0734375 0.15390625
8 0.4421875 0.3046875 0.0640625 0.14375
10 0.27734375 0.5140625 0.08125 0.1734375
2 0.76328125 0.2859375 0.05859375 0.13984375
2 0.55546875 0.67734375 0.06953125 0.1546875
10 0.22265625 0.3140625 0.07421875 0.15703125
8 0.51171875 0.490625 0.06953125 0.16015625
10 0.18984375 0.521875 0.0859375 0.1765625
18 0.4078125 0.90859375 0.06640625 0.13203125
18 0.47421875 0.9 0.06015625 0.128125
10 0.1421875 0.31640625 0.078125 0.1609375
8 0.5828125 0.48203125 0.06953125 0.16015625
2 0.62578125 0.6671875 0.06640625 0.15234375
18 0.3359375 0.91171875 0.06796875 0.15703125
2 0.8234375 0.28203125 0.05625 0.13828125
1 0.69375 0.65703125 0.06640625 0.15
17 0.54296875 0.88125 0.07421875 0.14375
8 0.32109375 0.70859375 0.08515625 0.15390625
18 0.69375 0.85546875 0.0703125 0.1390625
18 0.76484375 0.84140625 0.065625 0.1375
0 0.63828125 0.29453125 0.06015625 0.13828125
0 0.7015625 0.290625 0.06171875 0.13828125
1 0.7640625 0.646875 0.06796875 0.146875
1 0.83359375 0.63671875 0.065625 0.14140625
0 0.57421875 0.29765625 0.06171875 0.1390625
0 0.853125 0.45703125 0.0578125 0.153125
1 0.9 0.63046875 0.06171875 0.134375
0 0.91796875 0.45234375 0.065625 0.14921875
1 0.875 0.2796875 0.04453125 0.13359375
8 0.2296875 0.71875 0.08984375 0.15625
1 0.92890625 0.27578125 0.05859375 0.134375
17 0.26328125 0.93046875 0.0703125 0.1390625