17 0.61015625 0.85078125 0.06171875 0.13515625
8 0.415625 0.32265625 0.06171875 0.1421875
8 0.65390625 0.48125 0.05625 0.14609375
17 0.54296875 0.86484375 0.06640625 0.13515625
10 0.465625 0.50703125 0.065625 0.15234375
2 0.49765625 0.68125 0.065625 0.1453125
8 0.5921875 0.48828125 0.06171875 0.15
18 0.35078125 0.91640625 0.065625 0.13984375
18 0.41875 0.90234375 0.0625 0.128125
8 0.47734375 0.321875 0.05625 0.1375
2 0.4265625 0.69375 0.0703125 0.146875
8 0.5296875 0.49765625 0.05859375 0.146875
10 0.39375 0.51171875 0.06953125 0.1625
10 0.31875 0.5203125 0.07421875 0.1703125
10 0.27578125 0.32734375 0.071875 0.15234375
10 0.35 0.32578125 0.06640625 0.14609375
10 0.1953125 0.32890625 0.08125 0.15703125
8 0.71015625 0.47421875 0.05390625 0.14296875
2 0.6234375 0.65859375 0.0578125 0.14140625
2 0.746875 0.31015625 0.04609375 0.12421875
2 0.56171875 0.6703125 0.06015625 0.14375
10 0.234375 0.53046875 0.0859375 0.171875
8 0.534375 0.31875 0.0546875 0.134375
0 0.64375 0.315625 0.05078125 0.12421875
18 0.67421875 0.83203125 0.06015625 0.13046875
18 0.48046875 0.88984375 0.0546875 0.1203125
2 0.79453125 0.3078125 0.04609375 0.12265625
8 0.7640625 0.46875 0.05 0.13828125
1 0.6828125 0.64609375 0.05625 0.1359375
18 0.734375 0.81640625 0.05390625 0.1265625
1 0.796875 0.62421875 0.05234375 0.1265625
0 0.58984375 0.3171875 0.05234375 0.13046875
17 0.28359375 0.9328125 0.0625 0.13203125
0 0.8640625 0.45859375 0.05 0.13359375
0 0.696875 0.31328125 0.05078125 0.1234375
1 0.74140625 0.63515625 0.0546875 0.13046875
1 0.87890625 0.30390625 0.0484375 0.11640625
1 0.8484375 0.61875 0.04609375 0.121875
0 0.8140625 0.4625 0.04609375 0.1359375
8 0.3484375 0.70703125 0.0796875 0.15
1 0.83671875 0.30546875 0.03515625 0.115625
8 0.26171875 0.7234375 0.08515625 0.153125