10 0.8296875 0.534375 0.05859375 0.21953125
10 0.771875 0.48359375 0.053125 0.25078125
10 0.72109375 0.459375 0.04765625 0.234375
10 0.59921875 0.39609375 0.03125 0.2078125
10 0.67734375 0.4359375 0.0421875 0.225
8 0.56484375 0.37734375 0.03515625 0.19453125
13 0.61015625 0.64921875 0.03359375 0.18046875
6 0.53984375 0.5859375 0.03359375 0.1765625
10 0.85859375 0.13984375 0.06015625 0.2796875
23 0.47578125 0.71796875 0.03125 0.1421875
8 0.67265625 0.11796875 0.0375 0.22734375
10 0.91875 0.1484375 0.0625 0.29375
13 0.65 0.675 0.04296875 0.1859375
10 0.6359375 0.41484375 0.0390625 0.21171875
10 0.89921875 0.565625 0.0734375 0.2421875
10 0.71328125 0.121875 0.04375 0.24296875
8 0.47265625 0.08984375 0.02265625 0.175
8 0.409375 0.08125 0.01875 0.1609375
8 0.5203125 0.09765625 0.0234375 0.18828125
6 0.509375 0.559375 0.0234375 0.16484375
8 0.6046875 0.1078125 0.03046875 0.209375
23 0.55859375 0.81015625 0.0359375 0.15546875
10 0.8046875 0.134375 0.04921875 0.265625
8 0.4296875 0.08359375 0.01953125 0.165625
8 0.496875 0.09375 0.0234375 0.18203125
10 0.7578125 0.1265625 0.046875 0.253125
17 0.31953125 0.06796875 0.02265625 0.1359375
8 0.6375 0.11171875 0.03359375 0.22109375
8 0.45078125 0.08671875 0.01953125 0.1703125
8 0.57421875 0.103125 0.028125 0.20234375
8 0.48203125 0.3328125 0.02421875 0.17265625
8 0.53359375 0.36015625 0.0265625 0.18828125
8 0.546875 0.10078125 0.0265625 0.19609375
6 0.48515625 0.53671875 0.02265625 0.15703125
6 0.43984375 0.49765625 0.01953125 0.1421875
6 0.46171875 0.5171875 0.021875 0.14921875
23 0.4359375 0.68203125 0.01953125 0.1453125
8 0.50703125 0.34453125 0.0234375 0.18046875
17 0.2859375 0.06328125 0.0140625 0.1265625
23 0.6046875 0.8671875 0.03125 0.16484375
6 0.41796875 0.48046875 0.021875 0.1421875
8 0.41640625 0.29921875 0.01875 0.15
3 0.34609375 0.578125 0.0140625 0.1203125
8 0.4375 0.3078125 0.0203125 0.16171875
8 0.45859375 0.31875 0.01953125 0.16484375
13 0.575 0.6171875 0.03359375 0.18046875
3 0.3921875 0.63203125 0.01484375 0.13359375
0 0.37734375 0.28515625 0.015625 0.13359375
13 0.6953125 0.7125 0.04296875 0.1921875
23 0.63359375 0.8953125 0.02734375 0.17109375
3 0.33203125 0.56484375 0.0125 0.121875
17 0.30078125 0.065625 0.0140625 0.13125
3 0.31015625 0.5421875 0.015625 0.1140625
3 0.3640625 0.60234375 0.01484375 0.13046875
0 0.375 0.44921875 0.015625 0.1265625
13 0.84921875 0.84375 0.06171875 0.23828125
0 0.33515625 0.2625 0.0109375 0.12421875
3 0.29453125 0.5265625 0.01171875 0.10625
23 0.5109375 0.7578125 0.0234375 0.15390625
0 0.39453125 0.4609375 0.02265625 0.13359375
0 0.34765625 0.26953125 0.0140625 0.12421875
3 0.40625 0.6453125 0.01171875 0.13828125
17 0.340625 0.0703125 0.01875 0.140625
23 0.66171875 0.921875 0.03125 0.15546875
23 0.453125 0.7 0.01484375 0.13984375
23 0.41875 0.66328125 0.01484375 0.14375
0 0.35859375 0.43671875 0.01484375 0.11484375
3 0.378125 0.61796875 0.01171875 0.134375
10 0.97421875 0.21015625 0.05078125 0.209375
0 0.39609375 0.29140625 0.0203125 0.13828125
0 0.3625 0.27421875 0.01484375 0.128125
23 0.53203125 0.7828125 0.0203125 0.153125
17 0.27265625 0.06171875 0.01171875 0.121875
3 0.32578125 0.55390625 0.01171875 0.11875
0 0.325 0.25703125 0.01171875 0.1265625
13 0.78984375 0.79921875 0.05234375 0.22890625
0 0.34375 0.42578125 0.01484375 0.1140625
0 0.31171875 0.24921875 0.0125 0.11796875
5 0.2796875 0.50703125 0.01171875 0.10859375
2 0.26484375 0.22578125 0.0109375 0.10234375
5 0.26171875 0.4859375 0.01171875 0.096875
3 0.3578125 0.59375 0.00859375 0.12578125
13 0.74140625 0.7625 0.046875 0.1984375
2 0.2984375 0.240625 0.01171875 0.11640625
2 0.2546875 0.221875 0.00859375 0.1046875