1 0.30703125 0.7203125 0.04375 0.221875
1 0.3546875 0.72265625 0.046875 0.22734375
2 0.22265625 0.7125 0.03984375 0.21171875
2 0.74609375 0.42578125 0.0609375 0.25
2 0.628125 0.43515625 0.053125 0.23515625
8 0.5078125 0.73984375 0.053125 0.2484375
10 0.76875 0.765625 0.0703125 0.29140625
8 0.63046875 0.75 0.06171875 0.26640625
10 0.846875 0.775 0.07734375 0.30078125
2 0.68515625 0.4296875 0.05625 0.240625
0 0.87890625 0.41640625 0.06953125 0.265625
2 0.8109375 0.4203125 0.0640625 0.2578125
1 0.47890625 0.44609375 0.03984375 0.21328125
17 0.37109375 0.2296875 0.0453125 0.1609375
0 0.40234375 0.72734375 0.0453125 0.234375
10 0.696875 0.7578125 0.06484375 0.2796875
2 0.57578125 0.43984375 0.05 0.22890625
8 0.56640625 0.74609375 0.06015625 0.26171875
16 0.16875 0.92734375 0.03828125 0.1453125
2 0.18125 0.71015625 0.0390625 0.20625
1 0.2640625 0.7171875 0.03984375 0.2171875
16 0.43515625 0.95078125 0.04296875 0.09765625
2 0.14140625 0.70625 0.03828125 0.1984375
16 0.48203125 0.9546875 0.04921875 0.08984375
16 0.278125 0.9375 0.05 0.125
3 0.63125 0.9703125 0.0609375 0.05859375
0 0.45234375 0.734375 0.053125 0.2421875
1 0.52421875 0.4421875 0.04765625 0.21953125
16 0.2359375 0.9328125 0.03359375 0.13203125
16 0.39140625 0.94609375 0.04296875 0.10703125
16 0.328125 0.940625 0.04140625 0.11875
17 0.325 0.2296875 0.0421875 0.1765625
17 0.425 0.22578125 0.02734375 0.14921875
18 0.15703125 0.25 0.05859375 0.18203125
16 0.5796875 0.96640625 0.04296875 0.06640625
16 0.5328125 0.9609375 0.05 0.078125
13 0.378125 0.45 0.04140625 0.20390625
18 0.28203125 0.23671875 0.03984375 0.17265625
3 0.69765625 0.9796875 0.05625 0.040625
16 0.3609375 0.94453125 0.0234375 0.1109375
13 0.3296875 0.4546875 0.05 0.19765625
3 0.75078125 0.98515625 0.0546875 0.0296875