10 0.3171875 0.51796875 0.04609375 0.1921875
1 0.64921875 0.7859375 0.03515625 0.19375
8 0.61328125 0.7875 0.03515625 0.2015625
10 0.3359375 0.7984375 0.05234375 0.246875
2 0.64140625 0.56015625 0.02734375 0.1578125
8 0.58203125 0.553125 0.0296875 0.1609375
6 0.2765625 0.79296875 0.06484375 0.2875
2 0.7453125 0.78359375 0.0296875 0.17890625
10 0.04140625 0.4734375 0.06484375 0.23515625
1 0.684375 0.78515625 0.03359375 0.18828125
10 0.21640625 0.50078125 0.05 0.21015625
10 0.43984375 0.79375 0.0453125 0.22734375
8 0.57265625 0.7953125 0.03984375 0.19609375
10 0.1046875 0.48203125 0.05703125 0.23125
6 0.04921875 0.803125 0.09375 0.31640625
8 0.51796875 0.54453125 0.03046875 0.1703125
10 0.1625 0.4921875 0.05390625 0.21953125
10 0.26796875 0.509375 0.04765625 0.2015625
8 0.6125 0.55703125 0.028125 0.1609375
10 0.4453125 0.53359375 0.03515625 0.18046875
2 0.69609375 0.5671875 0.0296875 0.153125
10 0.48671875 0.7921875 0.04296875 0.2234375
10 0.38984375 0.796875 0.04921875 0.23671875
0 0.71640625 0.78359375 0.0296875 0.18203125
10 0.40625 0.5296875 0.03828125 0.1828125
17 0.81171875 0.59453125 0.02421875 0.12421875
10 0.3640625 0.52421875 0.04296875 0.18828125
8 0.4828125 0.540625 0.03515625 0.17265625
17 0.80703125 0.78359375 0.028125 0.16484375
6 0.2109375 0.79609375 0.06484375 0.2953125
8 0.55 0.5484375 0.03203125 0.165625
10 0.53125 0.79296875 0.03984375 0.21015625
6 0.1390625 0.79765625 0.0796875 0.3046875
18 0.76015625 0.590625 0.02734375 0.12421875
17 0.86640625 0.78125 0.03046875 0.153125
2 0.66875 0.5640625 0.02578125 0.15546875
17 0.89375 0.778125 0.02578125 0.14921875
17 0.77734375 0.784375 0.03125 0.1703125
18 0.9421875 0.77578125 0.0234375 0.13984375
17 0.8359375 0.78203125 0.028125 0.159375
18 0.728125 0.5859375 0.03046875 0.12265625
17 0.83515625 0.6015625 0.02265625 0.11484375
18 0.91796875 0.77734375 0.02265625 0.1421875
17 0.85859375 0.60546875 0.02421875 0.1125
18 0.78671875 0.59375 0.02421875 0.121875
18 0.965625 0.77578125 0.02265625 0.134375
17 0.88125 0.60859375 0.01875 0.10859375
18 0.9953125 0.77421875 0.00859375 0.1265625
18 0.98359375 0.7765625 0.01484375 0.128125