11 0.2578125 0.609375 0.0859375 0.2046875
10 0.13046875 0.2046875 0.103125 0.2703125
16 0.12890625 0.9078125 0.0984375 0.184375
2 0.82109375 0.4953125 0.040625 0.1421875
8 0.5375 0.55703125 0.06171875 0.1734375
10 0.03828125 0.19375 0.07421875 0.28984375
8 0.6890625 0.2546875 0.04296875 0.17265625
10 0.3140625 0.2203125 0.07578125 0.2421875
11 0.17265625 0.62265625 0.08125 0.21640625
3 0.68984375 0.73203125 0.034375 0.1640625
8 0.8015625 0.26484375 0.034375 0.14921875
10 0.52578125 0.23984375 0.05390625 0.20078125
10 0.5796875 0.2453125 0.05 0.19296875
8 0.8390625 0.2671875 0.03671875 0.14296875
10 0.390625 0.2265625 0.0734375 0.23046875
8 0.7296875 0.25859375 0.03671875 0.165625
10 0.46328125 0.23515625 0.0640625 0.21171875
16 0.475 0.8171875 0.0546875 0.20703125
3 0.725 0.7203125 0.034375 0.15703125
10 0.228125 0.21328125 0.0890625 0.25390625
10 0.5953125 0.5546875 0.05 0.14921875
8 0.4765625 0.5609375 0.05625 0.19609375
11 0.06484375 0.6203125 0.1296875 0.27421875
8 0.765625 0.2609375 0.034375 0.15859375
8 0.63984375 0.25234375 0.05078125 0.18203125
3 0.65 0.746875 0.04296875 0.17265625
16 0.57421875 0.7765625 0.0421875 0.18984375
16 0.4203125 0.83984375 0.05625 0.21796875
10 0.6421875 0.54296875 0.0390625 0.1421875
16 0.21796875 0.9015625 0.07578125 0.196875
6 0.41796875 0.565625 0.06171875 0.22578125
16 0.52734375 0.79609375 0.05 0.20234375
3 0.6109375 0.75859375 0.0328125 0.17578125
16 0.36171875 0.8625 0.06171875 0.234375
0 0.7796875 0.50234375 0.03828125 0.14921875
16 0.29296875 0.91328125 0.0734375 0.1734375
0 0.73515625 0.51015625 0.0484375 0.1578125
3 0.75625 0.70625 0.02890625 0.153125
0 0.6859375 0.521875 0.04609375 0.1609375
8 0.87109375 0.2703125 0.02890625 0.13828125
6 0.34375 0.5796875 0.08125 0.23359375