8 0.6265625 0.37578125 0.06015625 0.25234375
8 0.80078125 0.40078125 0.05078125 0.234375
8 0.953125 0.71171875 0.0453125 0.2484375
8 0.40234375 0.72421875 0.0734375 0.34140625
8 0.74296875 0.71796875 0.0578125 0.2875
8 0.85625 0.71171875 0.05078125 0.2703125
8 0.6875 0.3859375 0.0546875 0.24296875
8 0.74453125 0.39296875 0.0546875 0.240625
8 0.8015625 0.715625 0.05625 0.2796875
8 0.6171875 0.71953125 0.06640625 0.3109375
8 0.546875 0.721875 0.06640625 0.32265625
8 0.68359375 0.71875 0.05859375 0.30234375
8 0.90546875 0.41484375 0.04921875 0.22109375
8 0.90703125 0.7125 0.046875 0.2578125
8 0.47578125 0.725 0.06796875 0.33203125
8 0.95234375 0.42265625 0.04375 0.21328125
8 0.32265625 0.725 0.0796875 0.36171875
8 0.5625 0.36328125 0.06171875 0.26015625
8 0.34140625 0.3296875 0.07578125 0.29765625
8 0.26015625 0.315625 0.07734375 0.31875
8 0.853125 0.40859375 0.05234375 0.22734375
8 0.49375 0.35625 0.06640625 0.271875
8 0.4203125 0.34375 0.06953125 0.28359375
8 0.23828125 0.7296875 0.078125 0.37109375