13 0.10625 0.62421875 0.20859375 0.63828125
13 0.2625 0.58984375 0.11015625 0.56328125
12 0.52421875 0.490625 0.06015625 0.415625
11 0.5734375 0.48046875 0.04296875 0.38203125
10 0.675 0.4671875 0.028125 0.2890625
6 0.45390625 0.50625 0.0765625 0.4796875
10 0.70390625 0.46171875 0.0265625 0.27578125
6 0.36640625 0.534375 0.0921875 0.5203125
8 0.628125 0.4796875 0.06171875 0.31484375
9 0.73125 0.45703125 0.0265625 0.25
2 0.79609375 0.434375 0.0234375 0.22109375
2 0.75234375 0.44765625 0.01484375 0.2421875
2 0.77421875 0.440625 0.01875 0.2328125