10 0.74375 0.84375 0.06484375 0.25625
8 0.5984375 0.58046875 0.04140625 0.1984375
10 0.8828125 0.8296875 0.0765625 0.27734375
10 0.8109375 0.83828125 0.0703125 0.2640625
8 0.7359375 0.53671875 0.05 0.21953125
1 0.38203125 0.878125 0.034375 0.18671875
2 0.5796875 0.8578125 0.04765625 0.2296875
0 0.45234375 0.8703125 0.0359375 0.2
10 0.6828125 0.84921875 0.0578125 0.24609375
10 0.959375 0.821875 0.08125 0.29375
8 0.64140625 0.5671875 0.04375 0.20625
8 0.84296875 0.50546875 0.05703125 0.22890625
2 0.534375 0.86171875 0.0421875 0.215625
0 0.49140625 0.865625 0.04140625 0.2078125
8 0.6875 0.553125 0.04765625 0.21015625
0 0.41640625 0.87421875 0.034375 0.19375
8 0.52109375 0.60546875 0.0359375 0.184375
8 0.7875 0.52109375 0.05390625 0.22734375
8 0.559375 0.59296875 0.03828125 0.19375
2 0.6296875 0.85390625 0.05234375 0.23828125
2 0.35234375 0.66171875 0.0265625 0.159375
1 0.3515625 0.88046875 0.0265625 0.17890625
2 0.1796875 0.71796875 0.0203125 0.12421875
2 0.30078125 0.68125 0.02265625 0.14609375
10 0.90625 0.4828125 0.0703125 0.240625
2 0.32578125 0.671875 0.0265625 0.1515625
2 0.4421875 0.6375 0.03515625 0.16328125
2 0.409375 0.64609375 0.03046875 0.16171875
8 0.48125 0.61953125 0.04140625 0.178125
2 0.38046875 0.65390625 0.02734375 0.159375
2 0.2390625 0.7 0.01953125 0.1359375
2 0.25859375 0.69375 0.01875 0.13984375
2 0.2 0.7109375 0.01875 0.13203125
2 0.27890625 0.68984375 0.021875 0.1375
2 0.21875 0.70625 0.01875 0.13359375
1 0.32265625 0.88359375 0.03046875 0.17421875