16 0.2078125 0.9515625 0.0359375 0.096875
2 0.71796875 0.4546875 0.05859375 0.2484375
2 0.65859375 0.459375 0.0546875 0.2390625
2 0.14921875 0.74140625 0.03984375 0.21015625
2 0.1921875 0.7453125 0.0421875 0.21796875
8 0.54296875 0.77578125 0.0609375 0.2640625
10 0.74296875 0.79375 0.0703125 0.29140625
10 0.81953125 0.80078125 0.07421875 0.29765625
17 0.3453125 0.2578125 0.046875 0.1578125
2 0.78046875 0.45078125 0.06171875 0.2546875
2 0.603125 0.4625 0.05234375 0.234375
1 0.2796875 0.7515625 0.04609375 0.22578125
2 0.55078125 0.465625 0.04921875 0.22734375
10 0.671875 0.7859375 0.0640625 0.28125
8 0.60625 0.77890625 0.0609375 0.26953125
1 0.5 0.4703125 0.046875 0.221875
8 0.48359375 0.76953125 0.053125 0.2546875
1 0.4546875 0.4734375 0.03984375 0.21328125
0 0.84765625 0.44375 0.06875 0.26171875
1 0.328125 0.75390625 0.04921875 0.23125
0 0.37734375 0.7578125 0.0453125 0.23828125
0 0.428125 0.76484375 0.053125 0.246875
16 0.24921875 0.9546875 0.04609375 0.08984375
2 0.109375 0.7375 0.03828125 0.20390625
16 0.1375 0.9453125 0.03515625 0.10703125
13 0.35234375 0.478125 0.0421875 0.20546875
1 0.234375 0.74921875 0.03984375 0.221875
16 0.35859375 0.96328125 0.05625 0.0734375
18 0.128125 0.27421875 0.05703125 0.184375
3 0.5078125 0.97578125 0.05 0.0484375
16 0.30078125 0.959375 0.04296875 0.08125
16 0.409375 0.9671875 0.04375 0.065625
16 0.171875 0.94765625 0.03515625 0.103125
16 0.45625 0.9703125 0.05 0.0578125
17 0.4 0.25390625 0.02734375 0.15
3 0.5578125 0.98125 0.05 0.0375
16 0.10625 0.9421875 0.0265625 0.1140625
16 0.33359375 0.9625 0.02578125 0.07421875
18 0.2546875 0.26171875 0.03984375 0.17421875