1 0.74453125 0.5734375 0.0546875 0.24296875
8 0.46796875 0.29453125 0.0546875 0.24296875
8 0.225 0.35390625 0.04765625 0.21953125
2 0.5375 0.59765625 0.046875 0.21796875
2 0.5859375 0.590625 0.04921875 0.22578125
10 0.31640625 0.33203125 0.04375 0.2296875
8 0.79921875 0.21015625 0.06171875 0.265625
1 0.6890625 0.58046875 0.05234375 0.23125
0 0.93359375 0.553125 0.06875 0.26640625
17 0.73203125 0.90078125 0.0609375 0.19765625
2 0.48984375 0.60390625 0.0453125 0.21015625
2 0.34296875 0.6109375 0.0453125 0.209375
2 0.44140625 0.6046875 0.04921875 0.21171875
8 0.6765625 0.2453125 0.053125 0.25
0 0.865625 0.56171875 0.0625 0.2578125
8 0.7359375 0.228125 0.06015625 0.25859375
8 0.36328125 0.321875 0.046875 0.234375
10 0.178125 0.3625 0.04296875 0.225
0 0.803125 0.56875 0.06015625 0.25
2 0.39140625 0.603125 0.04765625 0.21953125
10 0.56953125 0.2765625 0.05 0.23671875
1 0.21015625 0.62421875 0.0421875 0.1984375
8 0.4140625 0.30703125 0.05 0.2390625
10 0.621875 0.26015625 0.05234375 0.24296875
8 0.8671875 0.19375 0.06953125 0.2734375
1 0.6359375 0.58671875 0.05078125 0.22890625
17 0.796875 0.884375 0.06171875 0.178125
21 0.6171875 0.909375 0.05078125 0.17109375
0 0.253125 0.61796875 0.04296875 0.20234375
10 0.13125 0.37421875 0.05 0.21953125
0 0.29765625 0.615625 0.04296875 0.20546875
10 0.5203125 0.2890625 0.04609375 0.23125
1 0.1671875 0.628125 0.04296875 0.19609375
10 0.271875 0.34453125 0.0421875 0.21796875
21 0.671875 0.91015625 0.05390625 0.17421875
16 0.36015625 0.88125 0.034375 0.1578125
16 0.32734375 0.8765625 0.03515625 0.15390625
16 0.4375 0.8875 0.03515625 0.165625
16 0.290625 0.8703125 0.04140625 0.15546875
16 0.3984375 0.884375 0.04296875 0.16328125
21 0.86640625 0.89609375 0.06640625 0.20625
21 0.94140625 0.89609375 0.07734375 0.2078125
16 0.47734375 0.88828125 0.0421875 0.17109375