18 0.43046875 0.41875 0.0296875 0.209375
8 0.5015625 0.14453125 0.034375 0.2734375
10 0.80703125 0.21015625 0.0796875 0.4203125
10 0.73515625 0.19609375 0.0625 0.38203125
10 0.896875 0.23203125 0.0953125 0.4546875
10 0.61796875 0.1703125 0.04765625 0.3296875
10 0.671875 0.1828125 0.05859375 0.35546875
8 0.44140625 0.13046875 0.02421875 0.24609375
10 0.5375 0.15234375 0.0375 0.2890625
16 0.3765625 0.5828125 0.02421875 0.15546875
22 0.5015625 0.46953125 0.05078125 0.23515625
8 0.46875 0.1375 0.028125 0.25859375
10 0.575 0.16171875 0.0390625 0.30703125
16 0.35234375 0.5546875 0.021875 0.1609375
16 0.33203125 0.5359375 0.01953125 0.159375
17 0.37578125 0.36875 0.02265625 0.1921875
18 0.4015625 0.39375 0.0265625 0.2
2 0.37421875 0.1140625 0.021875 0.215625
17 0.3546875 0.353125 0.01796875 0.18046875
2 0.396875 0.1203125 0.021875 0.225
2 0.23046875 0.078125 0.0140625 0.1453125
22 0.46015625 0.4421875 0.0296875 0.22578125
8 0.41796875 0.125 0.0203125 0.23515625
2 0.353125 0.11015625 0.01875 0.20546875
17 0.33515625 0.334375 0.01953125 0.17265625
2 0.26875 0.0859375 0.0125 0.165625
2 0.29765625 0.09609375 0.01640625 0.1765625
2 0.28203125 0.0890625 0.0140625 0.17265625
2 0.24375 0.08125 0.0140625 0.1578125
2 0.33515625 0.1046875 0.01796875 0.19453125
14 0.21640625 0.2296875 0.0296875 0.13203125
2 0.2578125 0.08359375 0.0109375 0.159375
2 0.315625 0.1015625 0.01796875 0.184375
16 0.2375 0.4 0.01640625 0.12578125
16 0.26015625 0.42109375 0.02578125 0.1125
16 0.309375 0.5 0.02265625 0.14921875
16 0.39921875 0.61875 0.01875 0.17421875
17 0.296875 0.30234375 0.021875 0.1765625
18 0.24921875 0.26171875 0.01796875 0.14140625
18 0.27890625 0.28203125 0.0140625 0.15546875