11 0.2828125 0.5875 0.08515625 0.20390625
10 0.48828125 0.20859375 0.065625 0.21640625
10 0.2515625 0.18828125 0.08984375 0.2578125
16 0.1578125 0.89609375 0.09921875 0.20703125
10 0.05 0.16640625 0.1 0.2953125
10 0.4140625 0.203125 0.07578125 0.23046875
8 0.715625 0.2296875 0.04453125 0.17421875
8 0.5609375 0.5359375 0.06171875 0.1765625
10 0.60390625 0.21953125 0.05 0.1953125
8 0.8296875 0.2421875 0.03671875 0.15078125
11 0.19765625 0.596875 0.08125 0.2234375
16 0.4453125 0.81796875 0.0546875 0.2140625
2 0.846875 0.47578125 0.040625 0.14140625
8 0.50078125 0.54296875 0.0546875 0.19765625
10 0.6203125 0.53515625 0.05 0.15078125
10 0.15390625 0.178125 0.10234375 0.27578125
3 0.671875 0.728125 0.04296875 0.1703125
16 0.2453125 0.8875 0.07421875 0.22421875
11 0.08359375 0.59921875 0.13984375 0.27265625
10 0.55 0.215625 0.05390625 0.20703125
8 0.75703125 0.2328125 0.03515625 0.16875
10 0.3375 0.1953125 0.07421875 0.24296875
10 0.6671875 0.5265625 0.0421875 0.1421875
8 0.8671875 0.24375 0.03671875 0.14375
16 0.49921875 0.79765625 0.05390625 0.2046875
8 0.79296875 0.2375 0.03515625 0.16171875
8 0.66328125 0.22734375 0.05625 0.184375
3 0.71171875 0.71484375 0.03671875 0.16171875
3 0.74921875 0.7015625 0.03515625 0.1546875
16 0.5984375 0.75859375 0.04453125 0.19140625
16 0.55 0.778125 0.05 0.203125
16 0.3203125 0.89609375 0.0734375 0.18359375
3 0.78125 0.6890625 0.02734375 0.153125
16 0.38984375 0.83984375 0.0640625 0.23515625
0 0.80625 0.48203125 0.03828125 0.15
0 0.7609375 0.48828125 0.05 0.1609375
8 0.9015625 0.24609375 0.0296875 0.13984375
0 0.71171875 0.49921875 0.04609375 0.16484375
3 0.63515625 0.74140625 0.03125 0.18359375
2 0.88984375 0.471875 0.040625 0.1359375
6 0.440625 0.54453125 0.0625 0.22421875
6 0.36796875 0.55859375 0.08125 0.2359375