10 0.40234375 0.715625 0.06015625 0.18125
10 0.46171875 0.7078125 0.05390625 0.16875
8 0.40390625 0.48984375 0.04609375 0.178125
8 0.22578125 0.46640625 0.06640625 0.21796875
8 0.35234375 0.4828125 0.0546875 0.1890625
10 0.33359375 0.728125 0.0734375 0.18828125
2 0.653125 0.68671875 0.02890625 0.12734375
2 0.68203125 0.68359375 0.02578125 0.1203125
8 0.2515625 0.74375 0.0796875 0.19921875
8 0.16015625 0.75 0.096875 0.23515625
2 0.61953125 0.68984375 0.03515625 0.13359375
8 0.29140625 0.47578125 0.06015625 0.20234375
8 0.04765625 0.44453125 0.09296875 0.253125
8 0.14375 0.45546875 0.08984375 0.2359375
1 0.58203125 0.6953125 0.03671875 0.1390625
2 0.646875 0.53984375 0.025 0.10234375
8 0.45234375 0.496875 0.04609375 0.16875
2 0.70625 0.6796875 0.021875 0.115625
2 0.6203125 0.5359375 0.02578125 0.10703125
2 0.55234375 0.5109375 0.05 0.15078125
8 0.4984375 0.50078125 0.04453125 0.16171875
8 0.0546875 0.75390625 0.10625 0.25
2 0.5921875 0.53203125 0.02890625 0.11015625
2 0.69453125 0.54375 0.01796875 0.096875
2 0.7140625 0.546875 0.01953125 0.09375
2 0.734375 0.54765625 0.01953125 0.09375
2 0.6734375 0.54296875 0.025 0.09765625
1 0.53671875 0.6984375 0.05078125 0.14765625
2 0.75390625 0.55 0.01796875 0.09140625
24 0.75390625 0.67421875 0.0234375 0.1046875