8 0.70625 0.5578125 0.05 0.21953125
1 0.390625 0.88828125 0.03515625 0.1921875
8 0.6578125 0.57421875 0.04609375 0.2078125
2 0.59375 0.8703125 0.05078125 0.23515625
8 0.809375 0.5265625 0.05625 0.234375
10 0.90859375 0.85 0.078125 0.2875
8 0.6140625 0.5875 0.0421875 0.20390625
10 0.76328125 0.86171875 0.06640625 0.265625
10 0.8328125 0.85390625 0.0734375 0.2734375
8 0.57265625 0.59921875 0.03828125 0.1984375
2 0.5453125 0.875 0.0453125 0.22578125
8 0.75703125 0.5421875 0.05234375 0.22578125
10 0.97265625 0.84140625 0.0546875 0.30625
8 0.53359375 0.61328125 0.03828125 0.18828125
10 0.70078125 0.86484375 0.06015625 0.25078125
0 0.5015625 0.87890625 0.04140625 0.21328125
10 0.934375 0.4875 0.07578125 0.25078125
8 0.86796875 0.51015625 0.06015625 0.24453125
2 0.209375 0.7140625 0.01875 0.13046875
2 0.6453125 0.86796875 0.053125 0.2421875
0 0.46171875 0.88203125 0.0375 0.20625
2 0.390625 0.659375 0.02734375 0.16328125
2 0.24765625 0.70390625 0.01875 0.13828125
8 0.49375 0.62578125 0.03984375 0.18046875
2 0.45234375 0.6421875 0.0359375 0.1703125
1 0.33046875 0.89375 0.03046875 0.178125
1 0.36015625 0.890625 0.0265625 0.18203125
2 0.3625 0.66953125 0.02734375 0.1578125
0 0.42578125 0.884375 0.034375 0.2015625
2 0.33515625 0.6796875 0.0265625 0.14921875
2 0.2671875 0.7 0.01953125 0.1375
2 0.2875 0.69375 0.0203125 0.14140625
2 0.41953125 0.65 0.0296875 0.1671875
2 0.1890625 0.72109375 0.021875 0.1265625
2 0.31015625 0.68671875 0.02265625 0.1453125
2 0.228125 0.71015625 0.01875 0.134375
18 0.984375 0.39453125 0.03125 0.1609375