8 0.15078125 0.41640625 0.096875 0.25
8 0.42578125 0.453125 0.0484375 0.18515625
8 0.521875 0.4640625 0.04453125 0.16953125
8 0.271875 0.71171875 0.08203125 0.20859375
10 0.428125 0.68515625 0.06015625 0.18515625
8 0.2375 0.42734375 0.0703125 0.23125
8 0.3703125 0.44609375 0.0578125 0.19921875
2 0.68125 0.653125 0.02890625 0.1296875
8 0.30703125 0.4375 0.0640625 0.21171875
8 0.47421875 0.46015625 0.046875 0.1765625
10 0.35546875 0.6984375 0.07578125 0.1921875
8 0.06171875 0.7359375 0.12265625 0.26796875
2 0.71015625 0.64921875 0.02578125 0.1234375
2 0.646875 0.65703125 0.03671875 0.13515625
10 0.48828125 0.67578125 0.0546875 0.17265625
8 0.17734375 0.72265625 0.09921875 0.2421875
2 0.61875 0.49453125 0.02890625 0.11875
2 0.64765625 0.49921875 0.02578125 0.11015625
8 0.05 0.40625 0.09765625 0.26640625
2 0.7421875 0.50859375 0.01796875 0.09765625
2 0.67421875 0.5046875 0.02578125 0.10234375
2 0.5765625 0.471875 0.05390625 0.1625
1 0.609375 0.6625 0.03671875 0.14140625
2 0.70234375 0.50390625 0.025 0.10625
2 0.734375 0.6453125 0.021875 0.11640625
2 0.7234375 0.50625 0.01796875 0.10234375
2 0.7625 0.51015625 0.01953125 0.096875
1 0.56484375 0.6671875 0.05 0.14921875
24 0.78203125 0.6390625 0.021875 0.1078125
2 0.78203125 0.5125 0.01796875 0.09375
24 0.7578125 0.6421875 0.021875 0.11171875