18 0.3625 0.3890625 0.028125 0.1984375
8 0.4546875 0.13984375 0.034375 0.271875
10 0.52890625 0.1546875 0.0390625 0.309375
10 0.84375 0.22109375 0.09140625 0.4421875
10 0.7578125 0.203125 0.07578125 0.40546875
10 0.6875 0.1875 0.06171875 0.37421875
10 0.57265625 0.16484375 0.046875 0.3296875
10 0.62578125 0.17578125 0.05703125 0.34921875
10 0.490625 0.14609375 0.0375 0.2890625
8 0.42109375 0.13046875 0.03125 0.25859375
8 0.3671875 0.11875 0.021875 0.2375
17 0.3125 0.34765625 0.01953125 0.184375
18 0.39375 0.41484375 0.03125 0.21015625
8 0.3921875 0.12421875 0.02578125 0.24453125
17 0.33515625 0.365625 0.02421875 0.18671875
22 0.46796875 0.465625 0.05078125 0.22734375
2 0.1703125 0.0734375 0.01640625 0.14375
16 0.34375 0.5765625 0.02578125 0.14921875
2 0.3 0.103125 0.01796875 0.20625
2 0.28046875 0.0984375 0.0203125 0.196875
2 0.31953125 0.10625 0.0234375 0.2125
2 0.34453125 0.1125 0.0234375 0.2234375
16 0.31796875 0.5515625 0.02265625 0.15390625
2 0.1859375 0.07578125 0.01484375 0.15
16 0.2953125 0.53515625 0.0203125 0.153125
17 0.42578125 0.43828125 0.03046875 0.21953125
0 0.26015625 0.09453125 0.01796875 0.184375
2 0.2109375 0.0828125 0.01484375 0.16484375
17 0.290625 0.3328125 0.01953125 0.17109375
2 0.240625 0.090625 0.01875 0.175
18 0.23125 0.27890625 0.01484375 0.15546875
17 0.24921875 0.29921875 0.02265625 0.1671875
16 0.21796875 0.421875 0.028125 0.1109375
14 0.1609375 0.22890625 0.03515625 0.13203125
2 0.19765625 0.078125 0.0125 0.15390625
16 0.36796875 0.61015625 0.0203125 0.1703125
16 0.2484375 0.4546875 0.015625 0.096875
16 0.27265625 0.5015625 0.02421875 0.1453125