8 0.08515625 0.38515625 0.16953125 0.71640625
1 0.76171875 0.44296875 0.0390625 0.29375
2 0.86796875 0.4453125 0.021875 0.23515625
2 0.88828125 0.44609375 0.01796875 0.2234375
1 0.79375 0.44296875 0.0234375 0.278125
2 0.90546875 0.4484375 0.01640625 0.209375
1 0.81875 0.44296875 0.02421875 0.2640625
8 0.60625 0.43828125 0.0546875 0.3609375
8 0.6921875 0.4453125 0.03515625 0.3140625
8 0.5421875 0.4390625 0.06953125 0.39375
1 0.84375 0.4421875 0.02578125 0.25078125
10 0.72578125 0.4484375 0.0296875 0.2953125
8 0.37421875 0.4046875 0.1140625 0.5359375
8 0.65390625 0.4421875 0.03828125 0.33984375
8 0.46875 0.4359375 0.0734375 0.42890625
8 0.24375 0.39609375 0.14296875 0.61328125
2 0.92421875 0.45390625 0.01953125 0.18828125
18 0.9546875 0.46640625 0.0265625 0.1515625