1 0.540625 0.18671875 0.065625 0.31796875
8 0.175 0.146875 0.04296875 0.23984375
16 0.30546875 0.45078125 0.04296875 0.2421875
16 0.34609375 0.4625 0.0375 0.24375
1 0.4234375 0.1890625 0.04609375 0.2625
4 0.2203125 0.42421875 0.03046875 0.2296875
1 0.4765625 0.18046875 0.059375 0.2984375
2 0.759375 0.2265625 0.07109375 0.328125
15 0.578125 0.53671875 0.05390625 0.2796875
16 0.4796875 0.50703125 0.04609375 0.271875
8 0.06875 0.15 0.0265625 0.19453125
0 0.61015625 0.19296875 0.07109375 0.328125
16 0.38984375 0.47578125 0.0484375 0.25390625
10 0.33203125 0.16484375 0.04296875 0.26796875
1 0.3765625 0.18359375 0.0453125 0.25546875
4 0.259375 0.43359375 0.04453125 0.23828125
5 0.08671875 0.384375 0.03671875 0.2125
2 0.84453125 0.21953125 0.0984375 0.36640625
16 0.4359375 0.49140625 0.04140625 0.265625
8 0.1328125 0.14375 0.0359375 0.228125
10 0.284375 0.159375 0.046875 0.25859375
8 0.0984375 0.15078125 0.0296875 0.20234375
10 0.21015625 0.16328125 0.02421875 0.221875
0 0.6859375 0.203125 0.07421875 0.3421875
15 0.63125 0.55546875 0.05078125 0.28984375
10 0.240625 0.16640625 0.03671875 0.2265625
3 0.1578125 0.4015625 0.03046875 0.21796875
15 0.75703125 0.59453125 0.0765625 0.30546875
15 0.5265625 0.51953125 0.04921875 0.27578125
3 0.1890625 0.4125 0.02890625 0.2234375
3 0.1234375 0.39296875 0.0359375 0.21640625
15 0.68671875 0.575 0.059375 0.3