8 0.79375 0.259375 0.06953125 0.24453125
2 0.48125 0.2953125 0.0359375 0.1640625
10 0.66171875 0.2765625 0.0625 0.20546875
10 0.7 0.54609375 0.06796875 0.21640625
1 0.44453125 0.29921875 0.034375 0.153125
2 0.51796875 0.29296875 0.0375 0.1703125
10 0.63359375 0.53359375 0.05859375 0.20078125
10 0.8734375 0.58046875 0.10546875 0.25859375
10 0.60390625 0.2828125 0.04765625 0.19140625
8 0.7265625 0.2671875 0.06171875 0.2296875
2 0.384375 0.30078125 0.028125 0.14921875
10 0.7765625 0.5640625 0.08046875 0.2359375
8 0.87734375 0.24921875 0.09609375 0.2671875
10 0.5578125 0.2875 0.04140625 0.1796875
10 0.5765625 0.5234375 0.0515625 0.18828125
10 0.5265625 0.5125 0.04453125 0.1765625
2 0.35546875 0.30234375 0.028125 0.14453125
2 0.27421875 0.309375 0.028125 0.125
1 0.41328125 0.30234375 0.02578125 0.15
8 0.48125 0.503125 0.04375 0.16640625
2 0.29453125 0.46640625 0.02578125 0.121875
2 0.3265625 0.3046875 0.028125 0.1390625
16 0.73359375 0.8109375 0.05859375 0.20546875
8 0.40625 0.4890625 0.0265625 0.146875
8 0.43984375 0.4953125 0.0359375 0.15546875
2 0.30078125 0.30625 0.0203125 0.1328125
2 0.3484375 0.47734375 0.02578125 0.13359375
2 0.37734375 0.4828125 0.028125 0.13828125
17 0.22265625 0.4515625 0.01953125 0.1015625
18 0.1796875 0.33125 0.0234375 0.078125
2 0.321875 0.471875 0.02578125 0.1265625
16 0.62578125 0.7625 0.04765625 0.18046875
16 0.6765625 0.78515625 0.05 0.190625
17 0.20234375 0.44765625 0.01953125 0.09609375
17 0.140625 0.434375 0.01796875 0.08203125
2 0.2734375 0.46328125 0.01640625 0.11953125
17 0.1578125 0.43828125 0.0140625 0.0875
17 0.1875 0.4453125 0.01171875 0.0953125
17 0.12421875 0.3359375 0.01796875 0.06953125
17 0.17265625 0.440625 0.015625 0.090625
17 0.14921875 0.334375 0.01953125 0.07109375
17 0.24765625 0.45625 0.0265625 0.1078125
5 0.9859375 0.6 0.028125 0.315625
18 0.23125 0.3265625 0.02578125 0.090625
16 0.7984375 0.84140625 0.0640625 0.2140625
11 0.69140625 0.96953125 0.0796875 0.0609375
18 0.20234375 0.328125 0.01796875 0.08359375