17 0.5875 0.1890625 0.11171875 0.23828125
18 0.51171875 0.51640625 0.0796875 0.15
18 0.5984375 0.528125 0.08359375 0.153125
17 0.690625 0.19296875 0.08984375 0.2296875
17 0.6875 0.5171875 0.078125 0.15078125
17 0.4671875 0.1875 0.11171875 0.2296875
18 0.7875 0.1953125 0.09609375 0.225
16 0.21640625 0.446875 0.0796875 0.17890625
16 0.13515625 0.45703125 0.08359375 0.2
16 0.20546875 0.2109375 0.10234375 0.18359375
18 0.97265625 0.19921875 0.0546875 0.2203125
18 0.8921875 0.196875 0.1 0.221875
16 0.08671875 0.2078125 0.128125 0.2015625
17 0.7453125 0.5046875 0.03984375 0.13046875