1 0.490625 0.18671875 0.0609375 0.31015625
8 0.184375 0.15703125 0.04296875 0.23828125
2 0.87421875 0.22421875 0.1046875 0.38203125
16 0.31015625 0.4640625 0.04296875 0.2515625
15 0.590625 0.5546875 0.05703125 0.29765625
0 0.70703125 0.20546875 0.078125 0.34765625
0 0.628125 0.19609375 0.07421875 0.3359375
10 0.34296875 0.17265625 0.04296875 0.271875
4 0.2234375 0.43671875 0.03203125 0.23828125
8 0.14296875 0.153125 0.03671875 0.2296875
1 0.4359375 0.19765625 0.04609375 0.265625
10 0.2953125 0.16796875 0.046875 0.26171875
1 0.55625 0.1921875 0.0671875 0.321875
16 0.3515625 0.4765625 0.03828125 0.26171875
8 0.1078125 0.159375 0.0296875 0.20390625
4 0.2640625 0.44765625 0.0453125 0.24453125
8 0.07890625 0.1578125 0.0265625 0.1984375
16 0.44296875 0.50859375 0.04453125 0.278125
16 0.3953125 0.48828125 0.04921875 0.26796875
2 0.7828125 0.2296875 0.075 0.3359375
1 0.3890625 0.19140625 0.04609375 0.2578125
5 0.090625 0.39765625 0.0359375 0.21796875
10 0.25078125 0.17578125 0.03828125 0.228125
3 0.1609375 0.41640625 0.03203125 0.22578125
15 0.53671875 0.5359375 0.05078125 0.29453125
3 0.1921875 0.42578125 0.02890625 0.23359375
3 0.1265625 0.40625 0.034375 0.221875
15 0.64609375 0.57265625 0.053125 0.31171875
10 0.2203125 0.16953125 0.0234375 0.228125
15 0.7796875 0.61484375 0.08359375 0.33046875
16 0.48828125 0.5234375 0.046875 0.28828125
15 0.70546875 0.59375 0.06328125 0.31953125