8 0.86875 0.30625 0.0875 0.24296875
8 0.78828125 0.3140625 0.06953125 0.221875
8 0.7234375 0.32265625 0.06015625 0.20703125
10 0.62578125 0.57265625 0.05859375 0.19453125
10 0.659375 0.328125 0.06171875 0.19140625
10 0.86171875 0.61796875 0.10234375 0.25
10 0.5671875 0.56171875 0.0515625 0.18359375
10 0.76640625 0.60078125 0.0796875 0.228125
2 0.4796875 0.34453125 0.0359375 0.15078125
10 0.55703125 0.3375 0.04140625 0.16796875
2 0.3515625 0.34921875 0.0296875 0.1359375
10 0.69140625 0.5859375 0.06640625 0.20859375
2 0.51640625 0.340625 0.03828125 0.1609375
1 0.44296875 0.346875 0.034375 0.14296875
2 0.3640625 0.52421875 0.028125 0.13828125
10 0.5171875 0.5515625 0.04453125 0.1734375
10 0.60234375 0.33359375 0.04765625 0.178125
2 0.38203125 0.346875 0.0296875 0.1421875
2 0.33515625 0.51796875 0.0265625 0.13046875
2 0.30703125 0.51328125 0.0265625 0.12578125
16 0.66015625 0.82265625 0.0515625 0.2
1 0.41171875 0.3484375 0.0265625 0.140625
2 0.26796875 0.35546875 0.0296875 0.1203125
16 0.71875 0.84921875 0.06171875 0.209375
8 0.4703125 0.54296875 0.04453125 0.1625
2 0.321875 0.35078125 0.028125 0.13046875
2 0.28046875 0.5078125 0.02578125 0.1203125
8 0.42734375 0.5359375 0.03828125 0.1546875
2 0.29609375 0.353125 0.0234375 0.12578125
18 0.16640625 0.37421875 0.0234375 0.0765625
18 0.1875 0.3734375 0.01640625 0.0796875
16 0.60859375 0.8015625 0.04765625 0.1859375
8 0.39375 0.5296875 0.028125 0.1453125
17 0.20234375 0.49375 0.01796875 0.10078125
2 0.25546875 0.5046875 0.0203125 0.1171875
16 0.78359375 0.87734375 0.06640625 0.2234375
17 0.13359375 0.378125 0.01953125 0.06953125
16 0.51953125 0.76171875 0.0421875 0.17109375
18 0.21953125 0.3703125 0.021875 0.08671875
17 0.18125 0.48984375 0.0203125 0.096875
17 0.16328125 0.48671875 0.0140625 0.0921875
17 0.10703125 0.378125 0.01640625 0.06640625
17 0.146875 0.4828125 0.015625 0.08828125
18 0.20859375 0.37109375 0.0125 0.084375
12 0.40703125 0.8875 0.0625 0.1359375
16 0.86015625 0.89375 0.0828125 0.2125
17 0.225 0.4984375 0.02421875 0.10546875