13 0.4078125 0.5921875 0.03046875 0.1125
0 0.41328125 0.4609375 0.0359375 0.1125
18 0.37578125 0.45625 0.0375 0.10546875
11 0.53828125 0.6234375 0.03984375 0.1265625
10 0.70703125 0.4921875 0.05390625 0.14140625
18 0.33515625 0.4515625 0.03828125 0.103125
10 0.77265625 0.4984375 0.071875 0.146875
10 0.79140625 0.3125 0.06015625 0.14296875
2 0.5015625 0.4703125 0.04453125 0.1203125
8 0.6515625 0.4859375 0.0515625 0.134375
17 0.2375 0.32421875 0.03984375 0.08359375
8 0.5984375 0.48046875 0.0515625 0.12890625
17 0.2984375 0.446875 0.03046875 0.1
13 0.4390625 0.60078125 0.0296875 0.1140625
12 0.7203125 0.66484375 0.0484375 0.140625
17 0.26640625 0.44375 0.03046875 0.0984375
11 0.578125 0.63046875 0.0359375 0.1296875
10 0.73515625 0.31328125 0.04765625 0.13671875
13 0.353125 0.58203125 0.02421875 0.109375
2 0.44453125 0.31796875 0.03203125 0.1140625
8 0.5546875 0.315625 0.03828125 0.121875
2 0.515625 0.3171875 0.0375 0.11796875
2 0.478125 0.3171875 0.03359375 0.11640625
0 0.29296875 0.31796875 0.028125 0.1015625
0 0.35 0.31796875 0.0265625 0.10703125
2 0.54765625 0.475 0.04453125 0.125
3 0.39140625 0.8671875 0.028125 0.1234375
13 0.378125 0.58671875 0.0234375 0.11171875
8 0.59609375 0.3140625 0.0421875 0.12890625
10 0.640625 0.31484375 0.04375 0.12890625
12 0.6703125 0.6546875 0.04609375 0.134375
10 0.68671875 0.3140625 0.04453125 0.1328125
3 0.42578125 0.878125 0.03828125 0.12109375
24 0.6953125 0.8171875 0.05390625 0.1203125
6 0.2484375 0.55703125 0.021875 0.1
1 0.4125 0.31796875 0.03046875 0.11171875
0 0.32265625 0.31796875 0.0265625 0.1046875
24 0.753125 0.834375 0.05234375 0.12421875
11 0.47109375 0.6078125 0.03046875 0.11796875
1 0.4546875 0.46484375 0.04375 0.115625
6 0.22421875 0.553125 0.02421875 0.0984375
3 0.36328125 0.8515625 0.02578125 0.12109375
1 0.3796875 0.31796875 0.03046875 0.109375
24 0.54453125 0.76484375 0.04375 0.109375
12 0.621875 0.64296875 0.04609375 0.134375
3 0.3359375 0.8390625 0.028125 0.11796875
24 0.45859375 0.73828125 0.0359375 0.10078125
5 0.23828125 0.79296875 0.02578125 0.10859375
11 0.50234375 0.61484375 0.028125 0.1234375
12 0.775 0.675 0.05625 0.146875
6 0.3 0.56875 0.0265625 0.10546875
4 0.30859375 0.82734375 0.02421875 0.1171875
24 0.49921875 0.75078125 0.04140625 0.10546875
4 0.28359375 0.815625 0.02421875 0.11640625
24 0.59140625 0.78203125 0.04453125 0.1140625
24 0.35859375 0.7078125 0.034375 0.0796875
24 0.32265625 0.69609375 0.03203125 0.078125
24 0.63984375 0.79921875 0.0484375 0.11640625
6 0.32734375 0.575 0.0234375 0.10703125
24 0.425 0.72890625 0.0265625 0.084375
4 0.2625 0.80546875 0.0203125 0.115625
21 0.23515625 0.4390625 0.0265625 0.09453125
5 0.21640625 0.78671875 0.01796875 0.1015625
24 0.39375 0.71796875 0.03203125 0.08046875
6 0.2734375 0.56328125 0.0203125 0.1015625
18 0.7328125 0.975 0.05234375 0.05