18 0.63125 0.528125 0.078125 0.153125
17 0.71171875 0.51171875 0.07421875 0.146875
17 0.4875 0.196875 0.10546875 0.23203125
17 0.71171875 0.2 0.0734375 0.22578125
17 0.6234375 0.20078125 0.0984375 0.2375
18 0.79140625 0.2015625 0.08359375 0.21640625
18 0.5421875 0.5234375 0.08046875 0.15078125
18 0.9625 0.203125 0.07421875 0.20703125
18 0.88046875 0.203125 0.084375 0.20859375
16 0.26328125 0.4640625 0.065625 0.15078125
16 0.22578125 0.22421875 0.0921875 0.1984375
16 0.11875 0.2265625 0.12578125 0.22421875
16 0.12421875 0.48359375 0.0875 0.19140625
17 0.79453125 0.96796875 0.0703125 0.06328125