8 0.51484375 0.48046875 0.05234375 0.1421875
10 0.7609375 0.49375 0.06796875 0.165625
10 0.69140625 0.48984375 0.0640625 0.15859375
10 0.8390625 0.496875 0.08046875 0.171875
10 0.75546875 0.2828125 0.05625 0.15859375
10 0.81953125 0.27890625 0.065625 0.1640625
10 0.6984375 0.2875 0.05234375 0.15078125
8 0.59140625 0.29453125 0.04453125 0.1453125
10 0.628125 0.48671875 0.05625 0.153125
8 0.5703125 0.48359375 0.05390625 0.1484375
8 0.49453125 0.303125 0.0421875 0.13359375
8 0.4109375 0.4765625 0.04453125 0.134375
10 0.88671875 0.27421875 0.065625 0.1703125
8 0.46015625 0.47890625 0.0515625 0.1375
8 0.5421875 0.29921875 0.0484375 0.1375
18 0.365625 0.48671875 0.0421875 0.103125
2 0.4140625 0.30703125 0.0375 0.12890625
8 0.64296875 0.2890625 0.05390625 0.1484375
2 0.45234375 0.30546875 0.03828125 0.13046875
18 0.32421875 0.484375 0.0375 0.09921875
0 0.30390625 0.309375 0.03828125 0.1265625
0 0.26328125 0.31171875 0.03984375 0.12578125
1 0.37578125 0.31015625 0.0375 0.12421875
1 0.340625 0.3109375 0.03203125 0.1234375
17 0.2796875 0.4796875 0.04609375 0.09140625
1 0.2234375 0.3140625 0.0375 0.1203125
1 0.1875 0.31640625 0.03203125 0.1171875
14 0.0828125 0.45078125 0.0296875 0.11171875
14 0.11953125 0.45234375 0.0421875 0.1140625
1 0.15546875 0.3171875 0.0296875 0.11640625
18 0.971875 0.94921875 0.05625 0.10078125
14 0.01328125 0.446875 0.02578125 0.1046875
14 0.3984375 0.97734375 0.040625 0.0453125