17 0.715625 0.90390625 0.0328125 0.15234375
10 0.2515625 0.8515625 0.0546875 0.23828125
2 0.6546875 0.896875 0.0265625 0.1703125
8 0.3421875 0.59140625 0.04296875 0.20234375
10 0.25078125 0.5625 0.05 0.21953125
8 0.35703125 0.8640625 0.0484375 0.21953125
8 0.44765625 0.625 0.0359375 0.1859375
8 0.40546875 0.8703125 0.04609375 0.2140625
0 0.49140625 0.88046875 0.04453125 0.2
8 0.2984375 0.5796875 0.0453125 0.20859375
8 0.30546875 0.85859375 0.0515625 0.23046875
1 0.59296875 0.890625 0.0328125 0.1796875
10 0.13828125 0.5265625 0.06796875 0.234375
10 0.1921875 0.84140625 0.06171875 0.2484375
2 0.6453125 0.6875 0.0234375 0.15390625
10 0.2 0.546875 0.05546875 0.22421875
17 0.77578125 0.74453125 0.01953125 0.10234375
2 0.6203125 0.68046875 0.0265625 0.15625
10 0.059375 0.83125 0.071875 0.265625
10 0.1296875 0.8359375 0.0625 0.25234375
17 0.803125 0.9078125 0.0265625 0.1265625
1 0.62578125 0.89375 0.03046875 0.17421875
2 0.66953125 0.69453125 0.02421875 0.15
17 0.77578125 0.90859375 0.02578125 0.14453125
8 0.38359375 0.60625 0.040625 0.19609375
2 0.68203125 0.89921875 0.03046875 0.1640625
0 0.5609375 0.8859375 0.0296875 0.1859375
2 0.69296875 0.7015625 0.0234375 0.14765625
17 0.74765625 0.9078125 0.02890625 0.15
17 0.81171875 0.75390625 0.01953125 0.09609375
1 0.5375 0.6546875 0.0328125 0.16953125
17 0.8515625 0.91015625 0.0203125 0.121875
1 0.56796875 0.66328125 0.02890625 0.165625
17 0.8296875 0.91015625 0.021875 0.121875
0 0.53046875 0.88359375 0.0359375 0.19140625
2 0.71484375 0.70859375 0.021875 0.14765625
1 0.509375 0.64453125 0.02578125 0.1734375
17 0.83046875 0.7578125 0.01796875 0.09609375
0 0.4484375 0.875 0.040625 0.20859375
17 0.79296875 0.7484375 0.01640625 0.0984375
1 0.59375 0.67109375 0.02421875 0.16015625
17 0.875 0.9140625 0.02578125 0.115625
18 0.7546875 0.73359375 0.0203125 0.11640625
8 0.4171875 0.61484375 0.0296875 0.18828125
1 0.48046875 0.63515625 0.03203125 0.1796875
18 0.734375 0.7265625 0.01953125 0.121875