9 0.56953125 0.62421875 0.06796875 0.16796875
8 0.55546875 0.4171875 0.0796875 0.16796875
8 0.7484375 0.396875 0.09765625 0.1875
10 0.9046875 0.6359375 0.09453125 0.2
10 0.8109375 0.63046875 0.084375 0.190625
8 0.64296875 0.409375 0.08984375 0.175
8 0.8546875 0.390625 0.10546875 0.1953125
9 0.72578125 0.62734375 0.08046875 0.18359375
9 0.22421875 0.45078125 0.05 0.12890625
9 0.64453125 0.62578125 0.07578125 0.1734375
9 0.50390625 0.62109375 0.06015625 0.1625
9 0.4390625 0.621875 0.0640625 0.15859375
9 0.46796875 0.42578125 0.078125 0.159375
9 0.2796875 0.446875 0.05625 0.13359375
9 0.37421875 0.621875 0.05859375 0.15390625
9 0.396875 0.4328125 0.05859375 0.146875
9 0.3375 0.440625 0.05390625 0.13671875
2 0.0890625 0.6171875 0.04375 0.115625
2 0.13203125 0.61796875 0.03984375 0.11640625
9 0.31640625 0.62109375 0.0515625 0.1484375
9 0.1734375 0.45546875 0.0484375 0.12578125
9 0.21953125 0.6171875 0.04140625 0.13671875
9 0.26484375 0.6203125 0.04765625 0.1421875
9 0.17578125 0.615625 0.04453125 0.13046875