2 0.67265625 0.8984375 0.0265625 0.171875
8 0.39765625 0.6125 0.0390625 0.1921875
17 0.79453125 0.909375 0.02578125 0.14609375
10 0.2734375 0.86015625 0.0515625 0.2359375
8 0.3265625 0.865625 0.05078125 0.23046875
8 0.3765625 0.87109375 0.046875 0.21953125
17 0.734375 0.90546875 0.03203125 0.15390625
10 0.215625 0.8515625 0.0609375 0.24765625
10 0.15390625 0.84453125 0.0609375 0.25390625
2 0.6578125 0.68984375 0.0234375 0.15390625
10 0.21796875 0.5609375 0.053125 0.2203125
8 0.4609375 0.63125 0.03359375 0.184375
2 0.6328125 0.6828125 0.028125 0.15546875
10 0.08671875 0.84375 0.06796875 0.26640625
0 0.4671875 0.88046875 0.040625 0.20390625
10 0.26796875 0.575 0.046875 0.21171875
1 0.55 0.65859375 0.03203125 0.16640625
17 0.8484375 0.909375 0.0234375 0.12421875
0 0.5484375 0.8859375 0.034375 0.19375
0 0.509375 0.88359375 0.04296875 0.1984375
2 0.68203125 0.69609375 0.02421875 0.1515625
8 0.42421875 0.87578125 0.0453125 0.21171875
1 0.6109375 0.89296875 0.0328125 0.1796875
10 0.15859375 0.54296875 0.065625 0.228125
2 0.70546875 0.7015625 0.021875 0.15
8 0.3140625 0.58828125 0.04609375 0.20546875
18 0.76953125 0.73203125 0.0203125 0.11796875
1 0.52109375 0.64921875 0.0265625 0.171875
17 0.76640625 0.90859375 0.02890625 0.15
8 0.3578125 0.60234375 0.04140625 0.19765625
0 0.5796875 0.8890625 0.0296875 0.1859375
17 0.78984375 0.74453125 0.01953125 0.1
17 0.871875 0.90859375 0.0203125 0.12421875
2 0.7015625 0.90234375 0.03046875 0.165625
17 0.82265625 0.90703125 0.0265625 0.13046875
1 0.58046875 0.66796875 0.028125 0.16171875
17 0.82734375 0.75234375 0.01953125 0.09453125
1 0.64375 0.8953125 0.03046875 0.17578125
2 0.728125 0.70859375 0.021875 0.14765625
1 0.60546875 0.675 0.02421875 0.16171875
8 0.43046875 0.6234375 0.0296875 0.1875
17 0.80859375 0.7484375 0.0171875 0.09765625
17 0.8953125 0.91171875 0.02578125 0.11953125
18 0.74921875 0.7265625 0.0203125 0.121875
17 0.84609375 0.75703125 0.01796875 0.09609375
1 0.49375 0.64140625 0.03203125 0.17578125