9 0.653125 0.6125 0.0765625 0.18359375
10 0.9234375 0.6421875 0.09609375 0.20859375
9 0.425 0.3890625 0.0625 0.16328125
9 0.240625 0.39609375 0.05234375 0.14140625
10 0.8265625 0.6296875 0.0859375 0.196875
8 0.80546875 0.38046875 0.1 0.19921875
9 0.7375 0.62109375 0.084375 0.190625
8 0.59765625 0.3859375 0.08203125 0.18203125
8 0.6890625 0.38515625 0.09375 0.1875
9 0.5078125 0.59765625 0.06171875 0.16796875
9 0.49921875 0.38828125 0.0796875 0.17109375
9 0.37421875 0.58828125 0.06015625 0.159375
9 0.44140625 0.59140625 0.065625 0.1625
9 0.5765625 0.60546875 0.0703125 0.175
9 0.31484375 0.58359375 0.05390625 0.15390625
9 0.3625 0.3921875 0.0578125 0.15390625
9 0.3 0.39375 0.06171875 0.1484375
2 0.07734375 0.5609375 0.04375 0.11640625
8 0.9171875 0.38046875 0.1125 0.209375
9 0.1875 0.39609375 0.0484375 0.13828125
9 0.26015625 0.57734375 0.05 0.14921875
9 0.1671875 0.565625 0.04609375 0.1375
9 0.21328125 0.5703125 0.04140625 0.14296875
2 0.121875 0.56328125 0.0421875 0.12578125
4 0.009375 0.39609375 0.01875 0.1234375