8 0.4359375 0.52890625 0.0515625 0.14453125
18 0.33984375 0.53515625 0.04140625 0.109375
2 0.428125 0.34921875 0.03828125 0.1359375
8 0.51875 0.34453125 0.0484375 0.14140625
8 0.3859375 0.5265625 0.04453125 0.1390625
8 0.61953125 0.3359375 0.05546875 0.15390625
10 0.74609375 0.55 0.0734375 0.17578125
8 0.56796875 0.340625 0.04609375 0.1484375
8 0.54921875 0.5359375 0.05546875 0.1546875
18 0.29921875 0.53203125 0.0375 0.1046875
10 0.82734375 0.55390625 0.084375 0.1859375
10 0.6765625 0.33203125 0.05546875 0.1609375
10 0.60859375 0.540625 0.0578125 0.16171875
10 0.8015625 0.325 0.06640625 0.17109375
2 0.38984375 0.3515625 0.0375 0.13046875
10 0.87109375 0.321875 0.06640625 0.175
0 0.28046875 0.35390625 0.03828125 0.12890625
8 0.49140625 0.53203125 0.05390625 0.14921875
10 0.73515625 0.328125 0.05859375 0.165625
10 0.6734375 0.5453125 0.06640625 0.16796875
0 0.240625 0.35546875 0.03828125 0.12578125
8 0.46953125 0.34765625 0.04375 0.13828125
17 0.25703125 0.5265625 0.04375 0.09453125
14 0.0984375 0.496875 0.0421875 0.115625
1 0.3515625 0.3546875 0.0375 0.125
1 0.31640625 0.35546875 0.03203125 0.12421875
1 0.20078125 0.35703125 0.0375 0.1234375
14 0.0625 0.4953125 0.0265625 0.11328125
14 0.0125 0.49140625 0.025 0.1078125
1 0.165625 0.359375 0.03203125 0.1203125
14 0.0375 0.49453125 0.0265625 0.11171875
16 0.04296875 0.9421875 0.028125 0.1140625
1 0.13359375 0.36171875 0.0296875 0.1171875