6 0.1671875 0.559375 0.02421875 0.103125
13 0.359375 0.59765625 0.03046875 0.11953125
2 0.45390625 0.4671875 0.04765625 0.12578125
2 0.503125 0.47109375 0.04765625 0.13046875
17 0.2421875 0.446875 0.03203125 0.1046875
11 0.53984375 0.63515625 0.03828125 0.1375
17 0.175 0.31796875 0.0421875 0.0875
10 0.6703125 0.4859375 0.05625 0.1484375
10 0.753125 0.29453125 0.06171875 0.15078125
10 0.7375 0.490625 0.0734375 0.1546875
18 0.3234375 0.45546875 0.03828125 0.1125
2 0.46484375 0.303125 0.03984375 0.12578125
8 0.61328125 0.48046875 0.05390625 0.1421875
8 0.55546875 0.47578125 0.05390625 0.13671875
2 0.39140625 0.30703125 0.03359375 0.1203125
0 0.3625 0.4578125 0.0375 0.1203125
17 0.2078125 0.44296875 0.03359375 0.103125
11 0.49765625 0.62734375 0.0421875 0.1328125
10 0.5953125 0.29921875 0.04453125 0.13671875
8 0.50546875 0.30078125 0.03984375 0.13203125
18 0.28046875 0.45078125 0.04140625 0.10859375
0 0.29140625 0.309375 0.0265625 0.1125
12 0.7453125 0.6765625 0.05625 0.1546875
10 0.69453125 0.2953125 0.05 0.1453125
8 0.54921875 0.29921875 0.04453125 0.1359375
13 0.3296875 0.59296875 0.02421875 0.11796875
1 0.35625 0.3078125 0.03203125 0.11796875
11 0.46015625 0.61953125 0.028125 0.1296875
10 0.64375 0.296875 0.04765625 0.14140625
1 0.40546875 0.46171875 0.04453125 0.1234375
6 0.19296875 0.5640625 0.0234375 0.10546875
13 0.3015625 0.5875 0.0265625 0.1140625
1 0.3234375 0.309375 0.03359375 0.115625
12 0.5859375 0.6453125 0.04765625 0.1421875
24 0.6671875 0.8265625 0.05625 0.128125
3 0.3859375 0.8984375 0.04140625 0.1328125
3 0.34921875 0.88671875 0.0296875 0.13203125
24 0.4171875 0.75 0.03828125 0.10546875
0 0.26328125 0.31015625 0.028125 0.1109375
2 0.4265625 0.30546875 0.034375 0.1234375
6 0.27421875 0.58203125 0.0234375 0.1125
24 0.5078125 0.7765625 0.04453125 0.115625
0 0.23203125 0.31015625 0.03046875 0.10703125
24 0.4609375 0.76328125 0.0421875 0.11171875
12 0.6375 0.6578125 0.04765625 0.14453125
3 0.28984375 0.8609375 0.0296875 0.121875
12 0.6890625 0.66796875 0.0515625 0.15
3 0.31953125 0.8734375 0.0265625 0.1265625
24 0.72734375 0.84453125 0.05546875 0.13046875
13 0.39375 0.60546875 0.03046875 0.1234375
5 0.1875 0.81328125 0.0265625 0.11171875
6 0.24609375 0.575 0.0265625 0.109375
11 0.42734375 0.61171875 0.03359375 0.12890625
24 0.55625 0.79296875 0.04765625 0.1203125
4 0.2359375 0.83671875 0.02578125 0.12109375
24 0.31171875 0.721875 0.0375 0.08359375
24 0.60859375 0.8109375 0.05234375 0.125
24 0.2734375 0.709375 0.034375 0.08203125
4 0.26171875 0.84609375 0.02578125 0.12578125
24 0.3484375 0.73046875 0.03203125 0.08671875
24 0.38203125 0.7421875 0.028125 0.090625
4 0.2125 0.828125 0.0203125 0.11953125
5 0.16484375 0.80546875 0.01953125 0.1078125
6 0.21875 0.5703125 0.021875 0.10859375
21 0.1765625 0.440625 0.0265625 0.09921875
18 0.653125 0.97421875 0.05234375 0.05078125
16 0.45625 0.91953125 0.04375 0.13359375
16 0.54140625 0.9328125 0.0515625 0.12890625