2 0.09453125 0.63828125 0.10234375 0.2078125
2 0.19453125 0.6234375 0.0875 0.19453125
8 0.61953125 0.5640625 0.05234375 0.14921875
8 0.3125 0.3765625 0.06640625 0.1859375
18 0.65 0.74453125 0.05 0.1171875
8 0.3796875 0.3765625 0.0625 0.1765625
10 0.8515625 0.3484375 0.05234375 0.1625
10 0.89375 0.521875 0.0359375 0.13046875
2 0.23828125 0.3765625 0.07421875 0.196875
2 0.15859375 0.378125 0.08046875 0.20546875
10 0.809375 0.534375 0.03828125 0.1390625
2 0.071875 0.38046875 0.084375 0.21640625
4 0.321875 0.10078125 0.084375 0.2015625
10 0.60859375 0.36953125 0.04765625 0.15546875
10 0.85234375 0.528125 0.0421875 0.1359375
1 0.5 0.5828125 0.06015625 0.159375
5 0.3984375 0.103125 0.0640625 0.20546875
8 0.44453125 0.37421875 0.06015625 0.17109375
3 0.58828125 0.109375 0.05625 0.21640625
8 0.56171875 0.56953125 0.05625 0.16640625
10 0.7234375 0.54609375 0.04609375 0.1484375
10 0.79453125 0.35 0.05546875 0.16640625
10 0.7453125 0.365625 0.03984375 0.1453125
24 0.32890625 0.8203125 0.0703125 0.13046875
8 0.6734375 0.55546875 0.05 0.153125
10 0.9515625 0.34609375 0.04453125 0.153125
10 0.55703125 0.37265625 0.05 0.159375
8 0.503125 0.3734375 0.05234375 0.1640625
10 0.65703125 0.36875 0.04375 0.1515625
0 0.35859375 0.6 0.07421875 0.18203125
12 0.8125 0.1390625 0.05859375 0.18359375
10 0.90390625 0.346875 0.04609375 0.15703125
5 0.46328125 0.1046875 0.05859375 0.209375
10 0.70234375 0.3671875 0.04375 0.1484375
0 0.28046875 0.6109375 0.078125 0.18671875
10 0.93046875 0.5171875 0.03359375 0.1265625
4 0.22578125 0.096875 0.0984375 0.19375
10 0.76875 0.540625 0.03984375 0.1421875
24 0.1859375 0.86171875 0.0734375 0.13828125
1 0.4328125 0.59296875 0.065625 0.16640625
5 0.5265625 0.10703125 0.06171875 0.21328125
18 0.78359375 0.6984375 0.0421875 0.1265625
11 0.75625 0.1328125 0.0515625 0.18828125
12 0.86640625 0.1453125 0.04375 0.175
11 0.70234375 0.12421875 0.05234375 0.2
3 0.646875 0.11328125 0.05546875 0.21171875
6 0.91171875 0.153125 0.04375 0.165625
18 0.83359375 0.6890625 0.0515625 0.12421875
24 0.1015625 0.8671875 0.08046875 0.146875
18 0.73515625 0.6984375 0.05 0.11328125
6 0.95234375 0.1578125 0.0375 0.1625
4 0.10625 0.09375 0.10625 0.1875
24 0.259375 0.834375 0.05625 0.13828125
4 0.02734375 0.09140625 0.05390625 0.1828125
18 0.596875 0.75078125 0.0484375 0.1375