12 0.08515625 0.70234375 0.10546875 0.38359375
11 0.28828125 0.68359375 0.08359375 0.32578125
11 0.36875 0.6765625 0.071875 0.3015625
2 0.4859375 0.378125 0.040625 0.2078125
8 0.65390625 0.66015625 0.0359375 0.2078125
10 0.48828125 0.6765625 0.05078125 0.24609375
6 0.134375 0.2765625 0.0859375 0.34375
10 0.434375 0.68125 0.0515625 0.25625
2 0.590625 0.39921875 0.0296875 0.18359375
11 0.1921875 0.6921875 0.09921875 0.35546875
2 0.52421875 0.3859375 0.0359375 0.2
2 0.621875 0.40390625 0.0296875 0.1796875
2 0.559375 0.39296875 0.03203125 0.18984375
2 0.75078125 0.6484375 0.0234375 0.18359375
10 0.5796875 0.6703125 0.0375 0.221875
2 0.721875 0.6515625 0.03359375 0.1921875
2 0.6515625 0.409375 0.0265625 0.17578125
2 0.68046875 0.41484375 0.02890625 0.1703125
6 0.3109375 0.3171875 0.07421875 0.3
17 0.9109375 0.6515625 0.01640625 0.1015625
8 0.68828125 0.65546875 0.03046875 0.2015625
8 0.6171875 0.66796875 0.034375 0.21015625
17 0.89296875 0.6546875 0.01953125 0.10546875
17 0.71328125 0.41796875 0.0328125 0.16953125
6 0.2234375 0.29453125 0.084375 0.32421875
10 0.5375 0.67265625 0.04296875 0.234375
6 0.38125 0.33125 0.05859375 0.28203125
17 0.7796875 0.64140625 0.03359375 0.18203125
17 0.81328125 0.63828125 0.03203125 0.17578125
6 0.0453125 0.25703125 0.0875 0.36796875
6 0.4375 0.3421875 0.05078125 0.26953125
12 0.0140625 0.71171875 0.028125 0.3984375
17 0.7453125 0.4234375 0.03046875 0.165625
17 0.92734375 0.65 0.015625 0.0984375
17 0.775 0.428125 0.028125 0.16171875
17 0.9609375 0.478125 0.0140625 0.09765625
17 0.9546875 0.64609375 0.0125 0.09375
17 0.9703125 0.64453125 0.01953125 0.09140625
17 0.93359375 0.471875 0.0140625 0.10390625
17 0.9421875 0.6484375 0.0125 0.09609375
17 0.946875 0.47578125 0.01328125 0.1
17 0.9703125 0.4796875 0.0140625 0.09609375
17 0.915625 0.4703125 0.02109375 0.10390625
18 0.98671875 0.48359375 0.015625 0.0921875