8 0.6296875 0.22734375 0.053125 0.24140625
8 0.3578125 0.5421875 0.05546875 0.24140625
2 0.78828125 0.5484375 0.0640625 0.26796875
10 0.31328125 0.23671875 0.06328125 0.2359375
10 0.13203125 0.24609375 0.05546875 0.22578125
17 0.56328125 0.859375 0.05546875 0.2
0 0.8578125 0.55 0.06796875 0.26796875
8 0.41640625 0.5421875 0.0546875 0.2421875
8 0.7453125 0.21953125 0.05546875 0.24765625
8 0.51328125 0.2296875 0.0609375 0.24453125
18 0.78828125 0.85234375 0.084375 0.2484375
8 0.38515625 0.23203125 0.06171875 0.2421875
8 0.47578125 0.54296875 0.05859375 0.24609375
17 0.50546875 0.85078125 0.05390625 0.2015625
10 0.18984375 0.5390625 0.0546875 0.23359375
8 0.5734375 0.22890625 0.05390625 0.2421875
18 0.88125 0.8640625 0.0875 0.25859375
0 0.92890625 0.55078125 0.06796875 0.27421875
2 0.72109375 0.56171875 0.0625 0.2375
8 0.80703125 0.21640625 0.06171875 0.25234375
17 0.44921875 0.8484375 0.053125 0.18984375
17 0.70078125 0.84453125 0.0828125 0.24375
1 0.53671875 0.54453125 0.0578125 0.25
0 0.9390625 0.20703125 0.06640625 0.26796875
17 0.39375 0.84453125 0.0515625 0.1875
10 0.246875 0.546875 0.053125 0.2203125
10 0.08671875 0.53515625 0.05 0.228125
8 0.44921875 0.23203125 0.0609375 0.24375
8 0.68671875 0.2234375 0.05546875 0.2421875
0 0.87265625 0.21015625 0.06328125 0.2640625
1 0.59765625 0.54453125 0.0578125 0.25390625
10 0.24921875 0.24140625 0.05859375 0.2296875
10 0.190625 0.24453125 0.05390625 0.2265625
10 0.0734375 0.24765625 0.0546875 0.221875
17 0.62421875 0.86953125 0.059375 0.19609375
2 0.65859375 0.55390625 0.0578125 0.2421875
8 0.3015625 0.5453125 0.05078125 0.2296875
10 0.1375 0.53671875 0.04609375 0.23046875
16 0.08515625 0.971875 0.0453125 0.05625
16 0.128125 0.98046875 0.03828125 0.03828125
16 0.040625 0.971875 0.04296875 0.05625
16 0.165625 0.98046875 0.03671875 0.03828125