11 0.38046875 0.69921875 0.06640625 0.31796875
12 0.06796875 0.6828125 0.05703125 0.2625
11 0.30859375 0.69609375 0.06796875 0.30546875
2 0.5578125 0.33828125 0.059375 0.26953125
10 0.50859375 0.7234375 0.065625 0.3140625
2 0.7640625 0.30859375 0.07421875 0.3
10 0.44453125 0.7171875 0.0578125 0.29765625
12 0.178125 0.6875 0.053125 0.2796875
2 0.690625 0.31875 0.06796875 0.28984375
10 0.6640625 0.77421875 0.07890625 0.26171875
10 0.5828125 0.73046875 0.07421875 0.3265625
8 0.753125 0.7859375 0.08828125 0.26953125
2 0.621875 0.33046875 0.06328125 0.28046875
11 0.23828125 0.6921875 0.065625 0.29453125
12 0.12421875 0.684375 0.05 0.26796875
2 0.49921875 0.34453125 0.0578125 0.2640625
8 0.95 0.7546875 0.09921875 0.39765625
8 0.8484375 0.746875 0.0953125 0.38203125
6 0.2421875 0.359375 0.0640625 0.26953125
6 0.4328125 0.334375 0.06953125 0.29453125
2 0.934375 0.28203125 0.09453125 0.33203125
2 0.84453125 0.29296875 0.08203125 0.31640625
6 0.3703125 0.34296875 0.05078125 0.2859375
6 0.1828125 0.36953125 0.05 0.26171875
6 0.309375 0.34921875 0.065625 0.28046875
6 0.1359375 0.3734375 0.04140625 0.25625
6 0.08203125 0.38046875 0.05859375 0.24609375
0 0.99140625 0.28125 0.0171875 0.315625