12 0.27734375 0.2359375 0.0703125 0.17578125
4 0.3359375 0.803125 0.04765625 0.15
5 0.48984375 0.8015625 0.04765625 0.15
17 0.68828125 0.45859375 0.06015625 0.1171875
2 0.74140625 0.6375 0.05 0.12578125
8 0.41796875 0.24453125 0.065625 0.1625
17 0.46953125 0.44453125 0.07421875 0.14296875
7 0.56953125 0.6328125 0.0625 0.140625
2 0.2546875 0.634375 0.06171875 0.14453125
10 0.55625 0.2453125 0.0640625 0.16328125
2 0.68984375 0.63828125 0.0484375 0.1296875
6 0.1859375 0.634375 0.0703125 0.14609375
3 0.12265625 0.80703125 0.0515625 0.15078125
10 0.9109375 0.2578125 0.05390625 0.14140625
10 0.6234375 0.246875 0.06171875 0.1609375
17 0.39140625 0.44453125 0.07421875 0.14453125
0 0.38125 0.63046875 0.06015625 0.1453125
1 0.44453125 0.63203125 0.05859375 0.14453125
10 0.965625 0.25703125 0.05234375 0.14453125
7 0.63359375 0.634375 0.05859375 0.13671875
8 0.3484375 0.2421875 0.065625 0.165625
8 0.68515625 0.25625 0.05625 0.14609375
8 0.7984375 0.25703125 0.05390625 0.1453125
5 0.4390625 0.8015625 0.0484375 0.15
10 0.4875 0.2453125 0.065625 0.1609375
11 0.03515625 0.2265625 0.0703125 0.18671875
8 0.74375 0.25703125 0.05390625 0.14609375
5 0.3875 0.803125 0.05 0.15
17 0.7515625 0.4578125 0.05859375 0.11953125
18 0.93359375 0.4578125 0.05625 0.1171875
3 0.06953125 0.8078125 0.05 0.14921875
10 0.8546875 0.2578125 0.05234375 0.1421875
12 0.20078125 0.2328125 0.08046875 0.17890625
1 0.50546875 0.63203125 0.05859375 0.1421875
6 0.05078125 0.634375 0.0578125 0.153125
6 0.11484375 0.63359375 0.065625 0.15
4 0.23046875 0.80546875 0.0515625 0.15
1 0.79375 0.63828125 0.05 0.12578125
0 0.31796875 0.63359375 0.05859375 0.14140625
1 0.84453125 0.63828125 0.04765625 0.1265625
11 0.115625 0.22890625 0.084375 0.184375
16 0.690625 0.78828125 0.03984375 0.12578125
3 0.1765625 0.80625 0.05234375 0.15078125
4 0.284375 0.8046875 0.0515625 0.15
18 0.2328125 0.4421875 0.07421875 0.14609375
1 0.89609375 0.63828125 0.0515625 0.1265625
16 0.64453125 0.79921875 0.05 0.14609375
16 0.540625 0.8015625 0.0484375 0.14921875
18 0.31171875 0.44296875 0.07578125 0.1453125
16 0.84453125 0.796875 0.06171875 0.14296875
24 0.92265625 0.0609375 0.0640625 0.12109375
24 0.85078125 0.06015625 0.0734375 0.1203125
21 0.8125 0.45859375 0.0578125 0.11796875