8 0.375 0.4234375 0.05859375 0.175
17 0.4765625 0.6640625 0.05390625 0.134375
2 0.459375 0.1828125 0.05390625 0.18828125
1 0.73203125 0.15078125 0.0796875 0.2296875
8 0.4421875 0.42734375 0.0703125 0.1796875
1 0.9109375 0.13203125 0.1 0.25
18 0.8484375 0.753125 0.09375 0.1671875
8 0.2625 0.41875 0.0484375 0.159375
0 0.7859375 0.44453125 0.09375 0.22578125
1 0.81640625 0.14296875 0.08359375 0.2375
0 0.34921875 0.1921875 0.0484375 0.17578125
2 0.51875 0.1765625 0.06171875 0.196875
5 0.6609375 0.9078125 0.06015625 0.1625
0 0.60859375 0.4359375 0.0765625 0.20390625
18 0.75390625 0.73203125 0.08203125 0.16171875
0 0.40234375 0.18671875 0.05546875 0.1828125
1 0.6546875 0.159375 0.0703125 0.21796875
17 0.328125 0.63828125 0.0484375 0.10859375
2 0.584375 0.1703125 0.06640625 0.2015625
8 0.31640625 0.42109375 0.05390625 0.16640625
10 0.128125 0.409375 0.03828125 0.1453125
5 0.72578125 0.92265625 0.0671875 0.1546875
5 0.8046875 0.93515625 0.08359375 0.1296875
0 0.69296875 0.440625 0.0875 0.21640625
10 0.21484375 0.415625 0.04140625 0.1546875
9 0.52421875 0.43203125 0.08046875 0.19453125
8 0.25546875 0.20390625 0.04453125 0.159375
4 0.48515625 0.8484375 0.04765625 0.153125
10 0.1703125 0.41171875 0.0421875 0.15078125
17 0.425 0.6546875 0.04375 0.1328125
8 0.2125 0.2078125 0.03984375 0.153125
5 0.5984375 0.8859375 0.06015625 0.159375
0 0.89375 0.45078125 0.1125 0.23828125
17 0.37734375 0.646875 0.04609375 0.121875
0 0.3015625 0.196875 0.04375 0.1671875
4 0.4375 0.83046875 0.04375 0.14921875
5 0.53828125 0.86640625 0.05390625 0.15703125
10 0.08984375 0.4078125 0.0359375 0.14140625
10 0.05078125 0.403125 0.0375 0.13671875
4 0.38984375 0.81640625 0.04453125 0.14453125
3 0.2234375 0.759375 0.0375 0.128125
10 0.1359375 0.215625 0.03203125 0.1421875
10 0.103125 0.21875 0.0296875 0.13828125
10 0.06875 0.2203125 0.034375 0.13671875
10 0.171875 0.2125 0.0359375 0.146875
3 0.121875 0.72421875 0.03046875 0.11796875
3 0.0921875 0.7140625 0.0265625 0.1140625
4 0.3453125 0.8015625 0.03984375 0.1390625
10 0.03828125 0.2234375 0.02421875 0.13203125