4 0.5234375 0.69375 0.05234375 0.14453125
3 0.265625 0.68125 0.0484375 0.1375
16 0.29453125 0.84375 0.0578125 0.1265625
6 0.77734375 0.51171875 0.071875 0.16953125
16 0.140625 0.834375 0.05859375 0.128125
5 0.215625 0.6796875 0.04765625 0.134375
6 0.85390625 0.5125 0.0765625 0.1734375
11 0.52734375 0.5078125 0.05859375 0.1625
4 0.69375 0.703125 0.05859375 0.14921875
4 0.46953125 0.69140625 0.0515625 0.1421875
8 0.27890625 0.15 0.06640625 0.15703125
11 0.3359375 0.50546875 0.05 0.1546875
8 0.20859375 0.15234375 0.06640625 0.15703125
10 0.6875 0.32265625 0.05546875 0.14453125
10 0.48359375 0.140625 0.06640625 0.1640625
16 0.8484375 0.8921875 0.06171875 0.1390625
16 0.2375 0.8421875 0.05390625 0.1296875
8 0.30234375 0.3265625 0.0515625 0.1359375
3 0.315625 0.684375 0.04765625 0.13828125
4 0.75546875 0.70625 0.05859375 0.15078125
10 0.74609375 0.321875 0.0578125 0.1453125
5 0.16640625 0.6765625 0.04609375 0.13359375
5 0.11953125 0.67421875 0.04375 0.1296875
10 0.41484375 0.14296875 0.065625 0.16328125
11 0.58828125 0.51015625 0.05859375 0.16328125
4 0.634375 0.69921875 0.05390625 0.1484375
10 0.51953125 0.32421875 0.05234375 0.1390625
11 0.22265625 0.50390625 0.04765625 0.1546875
10 0.9375 0.31796875 0.06171875 0.15078125
10 0.35625 0.32578125 0.0515625 0.1359375
8 0.14296875 0.15625 0.06015625 0.15078125
8 0.08203125 0.159375 0.05625 0.15
10 0.55546875 0.13671875 0.06796875 0.16640625
10 0.80859375 0.3203125 0.06171875 0.146875
10 0.40859375 0.325 0.05 0.1359375
10 0.6265625 0.13203125 0.06953125 0.16953125
11 0.278125 0.50546875 0.06015625 0.15390625
4 0.57890625 0.696875 0.05390625 0.14609375
10 0.46328125 0.32421875 0.05390625 0.13828125
10 0.63046875 0.32421875 0.0515625 0.1421875
0 0.9375 0.11484375 0.08046875 0.18203125
4 0.81640625 0.71015625 0.06171875 0.15078125
10 0.87265625 0.31953125 0.06171875 0.14921875
8 0.04921875 0.328125 0.0515625 0.1296875
6 0.93515625 0.51328125 0.08203125 0.17421875
8 0.2484375 0.3265625 0.0515625 0.13359375
10 0.57578125 0.32421875 0.05546875 0.140625
8 0.02578125 0.16171875 0.0515625 0.14921875
3 0.365625 0.68671875 0.05 0.140625
0 0.85625 0.1203125 0.07578125 0.17578125
10 0.346875 0.14609375 0.06171875 0.16171875
4 0.88359375 0.7125 0.06796875 0.15390625
12 0.12109375 0.50078125 0.05625 0.1515625
4 0.4171875 0.68984375 0.0484375 0.140625
5 0.07109375 0.67109375 0.0515625 0.12890625
6 0.7125 0.5109375 0.0578125 0.1671875
0 0.7015625 0.12890625 0.07421875 0.1734375
0 0.778125 0.12421875 0.0734375 0.175
11 0.4609375 0.5265625 0.06640625 0.125
16 0.50078125 0.8515625 0.078125 0.11328125
11 0.6515625 0.5109375 0.0625 0.165625
12 0.0625 0.49921875 0.05625 0.15
16 0.5703125 0.85625 0.05546875 0.109375
16 0.90625 0.88671875 0.0515625 0.125
8 0.0984375 0.328125 0.0421875 0.1296875
8 0.196875 0.3453125 0.04765625 0.096875
12 0.1734375 0.503125 0.04453125 0.15
16 0.35859375 0.83828125 0.06015625 0.1078125
8 0.14609375 0.33203125 0.0484375 0.1234375
11 0.39375 0.51953125 0.06015625 0.13203125
16 0.19453125 0.83671875 0.0359375 0.12421875
18 0.01015625 0.3265625 0.01953125 0.1296875