8 0.16953125 0.2265625 0.04609375 0.228125
10 0.90078125 0.5421875 0.0796875 0.25625
10 0.88203125 0.20078125 0.06640625 0.28828125
8 0.21796875 0.22578125 0.0453125 0.23203125
10 0.74453125 0.20546875 0.06328125 0.28046875
10 0.4578125 0.5125 0.059375 0.2234375
8 0.12421875 0.228125 0.04140625 0.22421875
17 0.2296875 0.77734375 0.05703125 0.228125
8 0.421875 0.21796875 0.06171875 0.25
17 0.2921875 0.78828125 0.06171875 0.23203125
8 0.22265625 0.50078125 0.05 0.20234375
17 0.87265625 0.90703125 0.071875 0.1859375
17 0.6640625 0.86875 0.0625 0.2140625
8 0.2640625 0.22421875 0.04453125 0.2359375
8 0.17109375 0.49609375 0.04921875 0.2
17 0.10390625 0.7484375 0.065625 0.2265625
10 0.590625 0.52265625 0.06640625 0.23359375
10 0.9546875 0.19765625 0.07421875 0.29609375
10 0.61796875 0.2109375 0.05703125 0.2703125
10 0.73828125 0.53046875 0.0734375 0.24765625
10 0.8171875 0.534375 0.0765625 0.25546875
8 0.3640625 0.21953125 0.04921875 0.24765625
17 0.35546875 0.79609375 0.05859375 0.2359375
10 0.559375 0.21328125 0.05703125 0.265625
18 0.73046875 0.8828125 0.06328125 0.21796875
8 0.03671875 0.22890625 0.04453125 0.2203125
10 0.81171875 0.203125 0.06640625 0.2859375
17 0.53828125 0.84609375 0.0578125 0.2140625
10 0.6796875 0.20859375 0.0609375 0.2734375
8 0.31328125 0.221875 0.04921875 0.24375
10 0.66171875 0.5265625 0.06796875 0.23828125
8 0.06953125 0.4875 0.04453125 0.19453125
18 0.79921875 0.89140625 0.0671875 0.21640625
8 0.08125 0.2296875 0.040625 0.2234375
17 0.6 0.85625 0.059375 0.21953125
8 0.27734375 0.50546875 0.05390625 0.20859375
10 0.5 0.21875 0.05703125 0.25234375
8 0.11953125 0.4921875 0.05 0.1984375
10 0.5234375 0.51796875 0.0625 0.22578125
21 0.47578125 0.85859375 0.059375 0.1578125
17 0.16953125 0.75859375 0.059375 0.23046875
21 0.415625 0.8515625 0.0546875 0.1515625
8 0.334375 0.51640625 0.05390625 0.19375
8 0.3953125 0.5578125 0.05859375 0.12421875
4 0.01328125 0.7046875 0.02578125 0.17421875
16 0.27109375 0.97265625 0.0703125 0.0546875
10 0.9953125 0.19140625 0.00859375 0.315625
16 0.4015625 0.98515625 0.0640625 0.0296875
5 0.01171875 0.9375 0.0234375 0.12421875
16 0.3375 0.97890625 0.059375 0.0421875