8 0.63125 0.32578125 0.05390625 0.25234375
8 0.51796875 0.3265625 0.053125 0.25390625
2 0.87578125 0.3078125 0.0734375 0.28359375
3 0.4375 0.64140625 0.053125 0.2703125
11 0.0578125 0.646875 0.0671875 0.2625
10 0.1796875 0.315625 0.06640625 0.278125
16 0.54765625 0.63828125 0.0546875 0.26953125
2 0.95234375 0.3046875 0.071875 0.284375
10 0.2484375 0.31640625 0.065625 0.2796875
8 0.38671875 0.31484375 0.06640625 0.28046875
11 0.2609375 0.64453125 0.065625 0.2625
16 0.665625 0.63828125 0.0578125 0.2734375
8 0.57421875 0.32578125 0.0546875 0.2484375
10 0.746875 0.3203125 0.05390625 0.25859375
10 0.6890625 0.32265625 0.0546875 0.2578125
3 0.38203125 0.64140625 0.05390625 0.26953125
3 0.4921875 0.640625 0.0515625 0.26640625
8 0.31796875 0.315625 0.06640625 0.2796875
8 0.45625 0.3140625 0.0640625 0.278125
11 0.1265625 0.6484375 0.06640625 0.25546875
10 0.80546875 0.31875 0.05859375 0.2578125
10 0.11171875 0.31640625 0.06328125 0.2765625
11 0.19453125 0.64765625 0.06328125 0.25546875
16 0.60546875 0.6390625 0.05546875 0.26953125
16 0.7828125 0.6375 0.059375 0.26953125
16 0.9125 0.634375 0.0703125 0.271875
10 0.04453125 0.31640625 0.0640625 0.2765625
3 0.32421875 0.6453125 0.05703125 0.27421875
16 0.72421875 0.6375 0.0546875 0.271875
10 0.79609375 0.03515625 0.065625 0.0703125
10 0.73203125 0.03515625 0.05546875 0.0703125
16 0.97890625 0.63359375 0.0421875 0.2703125
13 0.38359375 0.03984375 0.1109375 0.0796875
10 0.00546875 0.30546875 0.0109375 0.28828125
2 0.9953125 0.30078125 0.00859375 0.278125
16 0.846875 0.63671875 0.0625 0.2703125