10 0.828125 0.7421875 0.08359375 0.27421875
17 0.84453125 0.4 0.0875 0.28359375
8 0.23984375 0.65859375 0.040625 0.2140625
10 0.9234375 0.75703125 0.09453125 0.29140625
10 0.7421875 0.73046875 0.0796875 0.2703125
17 0.75625 0.40078125 0.0796875 0.271875
17 0.93984375 0.3984375 0.0953125 0.2921875
8 0.515625 0.6984375 0.065625 0.24453125
8 0.4484375 0.68671875 0.0625 0.23828125
8 0.11796875 0.64296875 0.03828125 0.1921875
10 0.6625 0.71640625 0.07109375 0.2578125
8 0.2859375 0.66640625 0.04609375 0.21953125
8 0.5875 0.70859375 0.07109375 0.2515625
8 0.3859375 0.67890625 0.0578125 0.23203125
18 0.6734375 0.40078125 0.078125 0.26015625
17 0.22578125 0.390625 0.07109375 0.228125
8 0.15859375 0.6484375 0.040625 0.19765625
8 0.19921875 0.65234375 0.0375 0.20390625
17 0.15703125 0.39375 0.059375 0.2140625
18 0.29921875 0.3890625 0.06640625 0.2375
17 0.1 0.3953125 0.05 0.20234375
18 0.59609375 0.4015625 0.0703125 0.25
18 0.51953125 0.39453125 0.0765625 0.25390625
18 0.36953125 0.38984375 0.06640625 0.24375
17 0.04921875 0.39453125 0.046875 0.19765625
8 0.33203125 0.67109375 0.04296875 0.22578125
18 0.440625 0.3921875 0.0703125 0.24765625
8 0.0453125 0.62890625 0.040625 0.18984375
17 0.9953125 0.40390625 0.00859375 0.29453125
8 0.08203125 0.6375 0.02890625 0.18984375
14 0.89453125 0.9828125 0.08046875 0.034375