20 0.51953125 0.640625 0.08046875 0.1671875
10 0.11171875 0.096875 0.1015625 0.19375
12 0.47734375 0.87265625 0.06953125 0.16640625
8 0.39765625 0.396875 0.06171875 0.15859375
17 0.6 0.6546875 0.071875 0.13359375
10 0.31328125 0.10078125 0.08046875 0.1984375
8 0.3328125 0.396875 0.06171875 0.15859375
8 0.4625 0.39765625 0.06171875 0.159375
12 0.24765625 0.878125 0.07578125 0.16953125
10 0.478125 0.10390625 0.0765625 0.1984375
12 0.403125 0.8734375 0.0703125 0.1671875
2 0.81015625 0.115625 0.07421875 0.190625
0 0.78125 0.3890625 0.06953125 0.17421875
17 0.75234375 0.66015625 0.06953125 0.11640625
17 0.2484375 0.6640625 0.1 0.13828125
0 0.7078125 0.390625 0.06953125 0.17109375
8 0.2171875 0.0984375 0.0984375 0.196875
8 0.56171875 0.1078125 0.08046875 0.19296875
11 0.765625 0.86328125 0.0625 0.159375
18 0.6765625 0.653125 0.06953125 0.13203125
0 0.52578125 0.39765625 0.0578125 0.1578125
11 0.553125 0.86875 0.071875 0.165625
2 0.73046875 0.1125 0.08046875 0.19296875
8 0.64609375 0.1109375 0.08046875 0.19140625
10 0.26640625 0.3953125 0.0640625 0.1625
12 0.16171875 0.87734375 0.08203125 0.17578125
10 0.39765625 0.1046875 0.0765625 0.19453125
10 0.12421875 0.39453125 0.06953125 0.165625
10 0.196875 0.3953125 0.06640625 0.1640625
2 0.88828125 0.1171875 0.0765625 0.18828125
17 0.43359375 0.640625 0.08359375 0.171875
11 0.628125 0.86484375 0.0703125 0.16640625
18 0.83046875 0.6359375 0.078125 0.1578125
11 0.69921875 0.8640625 0.0625 0.1625
0 0.85390625 0.3890625 0.071875 0.1734375
0 0.64296875 0.39765625 0.05546875 0.15703125
12 0.325 0.87578125 0.0734375 0.1640625
0 0.584375 0.3984375 0.05625 0.15546875
17 0.14140625 0.66171875 0.10234375 0.15
11 0.83125 0.865625 0.0625 0.14921875