10 0.03515625 0.23359375 0.06953125 0.39765625
17 0.853125 0.61328125 0.0578125 0.1796875
17 0.65546875 0.61171875 0.07109375 0.25859375
8 0.52890625 0.23125 0.0703125 0.34453125
10 0.2984375 0.2328125 0.08203125 0.36953125
17 0.5765625 0.6265625 0.078125 0.26640625
10 0.11953125 0.23125 0.09453125 0.38984375
10 0.28828125 0.7234375 0.075 0.18984375
8 0.3796875 0.23125 0.075 0.3625
8 0.4546875 0.23046875 0.07109375 0.34765625
17 0.72890625 0.5984375 0.06796875 0.25
8 0.5 0.62890625 0.06953125 0.28203125
7 0.8703125 0.2265625 0.06328125 0.3078125
8 0.603125 0.22734375 0.0703125 0.33984375
17 0.79453125 0.6109375 0.0546875 0.20234375
2 0.8078125 0.2265625 0.05859375 0.3234375
10 0.21171875 0.23125 0.08671875 0.3765625
8 0.43125 0.63984375 0.06171875 0.28828125
10 0.109375 0.69453125 0.10078125 0.315625
10 0.2046875 0.7375 0.0796875 0.19375
2 0.67421875 0.22734375 0.0671875 0.334375
2 0.74375 0.2265625 0.06640625 0.3265625
8 0.3640625 0.6515625 0.06640625 0.29609375
7 0.9390625 0.225 0.071875 0.3