17 0.5890625 0.884375 0.053125 0.1984375
10 0.24140625 0.59296875 0.07421875 0.29140625
8 0.5140625 0.5734375 0.05703125 0.25859375
8 0.4515625 0.578125 0.06171875 0.26796875
1 0.6828125 0.5625 0.05078125 0.2421875
10 0.315625 0.59140625 0.065625 0.271875
1 0.6296875 0.565625 0.0515625 0.24765625
10 0.08203125 0.60078125 0.0796875 0.3078125
10 0.3296875 0.23359375 0.0734375 0.2703125
8 0.67578125 0.25859375 0.04609375 0.23359375
10 0.4078125 0.2390625 0.07421875 0.26171875
2 0.83203125 0.55546875 0.04296875 0.23046875
10 0.16328125 0.596875 0.07421875 0.29765625
10 0.25 0.2265625 0.07578125 0.28359375
0 0.878125 0.55 0.04609375 0.2265625
8 0.721875 0.26015625 0.04296875 0.228125
17 0.75546875 0.83125 0.0578125 0.22421875
17 0.64453125 0.87734375 0.0515625 0.19453125
0 0.9390625 0.2703125 0.0375 0.21015625
17 0.47421875 0.9015625 0.0578125 0.19609375
10 0.1671875 0.2234375 0.08046875 0.2875
8 0.7671875 0.2625 0.04453125 0.22421875
8 0.5734375 0.5703125 0.05546875 0.25234375
8 0.5609375 0.24921875 0.06328125 0.2484375
17 0.53359375 0.89609375 0.05390625 0.1984375
10 0.075 0.215625 0.0875 0.2984375
8 0.8109375 0.26484375 0.040625 0.21796875
8 0.6234375 0.25078125 0.05546875 0.24765625
8 0.4921875 0.24453125 0.0671875 0.2578125
8 0.384375 0.60703125 0.065625 0.22421875
18 0.81953125 0.81875 0.0625 0.2203125
0 0.92421875 0.5453125 0.04296875 0.22421875
17 0.69921875 0.86953125 0.05 0.18984375
8 0.8546875 0.2671875 0.04296875 0.215625
2 0.7828125 0.5625 0.0515625 0.22421875
0 0.8984375 0.26875 0.0421875 0.2125
2 0.7328125 0.55859375 0.04296875 0.23984375
18 0.8859375 0.809375 0.0625 0.215625
3 0.86484375 0.98125 0.03828125 0.0375
3 0.825 0.9859375 0.0390625 0.028125