17 0.14140625 0.52890625 0.04375 0.1
10 0.6484375 0.30703125 0.08828125 0.2015625
8 0.4140625 0.32109375 0.05625 0.17109375
0 0.93359375 0.3015625 0.10390625 0.21796875
8 0.35546875 0.321875 0.0578125 0.1671875
2 0.73984375 0.30703125 0.0875 0.20390625
8 0.2984375 0.32421875 0.05234375 0.159375
0 0.8328125 0.30390625 0.09140625 0.20859375
8 0.3921875 0.53671875 0.05 0.140625
18 0.3390625 0.5375 0.0515625 0.125
10 0.5609375 0.31015625 0.0796875 0.1953125
21 0.18671875 0.53203125 0.0421875 0.1046875
8 0.24375 0.32578125 0.05234375 0.15390625
17 0.05546875 0.51953125 0.0359375 0.10078125
21 0.234375 0.53203125 0.05 0.1140625
8 0.45 0.540625 0.06015625 0.14453125
18 0.28671875 0.53515625 0.0484375 0.11953125
17 0.09609375 0.52421875 0.0421875 0.1
10 0.48125 0.315625 0.071875 0.18203125
10 0.1890625 0.3265625 0.05 0.15
10 0.1375 0.328125 0.04765625 0.1453125
10 0.09296875 0.3296875 0.03828125 0.14140625
10 0.05 0.3296875 0.0421875 0.140625
17 0.1296875 0.67578125 0.04375 0.0921875