8 0.12265625 0.19296875 0.06640625 0.16953125
8 0.25703125 0.2015625 0.06171875 0.159375
8 0.19140625 0.1984375 0.0625 0.1640625
8 0.496875 0.4171875 0.06015625 0.1453125
8 0.3625 0.41328125 0.065625 0.15703125
8 0.43046875 0.41953125 0.0640625 0.14296875
2 0.8375 0.40859375 0.05234375 0.1390625
2 0.95 0.2359375 0.04609375 0.13203125
10 0.21875 0.41328125 0.071875 0.165625
2 0.88984375 0.4078125 0.04765625 0.1375
10 0.2921875 0.41328125 0.06640625 0.1625
10 0.66953125 0.22578125 0.04375 0.1390625
8 0.3203125 0.20625 0.05859375 0.15546875
2 0.8578125 0.23203125 0.04375 0.134375
8 0.38203125 0.209375 0.05859375 0.15390625
17 0.60859375 0.59921875 0.0515625 0.11328125
2 0.9390625 0.40625 0.04765625 0.13359375
18 0.7140625 0.5921875 0.04609375 0.10703125
0 0.71640625 0.2265625 0.04765625 0.1390625
10 0.4484375 0.2140625 0.06015625 0.146875
8 0.05 0.18671875 0.071875 0.178125
17 0.6625 0.59609375 0.0515625 0.1109375
8 0.61875 0.4109375 0.05625 0.146875
10 0.05859375 0.4140625 0.0796875 0.175
10 0.61953125 0.22265625 0.05 0.14140625
17 0.32890625 0.61484375 0.07421875 0.1265625
10 0.50859375 0.21796875 0.05546875 0.14609375
17 0.90703125 0.58515625 0.04453125 0.090625
10 0.565625 0.2203125 0.05234375 0.14453125
8 0.55859375 0.41171875 0.0578125 0.15
18 0.7625 0.5890625 0.04453125 0.1046875
17 0.47890625 0.5953125 0.065625 0.13828125
0 0.72890625 0.409375 0.0578125 0.14453125
16 0.66328125 0.73828125 0.04375 0.12421875
16 0.78515625 0.721875 0.04375 0.1171875
3 0.71171875 0.92734375 0.04765625 0.14453125
10 0.140625 0.41328125 0.07578125 0.16953125
0 0.76484375 0.22890625 0.04453125 0.1375
16 0.09765625 0.81171875 0.06953125 0.14921875
2 0.903125 0.234375 0.04375 0.13359375
17 0.40546875 0.609375 0.0734375 0.125
22 0.0890625 0.62421875 0.0859375 0.1546875
17 0.546875 0.59453125 0.065625 0.134375
0 0.78359375 0.409375 0.0484375 0.140625
17 0.8109375 0.590625 0.04765625 0.09296875
17 0.859375 0.58828125 0.04453125 0.090625
3 0.759375 0.9171875 0.04453125 0.1578125
4 0.57421875 0.94140625 0.04765625 0.1171875
16 0.45625 0.76796875 0.05 0.13359375
16 0.51015625 0.76015625 0.05390625 0.1328125
16 0.87109375 0.7140625 0.04453125 0.1140625
0 0.81171875 0.23046875 0.04453125 0.1359375
3 0.66640625 0.93046875 0.04140625 0.13828125
4 0.5234375 0.94375 0.046875 0.1125
22 0.17578125 0.61875 0.078125 0.1546875
0 0.6734375 0.409375 0.04765625 0.14453125
16 0.56484375 0.75234375 0.0515625 0.1296875
16 0.70546875 0.73203125 0.03984375 0.1203125
16 0.61640625 0.7453125 0.0484375 0.12578125
3 0.62265625 0.93671875 0.04375 0.1265625
16 0.74453125 0.72578125 0.0359375 0.1140625
16 0.828125 0.7171875 0.03984375 0.115625
16 0.2890625 0.78828125 0.05625 0.1390625
5 0.8765625 0.8859375 0.03828125 0.1546875
16 0.16640625 0.8046875 0.0625 0.14609375
3 0.83046875 0.89921875 0.0515625 0.153125
16 0.2296875 0.796875 0.0578125 0.14140625
15 0.3015625 0.95859375 0.05625 0.0828125
16 0.34765625 0.78125 0.05390625 0.1375
16 0.40234375 0.77421875 0.05234375 0.134375
15 0.359375 0.95390625 0.05625 0.0921875
13 0.109375 0.0328125 0.09375 0.065625
15 0.4734375 0.94921875 0.05 0.1015625
15 0.41875 0.953125 0.05546875 0.09296875
8 0.00546875 0.18203125 0.0109375 0.1796875
14 0.1734375 0.97421875 0.05859375 0.0515625
15 0.2375 0.96796875 0.0640625 0.06328125
16 0.25390625 0.61328125 0.06796875 0.14296875