17 0.403125 0.778125 0.09296875 0.321875
17 0.590625 0.7109375 0.08203125 0.28046875
10 0.2390625 0.28046875 0.1453125 0.55859375
17 0.49921875 0.74140625 0.0890625 0.29765625
10 0.6890625 0.2890625 0.07890625 0.38984375
10 0.378125 0.271875 0.1203125 0.54375
18 0.30703125 0.8453125 0.09140625 0.2859375
10 0.08046875 0.29921875 0.1609375 0.5984375
18 0.0890625 0.8828125 0.11171875 0.234375
8 0.49453125 0.26953125 0.1078125 0.50234375
18 0.203125 0.8671875 0.10546875 0.265625
8 0.5984375 0.26484375 0.09453125 0.46640625
10 0.75703125 0.284375 0.0609375 0.3703125
17 0.90546875 0.61953125 0.06953125 0.23984375
8 0.8140625 0.28046875 0.05859375 0.35
8 0.86953125 0.27578125 0.05390625 0.3375
17 0.01484375 0.87421875 0.0296875 0.25
8 0.91796875 0.2703125 0.04921875 0.31640625
17 0.6140625 0.96953125 0.05546875 0.06015625