17 0.64453125 0.4953125 0.0625 0.12578125
10 0.55859375 0.2765625 0.06640625 0.16328125
8 0.29140625 0.28671875 0.06171875 0.15703125
2 0.2265625 0.6671875 0.05546875 0.1421875
17 0.71328125 0.49453125 0.06640625 0.1265625
7 0.59765625 0.6828125 0.0625 0.15
17 0.34375 0.48203125 0.0734375 0.1421875
4 0.2625 0.8359375 0.05 0.1484375
6 0.16640625 0.66171875 0.06015625 0.1421875
7 0.53125 0.6796875 0.0640625 0.1484375
2 0.65859375 0.68984375 0.05546875 0.1421875
8 0.35703125 0.284375 0.0640625 0.15859375
2 0.7171875 0.6921875 0.0578125 0.1421875
12 0.1625 0.28515625 0.06796875 0.165625
6 0.1046875 0.6578125 0.0578125 0.1453125
1 0.46640625 0.67421875 0.05859375 0.14609375
18 0.9296875 0.49609375 0.071875 0.1359375
17 0.42109375 0.48203125 0.07421875 0.14453125
10 0.4875 0.2796875 0.06640625 0.1640625
8 0.7484375 0.278125 0.06015625 0.15546875
10 0.8140625 0.27578125 0.0625 0.15703125
16 0.51328125 0.85546875 0.05390625 0.15546875
5 0.4109375 0.84765625 0.04765625 0.15390625
1 0.7765625 0.696875 0.05625 0.1390625
16 0.85390625 0.88046875 0.06015625 0.1625
18 0.19921875 0.48125 0.06640625 0.1390625
11 0.0890625 0.2859375 0.0734375 0.16640625
10 0.421875 0.28203125 0.06015625 0.159375
8 0.68671875 0.28125 0.0578125 0.1515625
4 0.21328125 0.83203125 0.04609375 0.146875
0 0.3453125 0.6703125 0.05546875 0.1421875
8 0.625 0.2828125 0.05859375 0.153125
5 0.46015625 0.85078125 0.0484375 0.15703125
6 0.04921875 0.6578125 0.0484375 0.14296875
10 0.9484375 0.26796875 0.065625 0.1609375
1 0.4046875 0.6734375 0.0578125 0.14296875
5 0.36015625 0.84375 0.05 0.15390625
16 0.68359375 0.853125 0.05390625 0.1359375
16 0.62578125 0.8625 0.0578125 0.1578125
10 0.88125 0.271875 0.0625 0.15859375
1 0.83671875 0.6984375 0.0578125 0.14296875
12 0.228125 0.284375 0.05859375 0.1640625
0 0.2859375 0.66796875 0.0578125 0.1421875
1 0.89921875 0.7015625 0.0625 0.1421875
3 0.075 0.821875 0.04140625 0.14140625
18 0.2703125 0.48203125 0.06640625 0.14140625
3 0.1171875 0.825 0.04375 0.14453125
11 0.02578125 0.28671875 0.05 0.16640625
4 0.31171875 0.83828125 0.04375 0.15
8 0.99140625 0.265625 0.01640625 0.1671875
19 0.00546875 0.4671875 0.01015625 0.13828125
16 0.5734375 0.98125 0.0875 0.0375