10 0.1265625 0.6734375 0.08359375 0.271875
17 0.64921875 0.66640625 0.08203125 0.265625
7 0.8828125 0.28046875 0.07890625 0.328125
2 0.64765625 0.278125 0.075 0.334375
17 0.734375 0.665625 0.07890625 0.2578125
8 0.484375 0.66015625 0.0671875 0.27421875
2 0.80546875 0.2796875 0.0703125 0.3375
17 0.56328125 0.6703125 0.08046875 0.265625
17 0.88515625 0.7 0.071875 0.18984375
10 0.27421875 0.28046875 0.07109375 0.328125
17 0.81171875 0.684375 0.0671875 0.215625
2 0.72890625 0.2796875 0.078125 0.3375
10 0.19921875 0.2796875 0.071875 0.328125
10 0.12421875 0.28046875 0.07421875 0.3296875
8 0.3484375 0.27734375 0.06953125 0.334375
8 0.49453125 0.28046875 0.071875 0.328125
10 0.28046875 0.721875 0.06796875 0.1703125
8 0.42109375 0.27890625 0.06953125 0.3296875
8 0.4171875 0.6640625 0.0609375 0.27578125
10 0.20703125 0.721875 0.0703125 0.171875
7 0.9625 0.28125 0.071875 0.32421875
8 0.57109375 0.27734375 0.071875 0.334375
10 0.046875 0.28046875 0.075 0.3296875
8 0.3515625 0.66640625 0.06328125 0.2765625