2 0.8046875 0.44453125 0.0703125 0.16171875
17 0.79140625 0.65078125 0.0640625 0.11328125
3 0.59140625 0.959375 0.0484375 0.08046875
0 0.75859375 0.24375 0.0578125 0.153125
8 0.46953125 0.44375 0.05859375 0.15
8 0.28984375 0.2578125 0.05625 0.13828125
2 0.9546875 0.44296875 0.0734375 0.1671875
2 0.87890625 0.44453125 0.071875 0.165625
8 0.53359375 0.44375 0.06015625 0.1515625
3 0.75234375 0.95546875 0.04765625 0.0875
16 0.67265625 0.79921875 0.05234375 0.13359375
2 0.8234375 0.240625 0.0625 0.1578125
8 0.40546875 0.44296875 0.06015625 0.14921875
17 0.859375 0.6578125 0.0640625 0.10859375
0 0.59609375 0.44296875 0.05859375 0.153125
10 0.21953125 0.44140625 0.0578125 0.14296875
10 0.4078125 0.25546875 0.05390625 0.140625
0 0.6625 0.44375 0.06640625 0.15703125
2 0.95703125 0.23671875 0.06171875 0.1609375
16 0.9015625 0.8125 0.065625 0.13828125
0 0.6984375 0.24609375 0.0578125 0.15078125
8 0.23359375 0.259375 0.0515625 0.13828125
18 0.6625 0.64140625 0.05859375 0.12109375
17 0.33359375 0.61953125 0.06796875 0.134375
8 0.28125 0.44296875 0.0578125 0.1453125
10 0.35 0.25703125 0.05546875 0.13828125
10 0.5234375 0.253125 0.05390625 0.1421875
8 0.1796875 0.259375 0.05 0.1390625
0 0.63828125 0.24921875 0.0578125 0.146875
10 0.465625 0.25546875 0.05546875 0.140625
16 0.78046875 0.8046875 0.05390625 0.13359375
10 0.15859375 0.44140625 0.0578125 0.14296875
10 0.040625 0.440625 0.05625 0.140625
18 0.72578125 0.64453125 0.06015625 0.12109375
16 0.44453125 0.78984375 0.0578125 0.13203125
2 0.88984375 0.2390625 0.065625 0.1578125
3 0.53828125 0.95546875 0.0515625 0.0890625
17 0.93046875 0.6609375 0.06953125 0.10859375
17 0.47109375 0.6265625 0.06640625 0.13671875
8 0.34296875 0.44296875 0.05859375 0.146875
17 0.59921875 0.640625 0.05859375 0.11796875
16 0.5625 0.7953125 0.05390625 0.13359375
10 0.58046875 0.2515625 0.05390625 0.14296875
8 0.02578125 0.2609375 0.05 0.13671875
16 0.61796875 0.7984375 0.05234375 0.134375
17 0.403125 0.621875 0.0640625 0.1359375
8 0.0765625 0.2609375 0.04765625 0.1375
0 0.73359375 0.44453125 0.06640625 0.1578125
16 0.5046875 0.79296875 0.05625 0.1328125
8 0.12734375 0.259375 0.0484375 0.1390625
16 0.7265625 0.8015625 0.05234375 0.13046875
10 0.0984375 0.440625 0.05390625 0.14140625
17 0.2640625 0.6234375 0.065625 0.12109375
3 0.64453125 0.9640625 0.05390625 0.071875
17 0.5375 0.63828125 0.05859375 0.1171875
16 0.08046875 0.771875 0.05234375 0.125
16 0.8375 0.8078125 0.05625 0.13671875
4 0.43125 0.95625 0.05 0.0875
5 0.921875 0.96015625 0.04375 0.0796875
4 0.48359375 0.95703125 0.0515625 0.0859375
16 0.38828125 0.78828125 0.05 0.13203125
5 0.8734375 0.96796875 0.05234375 0.06328125
3 0.70078125 0.959375 0.05234375 0.0796875
3 0.8109375 0.9578125 0.06640625 0.084375
16 0.28515625 0.78203125 0.04765625 0.128125
16 0.3359375 0.78515625 0.0484375 0.1296875
16 0.18359375 0.778125 0.04765625 0.125
15 0.1734375 0.94921875 0.0515625 0.1015625
15 0.225 0.95 0.05 0.1
13 0.05703125 0.08046875 0.0671875 0.1609375
22 0.0640625 0.6140625 0.065625 0.12890625
13 0.3765625 0.07421875 0.065625 0.146875
15 0.2765625 0.9515625 0.0484375 0.09609375
2 0.99453125 0.234375 0.01015625 0.1609375
22 0.13359375 0.61640625 0.06953125 0.12890625
13 0.0125 0.0828125 0.0234375 0.16171875
14 0.3796875 0.9578125 0.05 0.084375
15 0.32734375 0.95625 0.05 0.0875
13 0.1203125 0.0796875 0.05546875 0.15859375
16 0.13359375 0.775 0.04765625 0.125
16 0.234375 0.7796875 0.0484375 0.128125
13 0.178125 0.078125 0.06171875 0.15546875
16 0.07421875 0.94609375 0.05234375 0.1078125