17 0.45546875 0.6390625 0.0765625 0.15546875
10 0.50859375 0.134375 0.0640625 0.1796875
10 0.16171875 0.0984375 0.0984375 0.196875
17 0.6015625 0.640625 0.06171875 0.125
11 0.55859375 0.8453125 0.0625 0.1546875
12 0.42265625 0.8625 0.06953125 0.1609375
12 0.49140625 0.85703125 0.0625 0.1578125
17 0.72734375 0.63828125 0.0578125 0.1046875
8 0.484375 0.4046875 0.05546875 0.1484375
8 0.365625 0.40234375 0.05859375 0.15546875
10 0.16640625 0.3984375 0.06640625 0.16640625
20 0.5328125 0.6375 0.06953125 0.1453125
10 0.3015625 0.40078125 0.06171875 0.15859375
17 0.28046875 0.665625 0.09765625 0.14296875
10 0.23515625 0.39921875 0.065625 0.1625
10 0.35703125 0.11796875 0.07578125 0.190625
11 0.7375 0.821875 0.05234375 0.14453125
12 0.27265625 0.8859375 0.07578125 0.1625
11 0.6828125 0.828125 0.05234375 0.15
2 0.84140625 0.16796875 0.0578125 0.1609375
12 0.3484375 0.87578125 0.06953125 0.159375
12 0.18046875 0.89453125 0.09140625 0.175
2 0.72109375 0.15703125 0.0625 0.1671875
8 0.5796875 0.14296875 0.0703125 0.171875
8 0.4265625 0.403125 0.05625 0.1515625
2 0.7828125 0.16328125 0.05546875 0.16328125
0 0.80859375 0.39921875 0.0515625 0.14921875
8 0.2640625 0.10546875 0.09375 0.20078125
18 0.790625 0.6140625 0.06171875 0.1375
10 0.4359375 0.12890625 0.0734375 0.18203125
0 0.75234375 0.4 0.05625 0.153125
18 0.665625 0.63515625 0.0578125 0.121875
8 0.6515625 0.15078125 0.06796875 0.16640625
0 0.54140625 0.40546875 0.05234375 0.14296875
11 0.6234375 0.834375 0.06015625 0.15546875
17 0.171875 0.6484375 0.1078125 0.19140625
0 0.6421875 0.4046875 0.04765625 0.1421875
11 0.79375 0.81953125 0.05625 0.1328125
0 0.69453125 0.4 0.05390625 0.15
0 0.5921875 0.40546875 0.04765625 0.14140625
16 0.4359375 0.98984375 0.0875 0.0203125