2 0.7546875 0.3203125 0.0765625 0.1796875
8 0.44375 0.34296875 0.05625 0.15859375
10 0.509375 0.3359375 0.0703125 0.1703125
8 0.4375 0.54296875 0.05 0.1328125
8 0.3265625 0.353125 0.0515625 0.14609375
8 0.38359375 0.34921875 0.05625 0.1515625
8 0.271875 0.35546875 0.05390625 0.14453125
10 0.21640625 0.35703125 0.0515625 0.14296875
10 0.5875 0.32890625 0.0765625 0.17578125
15 0.8765625 0.74765625 0.06953125 0.1703125
17 0.17890625 0.55078125 0.04609375 0.1015625
8 0.4921875 0.54453125 0.05390625 0.1359375
15 0.28828125 0.71328125 0.05546875 0.10859375
0 0.925 0.309375 0.08828125 0.19140625
0 0.83671875 0.3140625 0.0796875 0.184375
24 0.65546875 0.7359375 0.06640625 0.1484375
18 0.38359375 0.54921875 0.0515625 0.1171875
21 0.278125 0.55 0.05 0.109375
10 0.6703125 0.3234375 0.08046875 0.18046875
21 0.2265625 0.5515625 0.04609375 0.1015625
15 0.94765625 0.75234375 0.06953125 0.1703125
10 0.1625 0.3609375 0.05 0.140625
17 0.0859375 0.546875 0.03984375 0.103125
17 0.13046875 0.546875 0.04453125 0.10546875
10 0.11328125 0.3640625 0.04375 0.1359375
18 0.33046875 0.54921875 0.0484375 0.1140625
10 0.0671875 0.365625 0.04453125 0.1359375
24 0.728125 0.7359375 0.06796875 0.15078125
17 0.16640625 0.69609375 0.04765625 0.09140625
24 0.5875 0.72890625 0.06015625 0.1421875
17 0.10546875 0.7015625 0.0421875 0.09140625
24 0.803125 0.74140625 0.06953125 0.1609375
15 0.23671875 0.709375 0.04453125 0.10703125
1 0.98671875 0.05078125 0.0265625 0.1015625
15 0.3421875 0.715625 0.05 0.1125
24 0.3953125 0.721875 0.0515625 0.11640625
15 0.99140625 0.7640625 0.01640625 0.17890625