9 0.58671875 0.1546875 0.05390625 0.26015625
9 0.70234375 0.1484375 0.0546875 0.26171875
9 0.5296875 0.15625 0.05390625 0.2578125
8 0.20703125 0.17578125 0.05390625 0.23984375
9 0.7609375 0.14453125 0.0578125 0.2625
9 0.64375 0.1515625 0.05546875 0.26015625
9 0.1203125 0.50703125 0.05859375 0.26171875
8 0.09296875 0.1734375 0.0546875 0.2515625
9 0.4734375 0.15859375 0.0546875 0.2578125
8 0.15 0.17578125 0.053125 0.24453125
9 0.05703125 0.50859375 0.0625 0.26015625
8 0.3078125 0.16640625 0.04921875 0.25234375
8 0.259375 0.16875 0.04609375 0.25
0 0.81953125 0.140625 0.0546875 0.2625
10 0.715625 0.48671875 0.06328125 0.2640625
10 0.453125 0.50390625 0.0625 0.2484375
8 0.3140625 0.5 0.0625 0.2578125
8 0.0359375 0.17578125 0.05546875 0.25234375
10 0.36171875 0.1625 0.05390625 0.25625
10 0.51796875 0.49609375 0.0609375 0.25859375
10 0.9203125 0.47734375 0.0671875 0.26796875
10 0.78359375 0.48359375 0.06328125 0.265625
10 0.85078125 0.48046875 0.0640625 0.26640625
8 0.184375 0.50390625 0.0625 0.2578125
10 0.5828125 0.49140625 0.06171875 0.2640625
8 0.24921875 0.50234375 0.06171875 0.2578125
13 0.7515625 0.7953125 0.06796875 0.25390625
10 0.6484375 0.48984375 0.0625 0.2640625
10 0.4171875 0.16171875 0.0515625 0.25390625
6 0.484375 0.803125 0.05703125 0.25
8 0.38203125 0.50078125 0.0671875 0.25625
17 0.94375 0.80234375 0.0546875 0.20234375
0 0.93671875 0.1328125 0.059375 0.265625
12 0.29765625 0.8078125 0.0578125 0.2515625
0 0.87734375 0.1359375 0.05703125 0.26953125
6 0.4234375 0.803125 0.059375 0.25234375
22 0.815625 0.79375 0.05703125 0.24140625
12 0.359375 0.80546875 0.06171875 0.2515625
2 0.9796875 0.47421875 0.040625 0.27578125
17 0.98828125 0.809375 0.0234375 0.21171875
13 0.6796875 0.79765625 0.06953125 0.25390625
13 0.5453125 0.80234375 0.0609375 0.2515625
22 0.88125 0.7921875 0.06640625 0.23046875
11 0.0921875 0.81328125 0.07109375 0.2578125
13 0.609375 0.809375 0.06328125 0.23046875
2 0.9890625 0.13671875 0.02109375 0.25234375