10 0.5953125 0.34453125 0.0796875 0.37578125
17 0.5078125 0.7578125 0.0921875 0.30546875
8 0.76640625 0.34140625 0.0875 0.38046875
18 0.234375 0.7734375 0.075 0.24609375
18 0.159375 0.7703125 0.06953125 0.24140625
17 0.31796875 0.74921875 0.0875 0.2984375
17 0.4109375 0.753125 0.09140625 0.3
10 0.5125 0.32734375 0.07890625 0.40859375
8 0.67890625 0.3421875 0.08046875 0.37421875
18 0.0875 0.76484375 0.0671875 0.23984375
10 0.22890625 0.3265625 0.0921875 0.39140625
8 0.4203125 0.325 0.09453125 0.40390625
17 0.02578125 0.759375 0.0515625 0.23828125
8 0.8578125 0.33984375 0.08671875 0.38203125
8 0.32421875 0.3265625 0.0921875 0.4
10 0.1375 0.32578125 0.08359375 0.384375
8 0.95234375 0.3296875 0.0953125 0.3875
10 0.0515625 0.328125 0.08359375 0.37578125
10 0.009375 0.3296875 0.0171875 0.37578125
17 0.3046875 0.9828125 0.0671875 0.034375
17 0.946875 0.796875 0.10546875 0.365625