2 0.74765625 0.16875 0.07578125 0.29453125
18 0.30625 0.7765625 0.0671875 0.24609375
8 0.33359375 0.2046875 0.0484375 0.24375
10 0.078125 0.4796875 0.0515625 0.20390625
8 0.34296875 0.4890625 0.0515625 0.221875
8 0.284375 0.20859375 0.04609375 0.2359375
8 0.2375 0.21171875 0.04453125 0.23203125
10 0.471875 0.49453125 0.0671875 0.23203125
1 0.92265625 0.153125 0.09296875 0.30625
17 0.85 0.53515625 0.0734375 0.215625
17 0.171875 0.7671875 0.0609375 0.21796875
17 0.50703125 0.82109375 0.06640625 0.2421875
17 0.93125 0.5375 0.0796875 0.2203125
17 0.5796875 0.83046875 0.07109375 0.24609375
17 0.96640625 0.90078125 0.0671875 0.1984375
10 0.1515625 0.21875 0.04140625 0.221875
8 0.38671875 0.203125 0.0515625 0.24375
10 0.403125 0.49296875 0.06171875 0.22421875
2 0.66953125 0.16953125 0.0734375 0.29765625
1 0.82890625 0.15546875 0.0828125 0.3109375
10 0.19375 0.21640625 0.0390625 0.22578125
8 0.23203125 0.48671875 0.05078125 0.21015625
10 0.06796875 0.2234375 0.0421875 0.215625
8 0.5453125 0.5 0.0703125 0.23359375
18 0.77578125 0.52109375 0.07109375 0.2375
18 0.65546875 0.84140625 0.0734375 0.26015625
10 0.1796875 0.4796875 0.0484375 0.21640625
0 0.59453125 0.175 0.0734375 0.28828125
18 0.23671875 0.77109375 0.0625 0.23046875
8 0.621875 0.5046875 0.0765625 0.2375
0 0.51953125 0.18203125 0.06953125 0.28203125
10 0.109375 0.22109375 0.03828125 0.21796875
18 0.734375 0.85625 0.07421875 0.2640625
17 0.1078125 0.74921875 0.06171875 0.2296875
18 0.7015625 0.51875 0.0703125 0.23359375
8 0.2875 0.528125 0.053125 0.134375
0 0.4484375 0.1875 0.06640625 0.27421875
10 0.13046875 0.4828125 0.0453125 0.20390625
21 0.8890625 0.89609375 0.07578125 0.2078125
17 0.9890625 0.5203125 0.021875 0.2640625
21 0.8109375 0.8890625 0.06796875 0.2203125
11 0.2421875 0.97109375 0.02890625 0.05625
1 0.98984375 0.15234375 0.0171875 0.3046875
11 0.2828125 0.9734375 0.046875 0.05234375
12 0.0265625 0.02734375 0.053125 0.0546875
13 0.340625 0.98125 0.0546875 0.0375
12 0.20703125 0.96796875 0.0390625 0.0625
13 0.39921875 0.9859375 0.05703125 0.028125