10 0.790625 0.30546875 0.07890625 0.27421875
4 0.58828125 0.70234375 0.05546875 0.30390625
8 0.59453125 0.3234375 0.053125 0.2359375
10 0.87109375 0.3046875 0.07421875 0.27578125
4 0.3734375 0.69140625 0.0484375 0.2859375
5 0.64609375 0.70546875 0.05703125 0.30625
4 0.42421875 0.69453125 0.05078125 0.28828125
3 0.221875 0.68515625 0.0484375 0.2765625
10 0.95078125 0.303125 0.07578125 0.2875
17 0.0984375 0.3375 0.06640625 0.23359375
18 0.1640625 0.3359375 0.0609375 0.234375
3 0.0796875 0.67734375 0.0453125 0.265625
10 0.48125 0.3296875 0.053125 0.22421875
8 0.53828125 0.32890625 0.0546875 0.22578125
8 0.65234375 0.32109375 0.0578125 0.24375
4 0.32265625 0.68828125 0.05 0.28359375
10 0.37734375 0.3375 0.05078125 0.2296875
3 0.271875 0.68671875 0.0484375 0.28046875
5 0.7671875 0.73359375 0.06171875 0.26953125
17 0.03125 0.3375 0.0625 0.23046875
8 0.71328125 0.31953125 0.05859375 0.25
5 0.8953125 0.72734375 0.06328125 0.2984375
10 0.428125 0.33203125 0.04921875 0.2234375
5 0.70546875 0.70703125 0.05859375 0.31171875
5 0.83125 0.74375 0.0625 0.25859375
5 0.9640625 0.72109375 0.07109375 0.3296875
18 0.23203125 0.33359375 0.0671875 0.23828125
3 0.125 0.67890625 0.04453125 0.2703125
4 0.47734375 0.71953125 0.0515625 0.24765625
4 0.53203125 0.7234375 0.053125 0.25
3 0.17265625 0.68203125 0.046875 0.2734375
16 0.97265625 0.971875 0.0546875 0.05625
18 0.3078125 0.33359375 0.078125 0.24140625
16 0.909375 0.96875 0.0703125 0.0625
10 0.99453125 0.29921875 0.0109375 0.29765625