17 0.8125 0.9328125 0.09453125 0.13359375
8 0.4484375 0.6625 0.06015625 0.1671875
2 0.10703125 0.440625 0.03046875 0.13046875
10 0.80234375 0.72578125 0.0859375 0.203125
10 0.9015625 0.7421875 0.0984375 0.2109375
10 0.51015625 0.465625 0.0578125 0.16796875
10 0.78515625 0.4609375 0.10625 0.23359375
8 0.38828125 0.65234375 0.0515625 0.15859375
0 0.14609375 0.609375 0.04140625 0.1390625
6 0.91796875 0.1578125 0.1265625 0.26640625
10 0.67734375 0.45703125 0.09609375 0.2203125
10 0.71640625 0.71171875 0.0796875 0.19609375
8 0.14140625 0.44296875 0.03359375 0.134375
10 0.45234375 0.4625 0.05234375 0.1625
10 0.58359375 0.453125 0.08359375 0.2078125
10 0.90859375 0.46484375 0.1265625 0.2484375
18 0.71171875 0.921875 0.08828125 0.15546875
2 0.07265625 0.4390625 0.03359375 0.12890625
2 0.0375 0.43671875 0.03359375 0.125
8 0.33359375 0.6453125 0.0515625 0.14609375
6 0.8015625 0.16796875 0.1 0.25390625
10 0.4 0.46015625 0.04765625 0.15546875
11 0.45 0.20078125 0.071875 0.21796875
17 0.89921875 0.94140625 0.0734375 0.1171875
10 0.35 0.45703125 0.04765625 0.15
11 0.52578125 0.1984375 0.07578125 0.21953125
2 0.103125 0.60078125 0.03984375 0.13203125
10 0.30390625 0.4546875 0.0421875 0.14609375
10 0.640625 0.6953125 0.065625 0.1875
3 0.378125 0.21015625 0.065625 0.20546875
12 0.70390625 0.17578125 0.09140625 0.246875
12 0.6109375 0.184375 0.0875 0.2390625
1 0.28125 0.634375 0.04765625 0.1484375
10 0.57578125 0.684375 0.05859375 0.18359375
2 0.0640625 0.5953125 0.0359375 0.1265625
5 0.22421875 0.2265625 0.04453125 0.1875
8 0.26015625 0.45078125 0.0421875 0.1421875
4 0.03984375 0.240625 0.05 0.16953125
0 0.18984375 0.6171875 0.0421875 0.1421875
8 0.17734375 0.44609375 0.0359375 0.13671875
18 0.6265625 0.9046875 0.071875 0.165625
4 0.08671875 0.2375 0.04140625 0.17421875
8 0.2171875 0.44921875 0.03984375 0.1390625
10 0.5125 0.67421875 0.06171875 0.175
1 0.23359375 0.62578125 0.0421875 0.14296875
3 0.3171875 0.215625 0.0515625 0.19921875
5 0.26953125 0.22109375 0.0421875 0.19296875
24 0.38828125 0.8328125 0.05625 0.14140625
5 0.17734375 0.228125 0.04609375 0.18359375
4 0.13046875 0.23203125 0.04609375 0.1796875
4 0.0078125 0.24296875 0.015625 0.16328125
17 0.53359375 0.846875 0.03984375 0.0984375