10 0.17421875 0.403125 0.07578125 0.29140625
11 0.16796875 0.75234375 0.07421875 0.27421875
11 0.24453125 0.73359375 0.071875 0.271875
10 0.0921875 0.40390625 0.08046875 0.30390625
8 0.3171875 0.4046875 0.06171875 0.2625
2 0.7390625 0.3984375 0.03671875 0.1875
8 0.37890625 0.4046875 0.05546875 0.25390625
11 0.08671875 0.7734375 0.0828125 0.28984375
2 0.7 0.39921875 0.0390625 0.19453125
10 0.25 0.4046875 0.06796875 0.2765625
8 0.48359375 0.41484375 0.0390625 0.21015625
16 0.496875 0.67421875 0.04140625 0.23046875
10 0.5984375 0.41171875 0.03359375 0.19140625
11 0.02109375 0.7953125 0.0421875 0.30234375
8 0.56171875 0.41328125 0.03671875 0.1984375
10 0.0234375 0.4046875 0.04609375 0.3203125
8 0.43515625 0.40390625 0.0515625 0.2421875
10 0.62578125 0.128125 0.04140625 0.1984375
3 0.41171875 0.69765625 0.04453125 0.24453125
3 0.4546875 0.68515625 0.0390625 0.2359375
10 0.66953125 0.1296875 0.0421875 0.20859375
3 0.3640625 0.70703125 0.04609375 0.25546875
8 0.5234375 0.41328125 0.03671875 0.20390625
16 0.5375 0.6640625 0.0375 0.22421875
18 0.821875 0.39921875 0.03359375 0.165625
17 0.9609375 0.39765625 0.021875 0.1421875
10 0.66328125 0.40859375 0.03046875 0.18203125
18 0.7828125 0.4 0.040625 0.171875
10 0.63203125 0.409375 0.0296875 0.18828125
16 0.5765625 0.65625 0.03828125 0.215625
18 0.85546875 0.39921875 0.02890625 0.16015625
17 0.9859375 0.39765625 0.025 0.13984375
16 0.646875 0.64140625 0.03203125 0.2015625
16 0.61328125 0.6484375 0.034375 0.20859375
16 0.753125 0.61484375 0.0359375 0.1796875
16 0.80390625 0.6046875 0.025 0.16953125
17 0.9390625 0.3984375 0.02109375 0.14609375
3 0.31171875 0.71953125 0.05703125 0.26640625
16 0.7171875 0.625 0.0328125 0.1875
16 0.78125 0.609375 0.01796875 0.171875
16 0.68203125 0.63359375 0.03671875 0.19609375