20 0.81484375 0.49453125 0.0609375 0.24140625
19 0.109375 0.53203125 0.0640625 0.21640625
17 0.37265625 0.525 0.06171875 0.2140625
3 0.63828125 0.8015625 0.04921875 0.23828125
3 0.48203125 0.81640625 0.05078125 0.234375
17 0.44609375 0.50390625 0.0765625 0.25234375
3 0.53515625 0.8109375 0.05 0.24375
8 0.403125 0.16328125 0.06640625 0.26015625
8 0.540625 0.16640625 0.065625 0.25625
15 0.26171875 0.83046875 0.05859375 0.23828125
10 0.33203125 0.16328125 0.06796875 0.25625
8 0.6765625 0.16640625 0.06328125 0.2515625
17 0.240625 0.5296875 0.0625 0.21796875
3 0.42890625 0.815625 0.0515625 0.23203125
10 0.1078125 0.16171875 0.07421875 0.265625
17 0.30703125 0.528125 0.0625 0.21796875
10 0.18359375 0.16328125 0.06953125 0.26171875
5 0.78515625 0.7921875 0.04609375 0.23359375
17 0.52421875 0.503125 0.0734375 0.25390625
8 0.471875 0.16484375 0.065625 0.26171875
10 0.2578125 0.16328125 0.07109375 0.26015625
15 0.146875 0.83359375 0.0578125 0.25546875
15 0.02734375 0.8453125 0.0546875 0.24609375
0 0.809375 0.16875 0.0640625 0.24609375
10 0.034375 0.15859375 0.0671875 0.2703125
18 0.74921875 0.49765625 0.0640625 0.24453125
17 0.17578125 0.53125 0.0625 0.2140625
1 0.9421875 0.16953125 0.06328125 0.24453125
1 0.87578125 0.1703125 0.06171875 0.24375
3 0.37265625 0.8171875 0.0546875 0.2421875
8 0.61015625 0.165625 0.065625 0.2515625
0 0.7421875 0.16640625 0.06328125 0.2484375
15 0.08671875 0.834375 0.06328125 0.25390625
18 0.6 0.5 0.0734375 0.25
15 0.2046875 0.83046875 0.05859375 0.25
15 0.31796875 0.81953125 0.053125 0.24140625
18 0.6765625 0.4984375 0.071875 0.24609375
4 0.7359375 0.7953125 0.04921875 0.23359375
18 0.03671875 0.5359375 0.0734375 0.22421875
5 0.93359375 0.78125 0.05546875 0.22421875
4 0.68671875 0.8015625 0.0453125 0.2296875
3 0.58671875 0.8046875 0.04921875 0.2421875
5 0.8359375 0.7890625 0.05 0.23359375
1 0.98828125 0.16953125 0.0234375 0.2515625