9 0.14453125 0.503125 0.07890625 0.30859375
9 0.66796875 0.21171875 0.03203125 0.2015625
9 0.634375 0.20546875 0.03359375 0.2078125
9 0.05703125 0.50546875 0.08671875 0.321875
9 0.5578125 0.19140625 0.03828125 0.2234375
9 0.515625 0.1828125 0.0421875 0.2296875
8 0.3640625 0.49140625 0.06171875 0.2640625
8 0.203125 0.13125 0.0640625 0.2625
10 0.66875 0.47578125 0.03671875 0.20546875
8 0.325 0.15 0.05 0.2515625
12 0.39140625 0.79453125 0.05390625 0.26171875
8 0.26796875 0.14140625 0.059375 0.26015625
8 0.0515625 0.12265625 0.0796875 0.24375
10 0.4890625 0.484375 0.0546875 0.23828125
10 0.62890625 0.478125 0.0390625 0.21171875
2 0.83828125 0.46640625 0.02421875 0.178125
8 0.22578125 0.4984375 0.071875 0.28828125
7 0.91796875 0.4609375 0.0265625 0.1625
9 0.70078125 0.21640625 0.0328125 0.19609375
0 0.8890625 0.4625 0.0265625 0.16640625
10 0.7734375 0.46875 0.0328125 0.18828125
8 0.29765625 0.49453125 0.06640625 0.2765625
10 0.471875 0.1734375 0.04140625 0.2375
11 0.1796875 0.8546875 0.078125 0.290625
8 0.4265625 0.4875 0.059375 0.25234375
9 0.596875 0.1984375 0.0359375 0.215625
10 0.70546875 0.4734375 0.03359375 0.1984375
10 0.42578125 0.1640625 0.04609375 0.24609375
0 0.7609375 0.225 0.0296875 0.184375
11 0.084375 0.86171875 0.10546875 0.2765625
2 0.80859375 0.46640625 0.03359375 0.18359375
6 0.446875 0.78046875 0.0515625 0.24765625
8 0.3765625 0.15546875 0.05 0.25390625
13 0.675 0.71484375 0.0421875 0.20546875
24 0.88984375 0.246875 0.0296875 0.165625
10 0.58671875 0.48046875 0.0390625 0.221875
10 0.5421875 0.48359375 0.0453125 0.228125
10 0.73984375 0.4703125 0.03203125 0.19375
12 0.3296875 0.80859375 0.065625 0.278125
8 0.13046875 0.12734375 0.0734375 0.2546875
22 0.7109375 0.70625 0.028125 0.18359375
22 0.74375 0.70078125 0.03359375 0.16796875
0 0.7890625 0.228125 0.025 0.18203125
0 0.86328125 0.46328125 0.02421875 0.171875
0 0.73203125 0.2203125 0.0265625 0.18984375
24 0.8578125 0.2421875 0.03046875 0.16796875
24 0.821875 0.2359375 0.0375 0.17421875
17 0.7734375 0.6984375 0.02421875 0.1484375
24 0.91796875 0.25234375 0.025 0.15859375
12 0.2578125 0.878125 0.06953125 0.18828125
6 0.496875 0.76640625 0.0453125 0.234375
17 0.83671875 0.6875 0.0234375 0.1421875
17 0.80625 0.69453125 0.0359375 0.1484375
24 0.9421875 0.25625 0.02109375 0.15390625
1 0.94140625 0.45859375 0.01796875 0.15625
17 0.99453125 0.63046875 0.0109375 0.13046875
24 0.98671875 0.27265625 0.0234375 0.1296875
13 0.63203125 0.7265625 0.0375 0.2125
24 0.9640625 0.27109375 0.0203125 0.128125
14 0.946875 0.64140625 0.01953125 0.14765625
24 0.9796875 0.4734375 0.0171875 0.115625
24 0.99453125 0.471875 0.0109375 0.1125
13 0.54375 0.7546875 0.0453125 0.228125
3 0.9703125 0.63515625 0.02578125 0.14453125
24 0.9609375 0.475 0.01953125 0.1203125