10 0.5671875 0.48359375 0.0640625 0.2234375
17 0.646875 0.78671875 0.05859375 0.2296875
10 0.26328125 0.16953125 0.0578125 0.26015625
17 0.5828125 0.79375 0.0640625 0.23046875
10 0.4984375 0.484375 0.0671875 0.22578125
10 0.1359375 0.159375 0.0625 0.2734375
8 0.38203125 0.178125 0.05390625 0.25625
10 0.22265625 0.48359375 0.06796875 0.24453125
17 0.91953125 0.49921875 0.0484375 0.165625
8 0.49453125 0.18828125 0.05390625 0.24765625
8 0.70234375 0.484375 0.0640625 0.2125
2 0.75546875 0.20859375 0.0578125 0.2296875
17 0.87109375 0.5015625 0.0453125 0.16796875
17 0.08828125 0.82734375 0.0953125 0.29140625
10 0.14765625 0.5328125 0.0703125 0.15546875
10 0.06640625 0.48046875 0.0796875 0.2640625
8 0.43828125 0.18125 0.05390625 0.25546875
10 0.06796875 0.15390625 0.06640625 0.278125
0 0.69296875 0.2 0.0625 0.23984375
10 0.20078125 0.165625 0.0609375 0.26640625
17 0.18515625 0.83515625 0.0890625 0.25234375
8 0.29453125 0.47578125 0.0671875 0.25
0 0.625 0.19375 0.065625 0.2484375
1 0.9265625 0.2203125 0.05546875 0.2125
8 0.3234375 0.17421875 0.0578125 0.2578125
18 0.77421875 0.7765625 0.05546875 0.21953125
17 0.928125 0.77734375 0.0453125 0.1734375
8 0.63515625 0.48359375 0.0640625 0.21640625
2 0.81328125 0.21328125 0.05390625 0.221875
18 0.71171875 0.78046875 0.06171875 0.22421875
17 0.9765625 0.7765625 0.04609375 0.1703125
8 0.36328125 0.52578125 0.0609375 0.14765625
8 0.428125 0.52421875 0.0609375 0.1484375
0 0.5578125 0.18984375 0.0640625 0.25234375
1 0.8703125 0.21640625 0.0546875 0.21640625
18 0.76953125 0.49375 0.059375 0.19375
18 0.82421875 0.49375 0.0453125 0.18984375
24 0.97421875 0.48125 0.05078125 0.20234375
14 0.81953125 0.96328125 0.03828125 0.0734375
14 0.85859375 0.96015625 0.03828125 0.0796875
14 0.73671875 0.9703125 0.040625 0.05859375
16 0.778125 0.9671875 0.04140625 0.065625
18 0.3640625 0.80234375 0.078125 0.265625
18 0.2765625 0.8546875 0.08359375 0.18359375
14 0.690625 0.97265625 0.0484375 0.05390625
10 0.015625 0.1453125 0.03125 0.2875
14 0.9 0.9578125 0.04296875 0.084375
14 0.98125 0.95078125 0.0375 0.0984375
1 0.9796875 0.234375 0.040625 0.1875
14 0.94296875 0.953125 0.0453125 0.09375