8 0.70625 0.49609375 0.05546875 0.20234375
8 0.5515625 0.49921875 0.0390625 0.1703125
10 0.46953125 0.28125 0.03203125 0.16953125
8 0.76875 0.49609375 0.0625 0.20859375
10 0.57421875 0.26171875 0.0375 0.18203125
8 0.83828125 0.49765625 0.06796875 0.2234375
10 0.615625 0.2515625 0.04140625 0.19375
11 0.71328125 0.20546875 0.05390625 0.265625
8 0.51171875 0.4984375 0.03671875 0.1640625
8 0.91328125 0.4984375 0.07109375 0.2375
11 0.77578125 0.18984375 0.06640625 0.28046875
4 0.1546875 0.8359375 0.0171875 0.13984375
17 0.26640625 0.68671875 0.03046875 0.15859375
17 0.21015625 0.671875 0.02578125 0.14765625
10 0.3578125 0.49453125 0.034375 0.14375
8 0.5984375 0.4984375 0.046875 0.18046875
10 0.66171875 0.24296875 0.0453125 0.2
18 0.24296875 0.4984375 0.02421875 0.1203125
18 0.26953125 0.4984375 0.02578125 0.12578125
10 0.32578125 0.49375 0.0265625 0.13984375
8 0.65 0.49765625 0.05078125 0.1921875
10 0.503125 0.275 0.0328125 0.171875
18 0.18046875 0.66328125 0.02890625 0.14375
10 0.5375 0.26796875 0.0328125 0.178125
5 0.20703125 0.86015625 0.021875 0.15
17 0.23671875 0.6796875 0.02578125 0.15390625
10 0.4078125 0.29296875 0.0265625 0.15625
4 0.13671875 0.82734375 0.0171875 0.134375
10 0.353125 0.30390625 0.02421875 0.15
10 0.4375 0.2875 0.02890625 0.1625
10 0.296875 0.49453125 0.0265625 0.1359375
5 0.18671875 0.85 0.0171875 0.15
4 0.1203125 0.8203125 0.01328125 0.13046875
4 0.09140625 0.80625 0.01640625 0.1265625
5 0.24453125 0.8796875 0.01796875 0.1578125
5 0.2671875 0.8875 0.025 0.16640625
10 0.3796875 0.2984375 0.028125 0.15234375
17 0.13046875 0.49609375 0.0203125 0.10390625
8 0.9734375 0.49921875 0.04609375 0.228125
8 0.21953125 0.3296875 0.01953125 0.13203125
8 0.23828125 0.3265625 0.01640625 0.13359375
8 0.16484375 0.33828125 0.01640625 0.1265625
10 0.2796875 0.31796875 0.02421875 0.13984375
8 0.18359375 0.33671875 0.0203125 0.1265625
4 0.10703125 0.8125 0.01328125 0.1296875
10 0.25703125 0.32265625 0.0203125 0.13828125
17 0.0515625 0.4921875 0.015625 0.09609375
5 0.22734375 0.87109375 0.01640625 0.15625
17 0.08671875 0.65703125 0.0140625 0.0921875
8 0.47890625 0.49765625 0.0265625 0.15859375
4 0.17109375 0.84375 0.0140625 0.14453125
17 0.11171875 0.49453125 0.015625 0.10390625
8 0.20234375 0.3328125 0.015625 0.1296875
18 0.2234375 0.49921875 0.0140625 0.115625
17 0.06796875 0.49375 0.01640625 0.09609375
17 0.103125 0.6609375 0.0171875 0.09765625
10 0.30546875 0.3125 0.025 0.14375
10 0.3296875 0.30703125 0.02109375 0.14765625
10 0.39140625 0.49453125 0.0265625 0.14765625
12 0.91015625 0.1640625 0.06953125 0.29765625
4 0.078125 0.79765625 0.0109375 0.121875
8 0.1484375 0.34140625 0.015625 0.121875
3 0.19609375 0.98125 0.01953125 0.0375
12 0.8421875 0.175 0.06171875 0.29140625
4 0.0640625 0.79296875 0.01640625 0.1234375
17 0.071875 0.65390625 0.01328125 0.0875
17 0.0859375 0.49375 0.01796875 0.0984375
8 0.1359375 0.34375 0.01171875 0.121875
0 0.0578125 0.63125 0.01328125 0.1203125
3 0.17578125 0.9765625 0.01953125 0.04609375
3 0.215625 0.98671875 0.015625 0.0265625
1 0.04453125 0.628125 0.0140625 0.11640625
1 0.0296875 0.62421875 0.0140625 0.115625
21 0.2046875 0.50546875 0.0203125 0.1
16 0.14296875 0.96640625 0.015625 0.06640625
16 0.08515625 0.946875 0.0171875 0.10625
18 0.15703125 0.6578125 0.01796875 0.1375
16 0.1578125 0.971875 0.01328125 0.05625