8 0.37265625 0.16640625 0.0703125 0.16953125
12 0.14140625 0.55234375 0.06953125 0.175
4 0.65703125 0.71328125 0.04609375 0.1390625
3 0.3375 0.74140625 0.05546875 0.153125
5 0.21640625 0.753125 0.06171875 0.15703125
16 0.2375 0.9296875 0.0640625 0.13828125
8 0.26640625 0.35390625 0.05859375 0.15078125
3 0.45 0.73203125 0.05390625 0.14921875
4 0.8515625 0.69609375 0.04375 0.1296875
4 0.75546875 0.703125 0.0484375 0.134375
16 0.515625 0.90078125 0.05390625 0.1375
16 0.8609375 0.85625 0.05390625 0.12890625
4 0.80390625 0.69921875 0.04765625 0.1328125
4 0.70546875 0.70859375 0.04765625 0.1375
4 0.5546875 0.721875 0.05 0.14453125
4 0.8984375 0.6921875 0.04765625 0.13046875
10 0.5171875 0.1734375 0.06640625 0.1625
8 0.2984375 0.16328125 0.071875 0.1734375
5 0.0828125 0.76328125 0.06796875 0.159375
8 0.21953125 0.1578125 0.078125 0.17578125
6 0.93046875 0.52265625 0.05625 0.1453125
11 0.4234375 0.54296875 0.0578125 0.1640625
10 0.6484375 0.18203125 0.06015625 0.15703125
4 0.503125 0.72734375 0.0484375 0.1453125
12 0.2875 0.546875 0.0703125 0.1734375
10 0.60625 0.35859375 0.0484375 0.134375
6 0.878125 0.52421875 0.04609375 0.1453125
10 0.7984375 0.36015625 0.04375 0.12890625
8 0.05390625 0.1484375 0.0796875 0.1828125
6 0.7734375 0.53046875 0.04609375 0.146875
8 0.2046875 0.35234375 0.06015625 0.1546875
12 0.0609375 0.5546875 0.08828125 0.1828125
8 0.32890625 0.35390625 0.05859375 0.146875
11 0.35859375 0.54609375 0.06796875 0.16953125
3 0.39453125 0.7359375 0.05390625 0.14921875
16 0.56953125 0.8953125 0.05234375 0.13828125
12 0.21328125 0.55078125 0.0703125 0.171875
16 0.671875 0.88203125 0.05390625 0.13203125
8 0.07421875 0.35 0.065625 0.1546875
5 0.278125 0.746875 0.0578125 0.15546875
0 0.76875 0.18828125 0.0578125 0.15390625
8 0.1375 0.1515625 0.0765625 0.1796875
8 0.14140625 0.3515625 0.06171875 0.15390625
10 0.44609375 0.1703125 0.06953125 0.16640625
11 0.7234375 0.5328125 0.0515625 0.15078125
10 0.84453125 0.3609375 0.04453125 0.1265625
11 0.61484375 0.53671875 0.05546875 0.15546875
11 0.66953125 0.53359375 0.05234375 0.1546875
4 0.60703125 0.7171875 0.0515625 0.14296875
16 0.2984375 0.92734375 0.05390625 0.14453125
5 0.1515625 0.75625 0.065625 0.1578125
10 0.709375 0.18515625 0.05625 0.15546875
0 0.94140625 0.1953125 0.05390625 0.1484375
10 0.58359375 0.17890625 0.06015625 0.15859375
0 0.828125 0.190625 0.05625 0.15078125
6 0.82578125 0.5265625 0.05546875 0.14609375
10 0.7515625 0.36015625 0.04609375 0.13046875
16 0.35546875 0.9203125 0.05625 0.14296875
8 0.3890625 0.35546875 0.05546875 0.14453125
10 0.9375 0.3609375 0.04375 0.12421875
0 0.884375 0.19453125 0.0515625 0.1453125
8 0.4453125 0.35859375 0.05234375 0.13671875
10 0.89140625 0.3609375 0.04375 0.12578125
10 0.7046875 0.36015625 0.0421875 0.13203125
16 0.8078125 0.859375 0.05234375 0.1296875
16 0.72421875 0.87421875 0.0484375 0.12890625
8 0.50078125 0.3625 0.05234375 0.1265625
10 0.5546875 0.3578125 0.0515625 0.134375
10 0.65703125 0.359375 0.0484375 0.13359375
16 0.61953125 0.88828125 0.04609375 0.13359375
11 0.553125 0.56328125 0.0625 0.11171875
11 0.4859375 0.5484375 0.065625 0.15
16 0.45859375 0.90625 0.05625 0.13828125
10 0.00546875 0.1515625 0.0109375 0.165625