17 0.2921875 0.82109375 0.0703125 0.24765625
10 0.74765625 0.5109375 0.06171875 0.2140625
17 0.74453125 0.81953125 0.053125 0.19609375
8 0.34453125 0.21640625 0.0546875 0.26015625
8 0.15 0.51875 0.06796875 0.2265625
10 0.76875 0.22109375 0.0515625 0.24765625
8 0.515625 0.21953125 0.0578125 0.2484375
10 0.61875 0.51015625 0.06171875 0.21796875
8 0.4015625 0.2171875 0.05546875 0.25625
17 0.121875 0.82109375 0.090625 0.2625
8 0.2859375 0.2171875 0.05703125 0.25546875
8 0.10390625 0.2140625 0.0578125 0.26171875
10 0.81328125 0.5109375 0.0609375 0.21171875
8 0.1640625 0.21640625 0.05859375 0.25859375
10 0.68359375 0.50859375 0.0609375 0.21953125
8 0.078125 0.51796875 0.06953125 0.23359375
10 0.82265625 0.22109375 0.05078125 0.24453125
10 0.7140625 0.22109375 0.053125 0.25
8 0.35625 0.51875 0.0625 0.21953125
10 0.93671875 0.50703125 0.05703125 0.21015625
8 0.22578125 0.215625 0.05859375 0.2578125
17 0.36796875 0.81796875 0.071875 0.24609375
10 0.87578125 0.509375 0.0578125 0.20859375
8 0.4578125 0.21875 0.053125 0.2515625
8 0.2890625 0.51953125 0.065625 0.221875
17 0.6875 0.82421875 0.05546875 0.19453125
10 0.66015625 0.2203125 0.0515625 0.25
17 0.44140625 0.81328125 0.06796875 0.24375
8 0.42109375 0.51796875 0.06171875 0.21796875
10 0.8765625 0.22109375 0.0515625 0.24453125
17 0.21328125 0.81640625 0.08203125 0.25390625
17 0.9109375 0.8203125 0.053125 0.16953125
18 0.85625 0.81484375 0.053125 0.18984375
8 0.040625 0.21015625 0.0640625 0.26796875
18 0.80078125 0.81796875 0.053125 0.19140625
10 0.553125 0.55390625 0.0609375 0.134375
10 0.603125 0.21953125 0.05703125 0.2515625
8 0.2203125 0.5171875 0.06640625 0.2234375
10 0.9296875 0.2234375 0.05 0.24140625
17 0.62890625 0.83984375 0.05703125 0.1703125
10 0.97734375 0.22265625 0.0453125 0.2421875
8 0.48828125 0.55546875 0.06171875 0.13984375
21 0.5671875 0.8515625 0.059375 0.15
10 0.96015625 0.02421875 0.06328125 0.0484375
4 0.01953125 0.79296875 0.03828125 0.2078125
10 0.88984375 0.0234375 0.0703125 0.046875
10 0.815625 0.02265625 0.0734375 0.04453125
10 0.7375 0.021875 0.07890625 0.04375
13 0.971875 0.97734375 0.0515625 0.04453125