3 0.33671875 0.9578125 0.06171875 0.08359375
18 0.3203125 0.7890625 0.0875 0.17890625
8 0.5890625 0.33203125 0.06640625 0.159375
17 0.11640625 0.828125 0.11015625 0.1953125
10 0.4234375 0.5609375 0.0578125 0.165625
8 0.44609375 0.32421875 0.0734375 0.17578125
18 0.74140625 0.7125 0.06640625 0.15078125
10 0.29140625 0.56953125 0.06640625 0.175
2 0.9234375 0.3453125 0.04140625 0.12890625
10 0.1875 0.31171875 0.09375 0.19921875
10 0.14140625 0.58046875 0.07578125 0.1875
8 0.65390625 0.3359375 0.0578125 0.153125
3 0.196875 0.975 0.075 0.05
18 0.225 0.80546875 0.09453125 0.1859375
8 0.5375 0.55234375 0.05390625 0.15703125
8 0.48125 0.55703125 0.05390625 0.16171875
1 0.8234375 0.34296875 0.05 0.134375
8 0.59140625 0.5484375 0.05 0.1515625
10 0.21875 0.57421875 0.0703125 0.17890625
18 0.58828125 0.73984375 0.0796875 0.16640625
10 0.2828125 0.31640625 0.084375 0.190625
10 0.08046875 0.30625 0.10546875 0.2046875
3 0.26875 0.96640625 0.065625 0.0671875
10 0.36875 0.3203125 0.0765625 0.18359375
18 0.4109375 0.77109375 0.084375 0.1703125
8 0.51953125 0.3296875 0.06796875 0.165625
18 0.66796875 0.725 0.0703125 0.15859375
8 0.6875 0.54140625 0.04453125 0.14453125
10 0.05625 0.58515625 0.0859375 0.19453125
1 0.87578125 0.34453125 0.0515625 0.13359375
8 0.73359375 0.5375 0.04453125 0.140625
10 0.35859375 0.56484375 0.0625 0.1703125
8 0.64140625 0.54453125 0.04453125 0.1484375
2 0.96796875 0.346875 0.04609375 0.125
0 0.76953125 0.340625 0.05390625 0.14140625
8 0.77890625 0.53515625 0.04375 0.13828125
24 0.7734375 0.8828125 0.06015625 0.12890625
0 0.7125 0.33828125 0.05546875 0.1484375
24 0.82421875 0.86484375 0.0375 0.12421875
0 0.85703125 0.528125 0.0375 0.1328125
8 0.81953125 0.53203125 0.034375 0.1359375
0 0.89609375 0.52578125 0.03828125 0.13203125
3 0.1140625 0.98359375 0.084375 0.0328125
0 0.93125 0.5234375 0.03203125 0.128125
24 0.86640625 0.85390625 0.03984375 0.11953125
0 0.96328125 0.5203125 0.03046875 0.125
10 0.01171875 0.30390625 0.0234375 0.209375
17 0.8078125 0.70234375 0.06015625 0.1453125