10 0.290625 0.3125 0.0625 0.2875
8 0.6984375 0.6359375 0.04921875 0.25546875
2 0.8515625 0.61640625 0.04296875 0.234375
10 0.453125 0.66953125 0.06640625 0.2859375
8 0.584375 0.65390625 0.05703125 0.26796875
0 0.803125 0.6234375 0.05 0.24375
8 0.64296875 0.64453125 0.05546875 0.26171875
2 0.76953125 0.325 0.0453125 0.23359375
10 0.221875 0.31015625 0.06796875 0.29453125
10 0.1484375 0.3078125 0.071875 0.31171875
8 0.4171875 0.3171875 0.0546875 0.2703125
1 0.853125 0.3265625 0.03828125 0.2234375
8 0.47421875 0.31796875 0.0546875 0.265625
2 0.7234375 0.325 0.04140625 0.234375
10 0.1359375 0.71484375 0.090625 0.3375
8 0.35546875 0.3125 0.06171875 0.28203125
2 0.89453125 0.60859375 0.0390625 0.23046875
0 0.6296875 0.32265625 0.04453125 0.24609375
10 0.22578125 0.703125 0.08046875 0.3234375
1 0.890625 0.328125 0.034375 0.2140625
0 0.75078125 0.63046875 0.0515625 0.2484375
0 0.58046875 0.31953125 0.04921875 0.2578125
10 0.0703125 0.3046875 0.07578125 0.31640625
10 0.38203125 0.70234375 0.06953125 0.25390625
8 0.521875 0.66171875 0.0625 0.2796875
10 0.30703125 0.7265625 0.071875 0.23359375
2 0.8125 0.325 0.03828125 0.228125
0 0.52890625 0.31640625 0.05078125 0.26171875
1 0.92578125 0.328125 0.03359375 0.21171875
0 0.67734375 0.32421875 0.04609375 0.2421875
2 0.9390625 0.60390625 0.04609375 0.2265625
1 0.96171875 0.328125 0.03671875 0.2078125
18 0.1140625 0.97578125 0.10546875 0.0484375
17 0.99375 0.34375 0.0125 0.171875