8 0.33125 0.61640625 0.05390625 0.25625
2 0.8203125 0.6703125 0.08359375 0.3265625
0 0.65390625 0.6515625 0.07578125 0.30390625
8 0.5125 0.63515625 0.05859375 0.28203125
8 0.38828125 0.62265625 0.05546875 0.2640625
1 0.79921875 0.2671875 0.06953125 0.3140625
2 0.734375 0.6609375 0.078125 0.31796875
1 0.87421875 0.2609375 0.075 0.3265625
8 0.44921875 0.628125 0.06171875 0.271875
1 0.72734375 0.26953125 0.0671875 0.30859375
2 0.5953125 0.28046875 0.059375 0.2875
1 0.95546875 0.25859375 0.08046875 0.33359375
10 0.27578125 0.6078125 0.0515625 0.2484375
0 0.57890625 0.64375 0.0671875 0.29375
2 0.91328125 0.68125 0.09453125 0.34453125
0 0.48046875 0.2875 0.05390625 0.26953125
2 0.53671875 0.284375 0.0546875 0.278125
2 0.659375 0.2765625 0.0640625 0.29609375
10 0.221875 0.6015625 0.0484375 0.24375
10 0.128125 0.58984375 0.0421875 0.23203125
0 0.3265625 0.2953125 0.046875 0.2515625
0 0.428125 0.29140625 0.04921875 0.26015625
8 0.2796875 0.29921875 0.04296875 0.2421875
10 0.0828125 0.57890625 0.04296875 0.23984375
10 0.17421875 0.5953125 0.04453125 0.23828125
8 0.2359375 0.3 0.04140625 0.2359375
0 0.3765625 0.2921875 0.0484375 0.2578125
8 0.19296875 0.3015625 0.04140625 0.23046875
10 0.04296875 0.30859375 0.03046875 0.2078125