2 0.8 0.23359375 0.08828125 0.19296875
17 0.7734375 0.71328125 0.10390625 0.190625
2 0.9015625 0.2234375 0.10546875 0.20078125
17 0.66875 0.69921875 0.09453125 0.18046875
0 0.7734375 0.490625 0.0703125 0.18046875
8 0.35625 0.2796875 0.05546875 0.14609375
8 0.41640625 0.2734375 0.05859375 0.15390625
0 0.93359375 0.49375 0.084375 0.1921875
18 0.57421875 0.6859375 0.084375 0.1734375
8 0.3015625 0.284375 0.0515625 0.14453125
24 0.70859375 0.915625 0.07421875 0.15859375
18 0.4046875 0.66328125 0.0734375 0.1578125
8 0.42265625 0.4828125 0.0484375 0.14453125
8 0.24921875 0.28828125 0.0484375 0.13828125
10 0.20703125 0.47578125 0.034375 0.12890625
1 0.62890625 0.24921875 0.06953125 0.17578125
0 0.55625 0.259375 0.0703125 0.16640625
8 0.5828125 0.48828125 0.05234375 0.1609375
0 0.70390625 0.4890625 0.0625 0.17421875
18 0.48671875 0.67265625 0.08046875 0.1640625
1 0.70859375 0.240625 0.0859375 0.18359375
8 0.64140625 0.48828125 0.05859375 0.16640625
0 0.85 0.49296875 0.0765625 0.1859375
0 0.48359375 0.265625 0.06953125 0.159375
8 0.52890625 0.4859375 0.0515625 0.1546875
18 0.21953125 0.6421875 0.05234375 0.1328125
8 0.475 0.484375 0.0515625 0.15
10 0.1484375 0.296875 0.04609375 0.13046875
8 0.375 0.48203125 0.0421875 0.1421875
10 0.1984375 0.29296875 0.0484375 0.1328125
8 0.2875 0.47890625 0.03984375 0.13359375
10 0.1703125 0.475 0.03359375 0.125
8 0.33046875 0.48046875 0.04375 0.1375
10 0.24609375 0.47734375 0.03984375 0.13046875
10 0.06328125 0.303125 0.04140625 0.1234375
10 0.1046875 0.30078125 0.03828125 0.12578125
10 0.06875 0.47109375 0.03046875 0.11796875
10 0.13515625 0.4734375 0.03359375 0.1203125
10 0.1015625 0.471875 0.03203125 0.11953125
3 0.1234375 0.778125 0.03203125 0.11796875
24 0.7875 0.9265625 0.071875 0.146875
24 0.63125 0.903125 0.06796875 0.15703125
18 0.275 0.64765625 0.0515625 0.1375
17 0.11484375 0.6296875 0.05234375 0.12421875
3 0.1578125 0.78671875 0.03203125 0.121875
18 0.1671875 0.634375 0.04453125 0.128125
21 0.89296875 0.7296875 0.1234375 0.19921875
19 0.9796875 0.7484375 0.040625 0.20625
24 0.8703125 0.93359375 0.084375 0.1328125