17 0.253125 0.421875 0.05 0.2
6 0.10234375 0.109375 0.0890625 0.21875
6 0.18828125 0.11953125 0.071875 0.23828125
18 0.52421875 0.6515625 0.034375 0.17578125
17 0.428125 0.43125 0.0359375 0.1625
17 0.39140625 0.42890625 0.03671875 0.171875
1 0.153125 0.7296875 0.0671875 0.26953125
0 0.19921875 0.40546875 0.0546875 0.2375
1 0.21796875 0.71484375 0.05390625 0.25625
0 0.07265625 0.39609375 0.07109375 0.26015625
0 0.140625 0.4015625 0.059375 0.25
4 0.14296875 0.96796875 0.059375 0.0640625
17 0.303125 0.42421875 0.0453125 0.18828125
17 0.3265625 0.72421875 0.0484375 0.165625
4 0.2484375 0.946875 0.040625 0.10625
4 0.41640625 0.9171875 0.0328125 0.165625
4 0.3375 0.9296875 0.0375 0.140625
18 0.63203125 0.44453125 0.021875 0.115625
8 0.47421875 0.2171875 0.028125 0.1734375
4 0.20078125 0.95703125 0.0515625 0.0859375
5 0.5640625 0.859375 0.02578125 0.1703125
1 0.07734375 0.74609375 0.0765625 0.28984375
10 0.696875 0.43984375 0.01796875 0.1125
8 0.50390625 0.22421875 0.02890625 0.16796875
18 0.60859375 0.44453125 0.021875 0.11953125
17 0.34921875 0.4265625 0.04453125 0.1796875
17 0.590625 0.63671875 0.03359375 0.15625
8 0.53203125 0.23359375 0.025 0.1625
17 0.62421875 0.62890625 0.02890625 0.14453125
10 0.67578125 0.440625 0.02109375 0.11796875
18 0.4859375 0.659375 0.0375 0.18203125
4 0.53671875 0.87265625 0.025 0.17578125
8 0.60546875 0.25625 0.021875 0.14609375
8 0.446875 0.21015625 0.0265625 0.17421875
17 0.653125 0.62265625 0.025 0.1421875
4 0.08515625 0.97890625 0.0515625 0.0421875
17 0.45078125 0.69296875 0.03203125 0.1421875
18 0.5578125 0.64296875 0.02890625 0.165625
8 0.6265625 0.2625 0.01953125 0.14140625
17 0.4640625 0.43359375 0.034375 0.15625
17 0.3734375 0.71328125 0.040625 0.1578125
0 0.27421875 0.70546875 0.05390625 0.23984375
18 0.65390625 0.4421875 0.01796875 0.11796875
8 0.58046875 0.25 0.02421875 0.15
6 0.028125 0.1171875 0.05546875 0.23359375
8 0.55625 0.2421875 0.0234375 0.15546875
17 0.41484375 0.7015625 0.03828125 0.15234375
5 0.5890625 0.84765625 0.021875 0.1640625
10 0.6484375 0.26953125 0.0203125 0.1375
4 0.45 0.91015625 0.03046875 0.1796875
4 0.378125 0.92421875 0.0390625 0.1515625
10 0.6671875 0.2734375 0.0171875 0.13203125
10 0.71796875 0.44140625 0.02109375 0.11015625