17 0.8140625 0.3 0.1 0.3265625
17 0.92890625 0.28984375 0.1140625 0.35546875
10 0.91640625 0.7234375 0.109375 0.35390625
10 0.62265625 0.67890625 0.078125 0.29140625
17 0.715625 0.309375 0.0890625 0.30859375
8 0.403125 0.6453125 0.06328125 0.25625
8 0.34296875 0.6359375 0.05390625 0.24609375
8 0.4703125 0.65546875 0.065625 0.265625
10 0.80703125 0.70546875 0.0953125 0.328125
10 0.709375 0.69140625 0.0890625 0.3140625
17 0.19921875 0.34609375 0.0640625 0.228125
8 0.1421875 0.603125 0.034375 0.20625
8 0.21171875 0.615625 0.0359375 0.2203125
8 0.1765625 0.61015625 0.03203125 0.21015625
8 0.5421875 0.66640625 0.07421875 0.28359375
8 0.10703125 0.59921875 0.03203125 0.2
18 0.62578125 0.31796875 0.0828125 0.29140625
17 0.1390625 0.3484375 0.05078125 0.2234375
17 0.090625 0.35 0.04296875 0.21640625
17 0.0484375 0.3515625 0.0375 0.21015625
18 0.5453125 0.32578125 0.07109375 0.27421875
8 0.253125 0.6234375 0.0453125 0.234375
18 0.265625 0.3359375 0.0609375 0.24765625
8 0.078125 0.5953125 0.0234375 0.19453125
8 0.2953125 0.6296875 0.0375 0.2359375