17 0.0796875 0.36953125 0.065625 0.22421875
8 0.6859375 0.359375 0.053125 0.22578125
10 0.4265625 0.37109375 0.0484375 0.21796875
10 0.8109375 0.346875 0.07109375 0.2484375
5 0.6796875 0.7109375 0.0515625 0.28359375
8 0.578125 0.36484375 0.05078125 0.21015625
8 0.74140625 0.35859375 0.0546875 0.2265625
4 0.4703125 0.70546875 0.04921875 0.2734375
5 0.73359375 0.71171875 0.0546875 0.2875
10 0.8828125 0.34453125 0.065625 0.25390625
17 0.1484375 0.36796875 0.06640625 0.2265625
8 0.63125 0.3609375 0.05 0.21796875
10 0.95234375 0.3453125 0.0671875 0.2578125
4 0.37109375 0.7015625 0.04921875 0.26953125
10 0.4765625 0.3671875 0.04609375 0.21015625
10 0.52578125 0.36484375 0.0484375 0.21171875
3 0.321875 0.7015625 0.04609375 0.26640625
4 0.42109375 0.703125 0.04609375 0.271875
3 0.12734375 0.69609375 0.0453125 0.26171875
3 0.271875 0.7015625 0.0484375 0.2640625
4 0.52109375 0.72734375 0.0484375 0.23359375
18 0.215625 0.3671875 0.06171875 0.2265625
4 0.57265625 0.728125 0.05 0.23828125
5 0.96328125 0.71640625 0.0625 0.29453125
5 0.790625 0.71796875 0.05546875 0.2796875
4 0.62578125 0.709375 0.053125 0.28046875
5 0.903125 0.721875 0.0546875 0.2765625
3 0.17421875 0.6984375 0.04609375 0.2625
5 0.846875 0.7375 0.05546875 0.24609375
18 0.2828125 0.365625 0.06640625 0.2296875
18 0.35859375 0.3640625 0.078125 0.234375
3 0.221875 0.69921875 0.04609375 0.2640625
10 0.99375 0.3421875 0.0125 0.26015625