15 0.16796875 0.91015625 0.071875 0.1796875
19 0.13203125 0.60546875 0.0828125 0.27421875
15 0.309375 0.9109375 0.06640625 0.178125
15 0.240625 0.90859375 0.06796875 0.18203125
10 0.15234375 0.1609375 0.09140625 0.3203125
17 0.2953125 0.60234375 0.07421875 0.25234375
10 0.24609375 0.1640625 0.084375 0.31953125
15 0.37265625 0.90078125 0.059375 0.1984375
10 0.05078125 0.15859375 0.0984375 0.3171875
10 0.415625 0.18359375 0.07421875 0.28828125
3 0.5546875 0.88828125 0.0546875 0.2234375
3 0.43515625 0.89140625 0.06171875 0.21640625
17 0.44375 0.5890625 0.0671875 0.2421875
17 0.60546875 0.55859375 0.071875 0.27578125
8 0.56328125 0.1984375 0.0671875 0.278125
15 0.08984375 0.915625 0.0765625 0.16875
18 0.68203125 0.5546875 0.071875 0.26640625
8 0.70078125 0.2125 0.0625 0.25234375
17 0.525 0.5625 0.08203125 0.28203125
8 0.4921875 0.19375 0.07109375 0.2859375
10 0.33359375 0.178125 0.0796875 0.29609375
18 0.7546875 0.54921875 0.065625 0.25625
18 0.8203125 0.54765625 0.05859375 0.2515625
17 0.371875 0.59921875 0.06796875 0.24453125
0 0.821875 0.22265625 0.0546875 0.234375
17 0.215625 0.6015625 0.07578125 0.2640625
8 0.7640625 0.21796875 0.0578125 0.24375
8 0.6328125 0.20703125 0.06640625 0.265625
0 0.88046875 0.22890625 0.05546875 0.2296875
1 0.98125 0.23671875 0.0375 0.2203125
20 0.878125 0.54296875 0.05078125 0.2421875
1 0.9359375 0.23203125 0.05078125 0.2265625
18 0.04296875 0.6171875 0.0859375 0.2765625
3 0.61171875 0.88125 0.053125 0.2375
15 0.0234375 0.93125 0.046875 0.1375
3 0.71328125 0.8703125 0.0484375 0.25234375
3 0.6625 0.87578125 0.046875 0.2484375
3 0.496875 0.8875 0.05703125 0.22421875
21 0.98125 0.53828125 0.0375 0.2296875
4 0.7578125 0.86796875 0.0390625 0.24140625