9 0.78046875 0.41796875 0.05546875 0.16328125
8 0.5421875 0.44375 0.06640625 0.19609375
3 0.3078125 0.93515625 0.06875 0.1296875
10 0.1984375 0.478125 0.10234375 0.2390625
3 0.37734375 0.925 0.065625 0.15
3 0.23046875 0.94921875 0.08046875 0.1015625
3 0.49453125 0.88515625 0.05 0.1546875
0 0.5984375 0.1828125 0.05625 0.19609375
8 0.53828125 0.18046875 0.05859375 0.2
8 0.6703125 0.43046875 0.05625 0.17890625
8 0.47578125 0.17421875 0.0625 0.20859375
10 0.46953125 0.45078125 0.0734375 0.20546875
1 0.875 0.20703125 0.0359375 0.153125
0 0.7046875 0.190625 0.04609375 0.18046875
2 0.7515625 0.1984375 0.04453125 0.16953125
8 0.60859375 0.43671875 0.06015625 0.18671875
10 0.2984375 0.46796875 0.08984375 0.22578125
10 0.3875 0.459375 0.08203125 0.2140625
4 0.54921875 0.86484375 0.05390625 0.15
0 0.83671875 0.4109375 0.05 0.15859375
10 0.24765625 0.1546875 0.084375 0.23828125
10 0.15546875 0.146875 0.09453125 0.24921875
10 0.08828125 0.4875 0.10546875 0.25859375
10 0.3296875 0.1625 0.0734375 0.228125
2 0.796875 0.20234375 0.0421875 0.165625
4 0.6015625 0.84609375 0.0484375 0.146875
0 0.6546875 0.1875 0.05234375 0.18828125
15 0.34296875 0.7171875 0.0625 0.1890625
10 0.40546875 0.16796875 0.071875 0.2171875
1 0.9109375 0.209375 0.03359375 0.14921875
3 0.1421875 0.96171875 0.08828125 0.07578125
1 0.98046875 0.215625 0.0359375 0.140625
2 0.8375 0.2046875 0.0359375 0.1578125
10 0.0515625 0.146875 0.10234375 0.24453125
0 0.88359375 0.40625 0.03984375 0.153125
8 0.725 0.42421875 0.0484375 0.17109375
1 0.94453125 0.21171875 0.03359375 0.14453125
5 0.80546875 0.7671875 0.034375 0.12578125
5 0.7703125 0.78046875 0.03359375 0.128125
0 0.9234375 0.4015625 0.0359375 0.14921875
4 0.65 0.82890625 0.0421875 0.1421875
3 0.440625 0.909375 0.05625 0.1625
17 0.63984375 0.665625 0.05 0.11640625
15 0.40546875 0.7 0.0578125 0.1828125
17 0.5828125 0.66875 0.05859375 0.1453125
18 0.89453125 0.5953125 0.034375 0.1078125
15 0.2703125 0.7359375 0.0765625 0.2
4 0.69140625 0.81015625 0.0359375 0.14140625
0 0.96015625 0.39921875 0.0359375 0.1421875
5 0.10078125 0.77265625 0.09453125 0.21953125
15 0.18984375 0.753125 0.0765625 0.20703125
4 0.73125 0.79375 0.04140625 0.13359375
17 0.68828125 0.6515625 0.04375 0.1171875
15 0.4671875 0.684375 0.0578125 0.17890625
17 0.7296875 0.634375 0.0359375 0.1234375
5 0.84140625 0.75390625 0.03046875 0.11953125
12 0.015625 0.4828125 0.03046875 0.275
18 0.93203125 0.58671875 0.03359375 0.1046875