1 0.2765625 0.37421875 0.05234375 0.14765625
2 0.4203125 0.38828125 0.04140625 0.13125
1 0.215625 0.3703125 0.0640625 0.1546875
1 0.65234375 0.40625 0.03046875 0.1140625
3 0.06171875 0.33984375 0.075 0.21484375
2 0.4625 0.39140625 0.03984375 0.128125
3 0.13828125 0.3453125 0.071875 0.2046875
1 0.68359375 0.409375 0.028125 0.109375
2 0.50625 0.3921875 0.04296875 0.1296875
0 0.328125 0.38125 0.046875 0.140625
2 0.5453125 0.39765625 0.034375 0.12265625
0 0.37578125 0.3859375 0.0453125 0.13515625
0 0.58046875 0.4 0.0359375 0.11875
10 0.84375 0.42265625 0.0203125 0.0890625
0 0.6171875 0.403125 0.0359375 0.1171875
8 0.7125 0.4125 0.0265625 0.1046875
10 0.821875 0.42109375 0.0203125 0.090625
8 0.76171875 0.4171875 0.02109375 0.09765625
8 0.73828125 0.4140625 0.02265625 0.103125
10 0.80078125 0.41953125 0.01875 0.09375
3 0.0109375 0.3375 0.02109375 0.215625
8 0.78203125 0.41875 0.01875 0.0953125
10 0.8625 0.42421875 0.015625 0.08828125
10 0.88125 0.42578125 0.0203125 0.08671875