12 0.77109375 0.41328125 0.0796875 0.18671875
12 0.86796875 0.40625 0.0984375 0.19921875
10 0.50390625 0.44609375 0.0453125 0.12265625
8 0.27578125 0.45546875 0.0296875 0.10390625
10 0.30859375 0.44765625 0.03359375 0.115625
10 0.45859375 0.44609375 0.04140625 0.121875
10 0.41953125 0.446875 0.034375 0.12109375
10 0.38125 0.44375 0.0375 0.12421875
2 0.0703125 0.4640625 0.02109375 0.08984375
8 0.22265625 0.45625 0.0296875 0.10390625
10 0.34375 0.4453125 0.034375 0.1203125
8 0.19375 0.4578125 0.025 0.10390625
22 0.96015625 0.4109375 0.0796875 0.18125
11 0.6953125 0.41640625 0.065625 0.18125
8 0.2484375 0.45546875 0.02265625 0.1046875
6 0.565625 0.425 0.06796875 0.1640625
2 0.01953125 0.46875 0.015625 0.0796875
0 0.00546875 0.4703125 0.0109375 0.0796875
2 0.0484375 0.465625 0.0171875 0.08671875
1 0.13828125 0.46015625 0.02265625 0.09765625
2 0.0921875 0.46328125 0.02109375 0.0921875
1 0.165625 0.459375 0.0296875 0.1
0 0.11484375 0.46171875 0.02421875 0.0953125
2 0.0375 0.4671875 0.0171875 0.084375