1 0.58828125 0.45234375 0.0640625 0.190625
8 0.58515625 0.203125 0.0796875 0.22578125
8 0.30546875 0.20546875 0.05703125 0.18828125
3 0.3296875 0.6234375 0.05234375 0.18515625
8 0.50703125 0.2046875 0.0734375 0.2171875
1 0.525 0.4421875 0.06015625 0.1828125
5 0.78984375 0.76875 0.10390625 0.22890625
8 0.434375 0.20546875 0.06953125 0.2046875
10 0.95859375 0.20859375 0.0828125 0.24765625
8 0.36640625 0.2046875 0.0625 0.19609375
10 0.86875 0.20859375 0.09609375 0.23671875
2 0.81171875 0.5203125 0.08671875 0.14921875
8 0.67109375 0.20234375 0.0890625 0.2359375
3 0.38359375 0.63671875 0.05625 0.19375
8 0.76875 0.20546875 0.1 0.23828125
10 0.2453125 0.20546875 0.05703125 0.1796875
4 0.115625 0.5640625 0.03359375 0.15703125
2 0.6546875 0.46484375 0.06796875 0.196875
1 0.2296875 0.425 0.046875 0.10078125
3 0.278125 0.60859375 0.05078125 0.184375
10 0.18984375 0.20703125 0.04921875 0.17421875
18 0.3703125 0.903125 0.053125 0.13984375
5 0.70234375 0.7421875 0.075 0.21875
5 0.6296875 0.71953125 0.06953125 0.21171875
5 0.49609375 0.67734375 0.06015625 0.20234375
10 0.0625 0.2078125 0.0359375 0.153125
3 0.23203125 0.596875 0.04140625 0.178125
10 0.1421875 0.2078125 0.04140625 0.16875
4 0.084375 0.5546875 0.03046875 0.14921875
10 0.1015625 0.20859375 0.03828125 0.159375
5 0.5609375 0.69765625 0.06796875 0.20703125
1 0.1796875 0.41796875 0.046875 0.09765625
2 0.90859375 0.51875 0.10234375 0.18828125
17 0.55859375 0.95625 0.0734375 0.08671875
17 0.48984375 0.9390625 0.0609375 0.121875
3 0.1921875 0.584375 0.03984375 0.1671875
2 0.72734375 0.5046875 0.07734375 0.1453125
5 0.43828125 0.659375 0.05625 0.19609375
1 0.46640625 0.434375 0.05703125 0.17578125
18 0.428125 0.9296875 0.05703125 0.13984375
2 0.0203125 0.37109375 0.03203125 0.125
2 0.059375 0.3765625 0.04296875 0.128125
3 0.15234375 0.57265625 0.03828125 0.1640625
0 0.3375 0.41875 0.053125 0.15703125
2 0.09765625 0.3828125 0.0296875 0.1296875
0 0.28203125 0.41640625 0.0546875 0.140625
4 0.05625 0.54375 0.0265625 0.1421875
10 0.0265625 0.209375 0.034375 0.1453125
1 0.13359375 0.38984375 0.04296875 0.1359375
17 0.63359375 0.98046875 0.0859375 0.0390625
1 0.98984375 0.515625 0.0203125 0.23515625
4 0.025 0.534375 0.034375 0.140625
18 0.315625 0.88125 0.05078125 0.1328125
17 0.7359375 0.9859375 0.1 0.028125