18 0.30078125 0.65390625 0.0984375 0.19765625
11 0.525 0.3 0.10234375 0.278125
12 0.27421875 0.2953125 0.13203125 0.32421875
12 0.115625 0.29140625 0.171875 0.35625
10 0.81328125 0.325 0.04296875 0.17265625
10 0.76796875 0.325 0.04375 0.178125
11 0.40625 0.2921875 0.12421875 0.309375
18 0.4 0.6375 0.08671875 0.1859375
18 0.85234375 0.53984375 0.05625 0.1578125
17 0.103125 0.69453125 0.1265625 0.22578125
8 0.85546875 0.32421875 0.0375 0.16484375
17 0.79609375 0.54765625 0.05234375 0.17109375
2 0.93515625 0.325 0.03984375 0.159375
11 0.70859375 0.30703125 0.06953125 0.2421875
11 0.62578125 0.3015625 0.0921875 0.2609375
2 0.9703125 0.32421875 0.0265625 0.15234375
8 0.89453125 0.32421875 0.0375 0.1609375
17 0.734375 0.559375 0.065625 0.1828125
16 0.23046875 0.92265625 0.11484375 0.15390625
2 0.9921875 0.32265625 0.015625 0.14765625
16 0.33125 0.90859375 0.08515625 0.1828125
17 0.6609375 0.571875 0.075 0.1921875
16 0.54609375 0.84765625 0.06015625 0.19296875
16 0.6046875 0.821875 0.05625 0.1859375
18 0.90625 0.53046875 0.046875 0.146875
3 0.659375 0.803125 0.05078125 0.175
16 0.48359375 0.871875 0.065625 0.20234375
18 0.9546875 0.5203125 0.0453125 0.14375
4 0.9453125 0.6953125 0.034375 0.13515625
16 0.11171875 0.94296875 0.1109375 0.1140625
16 0.41171875 0.8953125 0.07578125 0.209375
12 0.0125 0.2796875 0.025 0.40703125
3 0.76015625 0.7671875 0.03984375 0.16484375
16 0.02734375 0.959375 0.0546875 0.07890625
3 0.7125 0.78515625 0.05234375 0.1703125
4 0.90859375 0.709375 0.03359375 0.13984375
17 0.0078125 0.7546875 0.015625 0.1796875