0 0.6015625 0.68984375 0.05625 0.1703125
8 0.31171875 0.490625 0.065625 0.175
10 0.43671875 0.4921875 0.05625 0.16171875
0 0.71171875 0.67578125 0.04765625 0.1578125
8 0.08359375 0.48984375 0.090625 0.1953125
8 0.16796875 0.490625 0.0703125 0.18671875
8 0.6 0.4859375 0.05859375 0.1609375
17 0.38984375 0.92421875 0.06953125 0.15
8 0.75390625 0.48515625 0.04765625 0.14609375
8 0.240625 0.49140625 0.06796875 0.18203125
18 0.765625 0.83671875 0.0546875 0.12734375
8 0.65546875 0.48515625 0.04765625 0.15625
17 0.31015625 0.93125 0.08125 0.13671875
0 0.30703125 0.734375 0.065625 0.1828125
8 0.70390625 0.48515625 0.046875 0.15078125
17 0.215625 0.940625 0.08671875 0.11875
18 0.8203125 0.825 0.04765625 0.1203125
10 0.84765625 0.4828125 0.03984375 0.13671875
0 0.15859375 0.74921875 0.07578125 0.19375
10 0.3765625 0.4921875 0.05859375 0.1671875
8 0.80234375 0.484375 0.0453125 0.140625
2 0.546875 0.70234375 0.05078125 0.16484375
0 0.075 0.75703125 0.084375 0.2
0 0.65859375 0.68203125 0.0546875 0.16328125
10 0.54375 0.49140625 0.046875 0.1546875
18 0.70625 0.85078125 0.05859375 0.128125
2 0.85546875 0.65859375 0.04375 0.13828125
18 0.64375 0.865625 0.06015625 0.13515625
17 0.1203125 0.94765625 0.0921875 0.10390625
10 0.49296875 0.49140625 0.05078125 0.1578125
2 0.9 0.6515625 0.04140625 0.140625
2 0.4359375 0.715625 0.06171875 0.178125
10 0.88828125 0.48203125 0.0359375 0.1328125
2 0.49375 0.709375 0.05078125 0.171875
4 0.5734375 0.26328125 0.05078125 0.1921875
0 0.23515625 0.740625 0.0703125 0.18828125
1 0.76171875 0.66796875 0.04765625 0.15078125
0 0.37265625 0.72265625 0.06171875 0.184375
18 0.86875 0.81171875 0.046875 0.1140625
5 0.67421875 0.27265625 0.0453125 0.1828125
1 0.809375 0.6640625 0.04375 0.14296875
10 0.92578125 0.48125 0.0359375 0.1296875
5 0.80234375 0.28984375 0.04296875 0.16015625
5 0.759375 0.28515625 0.04296875 0.16328125
4 0.515625 0.25703125 0.05703125 0.19921875
5 0.71796875 0.27890625 0.03984375 0.17265625
5 0.84296875 0.29453125 0.0375 0.1546875
5 0.625 0.26953125 0.04765625 0.18671875
2 0.94140625 0.64453125 0.0359375 0.13515625
5 0.94765625 0.3046875 0.03359375 0.14609375
5 0.88203125 0.29921875 0.034375 0.15390625