4 0.78828125 0.809375 0.075 0.190625
8 0.58671875 0.30859375 0.04921875 0.17421875
2 0.85 0.296875 0.09453125 0.2171875
17 0.434375 0.51015625 0.0453125 0.14765625
2 0.765625 0.30234375 0.06953125 0.20390625
18 0.703125 0.55234375 0.0828125 0.1890625
10 0.53671875 0.31328125 0.0453125 0.16328125
5 0.6046875 0.74765625 0.05078125 0.1671875
17 0.48828125 0.51875 0.05703125 0.15625
18 0.621875 0.53984375 0.06953125 0.17421875
2 0.696875 0.3046875 0.06640625 0.1953125
18 0.79921875 0.565625 0.0984375 0.20390625
4 0.71796875 0.78515625 0.06171875 0.184375
8 0.6375 0.3078125 0.04921875 0.184375
16 0.30234375 0.64453125 0.028125 0.12265625
16 0.2734375 0.634375 0.0265625 0.11875
16 0.3625 0.66328125 0.03203125 0.13515625
17 0.5515625 0.52890625 0.065625 0.16171875
4 0.65859375 0.76328125 0.053125 0.171875
10 0.49296875 0.309375 0.03828125 0.16484375
16 0.33125 0.65390625 0.0296875 0.12578125
18 0.309375 0.49765625 0.0265625 0.10625
16 0.39609375 0.67421875 0.03203125 0.13671875
16 0.246875 0.6234375 0.025 0.11484375
11 0.44296875 0.303125 0.0546875 0.18203125
18 0.28125 0.49296875 0.0265625 0.10234375
3 0.465625 0.70078125 0.0359375 0.15078125
3 0.55234375 0.73125 0.04921875 0.16328125
16 0.22265625 0.61484375 0.02265625 0.11015625
11 0.38515625 0.30625 0.053125 0.17734375
16 0.4296875 0.68671875 0.03359375 0.14609375
11 0.3328125 0.309375 0.046875 0.16484375
3 0.50703125 0.7140625 0.03984375 0.1546875