4 0.33515625 0.74453125 0.06015625 0.17890625
18 0.371875 0.52265625 0.084375 0.17890625
1 0.39296875 0.28203125 0.065625 0.175
17 0.53359375 0.5046875 0.06953125 0.16171875
2 0.1625 0.2765625 0.08515625 0.2
2 0.0703125 0.27421875 0.09296875 0.21015625
4 0.39609375 0.72890625 0.06015625 0.175
0 0.3234375 0.278125 0.06796875 0.1890625
5 0.2703125 0.76328125 0.06640625 0.18515625
8 0.56796875 0.28515625 0.05078125 0.1578125
0 0.2484375 0.27578125 0.07890625 0.19375
0 0.771875 0.29296875 0.05234375 0.12890625
18 0.9234375 0.46796875 0.0359375 0.09765625
5 0.1984375 0.78125 0.0734375 0.190625
5 0.11953125 0.7984375 0.084375 0.196875
10 0.62109375 0.28515625 0.05078125 0.153125
8 0.825 0.29375 0.04765625 0.12421875
17 0.715625 0.4953125 0.0453125 0.11796875
17 0.76171875 0.48984375 0.04296875 0.11328125
8 0.515625 0.2828125 0.05234375 0.1640625
10 0.66953125 0.28671875 0.04140625 0.14765625
1 0.45859375 0.284375 0.06015625 0.16796875
16 0.84921875 0.62421875 0.0359375 0.134375
18 0.45703125 0.51328125 0.07578125 0.1703125
3 0.56015625 0.690625 0.04296875 0.16328125
4 0.4546875 0.71640625 0.0546875 0.16875
17 0.66328125 0.4984375 0.05234375 0.13125
17 0.60234375 0.50390625 0.065625 0.13984375
8 0.871875 0.29453125 0.04140625 0.12109375
3 0.51015625 0.70234375 0.0546875 0.1703125
16 0.7296875 0.64921875 0.0453125 0.14609375
0 0.71875 0.29140625 0.05078125 0.13515625
16 0.890625 0.61953125 0.0453125 0.125
10 0.915625 0.29375 0.04140625 0.115625
16 0.7734375 0.63984375 0.04140625 0.1421875
16 0.8125 0.63046875 0.0359375 0.13671875
10 0.959375 0.2921875 0.03984375 0.1140625
3 0.60703125 0.6796875 0.046875 0.1578125
17 0.8046875 0.5 0.03828125 0.078125
16 0.68671875 0.6578125 0.03828125 0.14921875