17 0.84921875 0.4890625 0.1015625 0.19921875
18 0.74765625 0.484375 0.090625 0.18828125
9 0.15 0.25078125 0.046875 0.16328125
2 0.46484375 0.22265625 0.06796875 0.1859375
5 0.66796875 0.73671875 0.0734375 0.24296875
2 0.4015625 0.22890625 0.05625 0.18125
18 0.48671875 0.45546875 0.07734375 0.190625
0 0.29921875 0.2421875 0.04921875 0.16484375
17 0.4078125 0.45234375 0.075 0.18125
3 0.5953125 0.7234375 0.06953125 0.23203125
0 0.73671875 0.18125 0.1 0.2390625
5 0.83046875 0.76875 0.090625 0.26171875
5 0.7453125 0.75078125 0.07890625 0.25
8 0.275 0.453125 0.0453125 0.15390625
17 0.9515625 0.48046875 0.096875 0.2390625
3 0.40390625 0.68828125 0.053125 0.209375
0 0.846875 0.16484375 0.11171875 0.25703125
1 0.3484375 0.23671875 0.046875 0.17109375
18 0.65703125 0.4796875 0.08125 0.17890625
3 0.46171875 0.69765625 0.06015625 0.2171875
8 0.228125 0.453125 0.0453125 0.15078125
18 0.571875 0.45859375 0.0828125 0.20234375
3 0.5265625 0.7109375 0.06796875 0.22578125
1 0.6328125 0.1890625 0.09453125 0.23515625
17 0.334375 0.45078125 0.06796875 0.17265625
1 0.54296875 0.203125 0.0796875 0.21484375
10 0.18203125 0.45078125 0.04296875 0.14609375
10 0.10234375 0.2578125 0.04296875 0.153125
10 0.13984375 0.4484375 0.03828125 0.14296875
0 0.2515625 0.246875 0.0453125 0.1609375
8 0.015625 0.4390625 0.03125 0.1375
10 0.06015625 0.26171875 0.03984375 0.14765625
3 0.35234375 0.678125 0.04921875 0.19765625
0 0.95390625 0.14375 0.0921875 0.28515625
9 0.20078125 0.24609375 0.05078125 0.16796875
8 0.053125 0.44375 0.0375 0.13671875
10 0.0203125 0.265625 0.0359375 0.14609375
8 0.096875 0.44453125 0.0453125 0.14375
12 0.115625 0.634375 0.04765625 0.16328125
11 0.2203125 0.65234375 0.04765625 0.171875
12 0.16796875 0.64375 0.04921875 0.16484375
11 0.26875 0.659375 0.0453125 0.1796875