19 0.0625 0.39453125 0.1171875 0.1828125
18 0.19375 0.6328125 0.10234375 0.19609375
17 0.33828125 0.38046875 0.07734375 0.15
17 0.38125 0.60078125 0.084375 0.175
17 0.2921875 0.6140625 0.08671875 0.18515625
8 0.74375 0.359375 0.0375 0.13828125
11 0.84921875 0.815625 0.04296875 0.11171875
17 0.25703125 0.38515625 0.07734375 0.1609375
18 0.075 0.65 0.12265625 0.2078125
17 0.2296875 0.859375 0.090625 0.18203125
17 0.1703125 0.38984375 0.08828125 0.17421875
10 0.73671875 0.71171875 0.04375 0.13828125
10 0.68828125 0.7234375 0.046875 0.14296875
8 0.66171875 0.3625 0.04296875 0.14765625
8 0.70390625 0.36015625 0.03984375 0.140625
2 0.78984375 0.15703125 0.03828125 0.14375
8 0.715625 0.540625 0.0453125 0.14375
10 0.63671875 0.73671875 0.04765625 0.14609375
10 0.5828125 0.75234375 0.0546875 0.15
8 0.6671875 0.55 0.046875 0.15078125
17 0.12578125 0.8921875 0.1109375 0.19609375
17 0.41796875 0.38046875 0.071875 0.15
2 0.90859375 0.1625 0.04296875 0.1453125
8 0.78359375 0.35625 0.0375 0.1328125
0 0.6640625 0.14453125 0.0375 0.1546875
8 0.86328125 0.353125 0.034375 0.12578125
8 0.6125 0.36484375 0.05078125 0.15234375
8 0.80546875 0.5296875 0.04296875 0.13125
8 0.615625 0.5578125 0.05234375 0.15703125
11 0.73046875 0.8640625 0.04375 0.11484375
17 0.45859375 0.609375 0.0625 0.12421875
8 0.90234375 0.353125 0.03984375 0.12578125
8 0.82421875 0.3546875 0.03984375 0.12890625
0 0.7046875 0.14765625 0.04140625 0.153125
17 0.32109375 0.83203125 0.0828125 0.171875
1 0.6171875 0.1265625 0.0546875 0.1828125
11 0.8078125 0.83359375 0.034375 0.11015625
10 0.78046875 0.70078125 0.03828125 0.128125
0 0.74765625 0.15234375 0.04140625 0.14921875
1 0.55625 0.11875 0.065625 0.1953125
1 0.8671875 0.16328125 0.0359375 0.13671875
1 0.8296875 0.16015625 0.0375 0.13984375
8 0.76171875 0.53359375 0.04140625 0.13828125
10 0.8953125 0.665625 0.03984375 0.12109375
10 0.8203125 0.6921875 0.0375 0.115625
17 0.39921875 0.828125 0.065625 0.1296875
8 0.84609375 0.521875 0.0359375 0.13203125
17 0.465625 0.8125 0.06015625 0.121875
10 0.85703125 0.67421875 0.03203125 0.12421875
11 0.890625 0.803125 0.034375 0.1109375
12 0.68359375 0.8859375 0.04375 0.125
17 0.52578125 0.79453125 0.05625 0.11484375
11 0.77109375 0.84921875 0.03359375 0.11171875