8 0.7953125 0.26796875 0.0546875 0.16796875
4 0.296875 0.71484375 0.0734375 0.19765625
8 0.8515625 0.271875 0.05234375 0.1578125
4 0.140625 0.7421875 0.0796875 0.20078125
1 0.38828125 0.48671875 0.07734375 0.16875
4 0.2203125 0.728125 0.07578125 0.2
8 0.9046875 0.27265625 0.04921875 0.15
2 0.88828125 0.440625 0.03828125 0.13203125
10 0.06640625 0.2453125 0.11328125 0.25390625
3 0.36640625 0.70234375 0.0640625 0.1921875
10 0.1796875 0.24921875 0.10234375 0.23984375
0 0.5984375 0.47109375 0.0625 0.14609375
24 0.27265625 0.9484375 0.0703125 0.103125
2 0.2109375 0.49921875 0.09453125 0.184375
10 0.28359375 0.2515625 0.09296875 0.2296875
8 0.5375 0.2578125 0.06953125 0.20078125
2 0.1078125 0.509375 0.10390625 0.1953125
18 0.6703125 0.85078125 0.04375 0.11328125
8 0.60703125 0.26015625 0.06640625 0.1921875
8 0.73828125 0.265625 0.0546875 0.17734375
10 0.3796875 0.2546875 0.08671875 0.2203125
8 0.67578125 0.26328125 0.065625 0.184375
3 0.43046875 0.6890625 0.05859375 0.18515625
10 0.4625 0.25703125 0.0734375 0.21015625
2 0.84609375 0.44375 0.04296875 0.134375
0 0.534375 0.48359375 0.06171875 0.1390625
4 0.05390625 0.759375 0.09609375 0.209375
1 0.3046875 0.49375 0.0828125 0.17734375
18 0.71953125 0.8375 0.04765625 0.11015625
1 0.8046875 0.446875 0.03828125 0.13828125
24 0.1953125 0.953125 0.071875 0.09296875
2 0.925 0.43984375 0.034375 0.12734375
2 0.02578125 0.51640625 0.0515625 0.2046875
24 0.484375 0.9046875 0.05859375 0.11875
17 0.80234375 0.80703125 0.04375 0.1046875
1 0.465625 0.48203125 0.0703125 0.15703125
24 0.41796875 0.925 0.0625 0.12265625
24 0.34765625 0.940625 0.06796875 0.11875
17 0.84609375 0.80078125 0.03828125 0.090625
3 0.60390625 0.65625 0.04921875 0.16484375
5 0.9203125 0.60078125 0.04296875 0.1359375
10 0.9515625 0.275 0.03828125 0.1421875
18 0.6171875 0.8671875 0.05625 0.11796875
0 0.6609375 0.4609375 0.05625 0.146875
3 0.65390625 0.64765625 0.04921875 0.1578125
17 0.88515625 0.78828125 0.0359375 0.08984375
10 0.9859375 0.275 0.028125 0.13671875
24 0.54453125 0.88515625 0.0546875 0.11796875
17 0.7609375 0.81875 0.03359375 0.10703125
5 0.8796875 0.6078125 0.03828125 0.1359375
3 0.55078125 0.66796875 0.0546875 0.17265625
3 0.4921875 0.67734375 0.05859375 0.1796875
2 0.9625 0.43984375 0.03828125 0.11484375
1 0.715625 0.4546875 0.04921875 0.1453125
5 0.75703125 0.63125 0.04296875 0.1453125
1 0.99140625 0.4375 0.0171875 0.1046875
22 0.1109375 0.9765625 0.08671875 0.046875
5 0.840625 0.615625 0.0359375 0.13984375
24 0.5421875 0.990625 0.046875 0.01796875
5 0.8015625 0.62265625 0.04296875 0.1453125
24 0.596875 0.98203125 0.059375 0.0359375