18 0.475 0.51640625 0.053125 0.11796875
2 0.53984375 0.328125 0.06796875 0.196875
10 0.475 0.3171875 0.05859375 0.18828125
17 0.5328125 0.53671875 0.05625 0.1203125
0 0.70390625 0.35625 0.08828125 0.2296875
8 0.35859375 0.2890625 0.05625 0.184375
0 0.6171875 0.33671875 0.084375 0.2203125
5 0.59140625 0.5515625 0.05625 0.13828125
8 0.30546875 0.27734375 0.0453125 0.17578125
2 0.7984375 0.38046875 0.1015625 0.24375
8 0.25703125 0.26640625 0.046875 0.1703125
5 0.65078125 0.571875 0.0640625 0.14375
10 0.415625 0.30390625 0.05234375 0.1859375
8 0.109375 0.2203125 0.04921875 0.17265625
5 0.71640625 0.59296875 0.0703125 0.1453125
2 0.91640625 0.4046875 0.134375 0.25
8 0.05703125 0.209375 0.05078125 0.1703125
10 0.2078125 0.2421875 0.0453125 0.1828125
18 0.4203125 0.5015625 0.04765625 0.10703125
10 0.015625 0.20078125 0.03046875 0.1609375
18 0.2703125 0.44453125 0.05078125 0.11796875
10 0.159375 0.23125 0.0453125 0.175
17 0.321875 0.4953125 0.03984375 0.05078125