4 0.5765625 0.903125 0.04375 0.1296875
0 0.240625 0.3796875 0.0640625 0.16875
10 0.42734375 0.3828125 0.05625 0.153125
2 0.30546875 0.38125 0.06015625 0.16171875
8 0.7046875 0.38203125 0.034375 0.12734375
2 0.36640625 0.38125 0.05703125 0.15703125
18 0.59765625 0.73828125 0.05703125 0.134375
12 0.44296875 0.1828125 0.0703125 0.18515625
10 0.365625 0.5828125 0.065625 0.1640625
10 0.29453125 0.590625 0.0703125 0.17265625
12 0.29140625 0.16328125 0.0828125 0.20390625
10 0.53515625 0.38203125 0.046875 0.14296875
3 0.38359375 0.9453125 0.05078125 0.109375
8 0.778125 0.38203125 0.0375 0.121875
17 0.3953125 0.77578125 0.06953125 0.1546875
0 0.171875 0.3796875 0.06796875 0.17265625
4 0.52890625 0.915625 0.04765625 0.13203125
17 0.14296875 0.828125 0.0828125 0.1703125
10 0.21796875 0.5984375 0.07578125 0.178125
12 0.19921875 0.15234375 0.09765625 0.21171875
10 0.4328125 0.57734375 0.06015625 0.1578125
11 0.84296875 0.22578125 0.04375 0.15
17 0.23203125 0.81171875 0.084375 0.16796875
18 0.46796875 0.76171875 0.06640625 0.15
17 0.31796875 0.79375 0.07734375 0.16171875
8 0.6484375 0.5515625 0.046875 0.13828125
8 0.828125 0.53359375 0.0375 0.125
18 0.534375 0.74765625 0.06015625 0.14296875
17 0.86171875 0.67734375 0.053125 0.12109375
10 0.58359375 0.3828125 0.04375 0.13984375
0 0.09453125 0.37890625 0.08125 0.17890625
10 0.49296875 0.5703125 0.053125 0.15234375
12 0.51015625 0.18828125 0.05859375 0.1828125
10 0.13125 0.60703125 0.08515625 0.18828125
8 0.86484375 0.53046875 0.03359375 0.121875
10 0.54765625 0.5640625 0.05234375 0.14765625
10 0.484375 0.38125 0.05234375 0.14609375
8 0.78671875 0.53828125 0.03984375 0.12890625
5 0.62109375 0.8921875 0.04296875 0.128125
12 0.56640625 0.1953125 0.05234375 0.17421875
12 0.0953125 0.1390625 0.10234375 0.23203125
3 0.43203125 0.93828125 0.04375 0.121875
10 0.6 0.55859375 0.04765625 0.14375
10 0.66796875 0.38203125 0.0359375 0.13125
8 0.74296875 0.54453125 0.04375 0.12890625
8 0.815625 0.38203125 0.03359375 0.11875
11 0.70234375 0.21171875 0.04765625 0.159375
10 0.628125 0.3828125 0.04296875 0.1359375
12 0.3703125 0.17421875 0.06953125 0.19296875
11 0.79375 0.21953125 0.04921875 0.15625
8 0.9109375 0.3828125 0.0296875 0.1109375
8 0.740625 0.38203125 0.034375 0.12421875
18 0.80703125 0.6875 0.04921875 0.12265625
8 0.8484375 0.38203125 0.03046875 0.115625
18 0.65625 0.73515625 0.05234375 0.11015625
8 0.69609375 0.5484375 0.0453125 0.134375
11 0.8875 0.22890625 0.04140625 0.146875
16 0.8671875 0.8140625 0.0359375 0.1078125
8 0.88046875 0.38203125 0.0296875 0.11328125
3 0.4796875 0.93125 0.046875 0.134375
11 0.746875 0.215625 0.03984375 0.15625
11 0.6171875 0.20078125 0.0453125 0.17109375
11 0.65859375 0.20625 0.0375 0.1640625
16 0.80390625 0.834375 0.03046875 0.1140625
5 0.6984375 0.86484375 0.02421875 0.1171875
16 0.73203125 0.85625 0.03984375 0.1171875
5 0.665625 0.8796875 0.04140625 0.12578125
16 0.834375 0.82265625 0.0265625 0.1109375
5 0.20546875 0.97109375 0.0640625 0.0578125
16 0.89765625 0.8046875 0.0203125 0.103125
5 0.2703125 0.965625 0.06015625 0.06796875
12 0.01796875 0.121875 0.034375 0.2203125