8 0.47890625 0.48984375 0.0640625 0.178125
0 0.3203125 0.6875 0.0546875 0.1703125
10 0.70703125 0.5109375 0.08515625 0.20234375
5 0.875 0.22734375 0.08671875 0.2421875
0 0.4453125 0.71484375 0.06640625 0.18828125
8 0.4125 0.484375 0.0640625 0.17265625
8 0.621875 0.50390625 0.07890625 0.19375
10 0.7984375 0.51875 0.0921875 0.2140625
8 0.54765625 0.49609375 0.06953125 0.18828125
1 0.58828125 0.7765625 0.0734375 0.15078125
4 0.24140625 0.26015625 0.0453125 0.17734375
5 0.50703125 0.24765625 0.0625 0.19921875
2 0.18125 0.6625 0.04140625 0.14296875
18 0.3390625 0.8890625 0.065625 0.14609375
10 0.17421875 0.46640625 0.0359375 0.13828125
2 0.22421875 0.67109375 0.04296875 0.15
8 0.34921875 0.47890625 0.05859375 0.16484375
2 0.66953125 0.76875 0.08125 0.21484375
10 0.903125 0.52578125 0.10703125 0.225
2 0.75859375 0.78515625 0.0921875 0.225
8 0.1375 0.4625 0.034375 0.1328125
4 0.19765625 0.26171875 0.04140625 0.17109375
8 0.10234375 0.459375 0.03359375 0.1296875
4 0.28828125 0.259375 0.046875 0.18125
1 0.51484375 0.7578125 0.06796875 0.14375
0 0.1421875 0.6546875 0.0359375 0.134375
5 0.96015625 0.2171875 0.0796875 0.25625
5 0.70703125 0.234375 0.075 0.22734375
2 0.26796875 0.68125 0.046875 0.15390625
10 0.2953125 0.48046875 0.04375 0.14921875
18 0.409375 0.91484375 0.06796875 0.1546875
8 0.0671875 0.4546875 0.034375 0.12734375
2 0.86171875 0.80625 0.10703125 0.23515625
5 0.634375 0.23828125 0.06796875 0.2171875
5 0.56953125 0.24375 0.05859375 0.2078125
8 0.03203125 0.45078125 0.03359375 0.12265625
0 0.3796875 0.69921875 0.06171875 0.17890625
5 0.39140625 0.25390625 0.05078125 0.19296875
18 0.671875 0.95703125 0.096875 0.0859375
18 0.4859375 0.93203125 0.07890625 0.1359375
10 0.25234375 0.4765625 0.03984375 0.14296875
0 0.0125 0.61796875 0.025 0.12265625
0 0.0421875 0.62578125 0.03046875 0.13125
10 0.21171875 0.471875 0.03828125 0.1390625
5 0.7875 0.2328125 0.0828125 0.234375
4 0.33828125 0.2578125 0.05234375 0.18828125
0 0.10625 0.64375 0.034375 0.13515625
5 0.446875 0.25078125 0.05625 0.19609375
0 0.07265625 0.63359375 0.0296875 0.13125
18 0.575 0.94453125 0.0890625 0.1109375
18 0.77890625 0.9703125 0.10546875 0.059375
17 0.0203125 0.7703125 0.034375 0.10390625
3 0.15703125 0.2625 0.03828125 0.16484375
17 0.05703125 0.784375 0.03828125 0.11171875
17 0.09921875 0.80078125 0.04140625 0.1171875
17 0.14296875 0.815625 0.04375 0.121875