4 0.22265625 0.7046875 0.04765625 0.15390625
10 0.88984375 0.2578125 0.1078125 0.246875
10 0.51171875 0.27890625 0.07578125 0.20703125
16 0.7578125 0.821875 0.07890625 0.2140625
10 0.596875 0.275 0.08515625 0.2171875
8 0.70078125 0.56171875 0.075 0.19296875
8 0.55703125 0.54921875 0.0640625 0.17890625
8 0.62578125 0.5546875 0.06953125 0.1859375
10 0.6875 0.2703125 0.08828125 0.22421875
8 0.86640625 0.57578125 0.08515625 0.21171875
1 0.14296875 0.50546875 0.03828125 0.1453125
8 0.78046875 0.56875 0.0796875 0.20234375
8 0.49453125 0.54296875 0.05703125 0.171875
2 0.0671875 0.496875 0.0359375 0.13828125
8 0.25234375 0.29296875 0.046875 0.17421875
10 0.4359375 0.53671875 0.05625 0.165625
10 0.365625 0.28515625 0.06015625 0.1921875
10 0.784375 0.26484375 0.09609375 0.2359375
10 0.27265625 0.5203125 0.0453125 0.15625
10 0.228125 0.515625 0.03828125 0.15234375
3 0.06171875 0.66796875 0.0375 0.1390625
10 0.434375 0.2828125 0.0734375 0.2
8 0.95625 0.584375 0.0875 0.221875
4 0.1765625 0.6953125 0.03984375 0.15078125
10 0.378125 0.5421875 0.0546875 0.140625
10 0.32265625 0.53984375 0.04921875 0.13203125
17 0.41953125 0.9578125 0.0640625 0.084375
8 0.30625 0.28984375 0.05625 0.18125
8 0.14765625 0.2953125 0.04921875 0.16484375
10 0.9734375 0.2515625 0.053125 0.259375
16 0.60859375 0.7890625 0.06796875 0.19609375
16 0.68046875 0.803125 0.0734375 0.203125
10 0.18515625 0.5109375 0.04375 0.146875
17 0.09140625 0.828125 0.0359375 0.10078125
3 0.0984375 0.6765625 0.034375 0.14296875
2 0.03125 0.49296875 0.03359375 0.1328125
8 0.05546875 0.29921875 0.046875 0.15390625
17 0.51640625 0.96640625 0.06640625 0.0671875
16 0.84296875 0.83984375 0.08671875 0.221875
17 0.27265625 0.91875 0.0453125 0.12890625
5 0.13671875 0.6859375 0.03828125 0.14921875
8 0.1015625 0.296875 0.04140625 0.159375
17 0.58828125 0.96875 0.07578125 0.06171875
1 0.10390625 0.5015625 0.034375 0.140625
17 0.1296875 0.840625 0.0375 0.103125
17 0.22578125 0.89921875 0.04375 0.12734375
2 0.00703125 0.490625 0.01328125 0.1296875
8 0.015625 0.30078125 0.0296875 0.146875
18 0.32578125 0.934375 0.05625 0.1296875
16 0.27109375 0.7140625 0.046875 0.1609375
8 0.20078125 0.29375 0.05234375 0.17109375
17 0.18125 0.88203125 0.04296875 0.121875
16 0.3203125 0.72265625 0.05078125 0.165625
17 0.66640625 0.9796875 0.084375 0.040625
3 0.02578125 0.6578125 0.03203125 0.1359375
17 0.04609375 0.82421875 0.05078125 0.1078125
3 0.00546875 0.653125 0.0109375 0.1296875
16 0.54609375 0.77578125 0.0546875 0.184375
16 0.9359375 0.8578125 0.09609375 0.23515625