8 0.70546875 0.3703125 0.0703125 0.1703125
8 0.58203125 0.36171875 0.05234375 0.15703125
2 0.9203125 0.1015625 0.10390625 0.203125
8 0.62578125 0.60390625 0.06171875 0.13515625
11 0.5296875 0.94765625 0.053125 0.1046875
1 0.45859375 0.12578125 0.0640625 0.165625
8 0.503125 0.55859375 0.05859375 0.16171875
8 0.79609375 0.61484375 0.10390625 0.190625
10 0.6796875 0.82421875 0.065625 0.17890625
8 0.63828125 0.365625 0.05859375 0.1640625
8 0.56328125 0.590625 0.05625 0.125
8 0.52734375 0.3578125 0.0546875 0.15234375
8 0.4453125 0.54609375 0.053125 0.15625
10 0.61171875 0.81328125 0.0640625 0.15078125
8 0.475 0.353125 0.04765625 0.14609375
2 0.69140625 0.12109375 0.06640625 0.171875
11 0.5890625 0.959375 0.06171875 0.08125
8 0.78046875 0.3765625 0.075 0.17578125
10 0.54453125 0.80390625 0.06171875 0.1171875
0 0.56953125 0.1296875 0.053125 0.16171875
1 0.7578125 0.11484375 0.0640625 0.17890625
10 0.4828125 0.76015625 0.0546875 0.1578125
10 0.4296875 0.7375 0.04921875 0.1578125
1 0.828125 0.11015625 0.075 0.18671875
0 0.5171875 0.1296875 0.04921875 0.159375
8 0.42578125 0.35078125 0.046875 0.140625
1 0.39765625 0.128125 0.0546875 0.16171875
0 0.628125 0.12578125 0.06171875 0.1671875
11 0.47421875 0.93515625 0.0546875 0.12890625
8 0.8734375 0.3796875 0.10390625 0.18515625
8 0.39140625 0.53828125 0.05078125 0.1453125
10 0.38046875 0.71875 0.046875 0.15078125
17 0.22734375 0.50234375 0.04375 0.13125
10 0.33203125 0.7046875 0.04765625 0.14375
17 0.1828125 0.4921875 0.04296875 0.12734375
17 0.234375 0.33984375 0.0453125 0.1109375
17 0.1921875 0.33359375 0.0359375 0.103125
12 0.415625 0.915625 0.05859375 0.13984375
11 0.64765625 0.971875 0.04921875 0.05625
17 0.265625 0.53125 0.0359375 0.09609375
17 0.15390625 0.33125 0.0359375 0.10078125
17 0.2796875 0.34453125 0.04296875 0.115625
5 0.2375 0.96953125 0.0375 0.0609375
11 0.715625 0.984375 0.06015625 0.03125
11 0.675 0.98046875 0.040625 0.0390625
5 0.27421875 0.978125 0.03828125 0.04375
2 0.98828125 0.10546875 0.02265625 0.2109375
5 0.171875 0.94921875 0.0359375 0.1
5 0.2046875 0.96015625 0.03203125 0.07890625
17 0.28125 0.70546875 0.0453125 0.103125
17 0.121875 0.6328125 0.04140625 0.12109375