3 0.615625 0.7046875 0.0625 0.17421875
3 0.8203125 0.7140625 0.0734375 0.17109375
4 0.4875 0.70078125 0.05859375 0.1703125
8 0.1671875 0.49296875 0.0546875 0.15
4 0.55 0.70390625 0.0625 0.16875
3 0.6828125 0.70703125 0.065625 0.17265625
8 0.475 0.26171875 0.07578125 0.18984375
2 0.42578125 0.490625 0.0703125 0.165625
8 0.22578125 0.49453125 0.05703125 0.15
8 0.39609375 0.26171875 0.07578125 0.190625
17 0.515625 0.871875 0.0703125 0.10625
17 0.7875 0.91875 0.0921875 0.153125
10 0.7203125 0.259375 0.0796875 0.19296875
0 0.50234375 0.4921875 0.075 0.16875
8 0.3171875 0.2625 0.075 0.18828125
10 0.8921875 0.25625 0.08515625 0.19765625
8 0.55546875 0.26171875 0.07734375 0.1890625
1 0.7375 0.49921875 0.07578125 0.16875
10 0.18828125 0.27265625 0.05703125 0.1640625
10 0.065625 0.271875 0.0625 0.16015625
10 0.63671875 0.26015625 0.07734375 0.18984375
10 0.128125 0.271875 0.0546875 0.16015625
12 0.103125 0.68203125 0.06171875 0.1640625
10 0.8046875 0.25859375 0.07890625 0.19375
10 0.24765625 0.271875 0.05703125 0.16484375
8 0.10859375 0.490625 0.05625 0.14765625
0 0.5796875 0.4953125 0.0734375 0.16796875
17 0.1296875 0.88203125 0.06796875 0.12421875
0 0.65703125 0.4984375 0.07578125 0.1640625
1 0.82109375 0.503125 0.08125 0.16796875
18 0.3625 0.87421875 0.075 0.12109375
5 0.425 0.6984375 0.06171875 0.1703125
3 0.74921875 0.71171875 0.0625 0.16796875
17 0.20859375 0.88515625 0.06953125 0.1296875
18 0.284375 0.88125 0.0734375 0.14609375
5 0.3625 0.69765625 0.05703125 0.165625
8 0.284375 0.49453125 0.0546875 0.153125
5 0.30234375 0.6921875 0.05703125 0.1671875
2 0.35078125 0.48984375 0.071875 0.1671875
11 0.2359375 0.68828125 0.06796875 0.165625
10 0.0125 0.259375 0.025 0.17265625
4 0.9390625 0.93515625 0.1109375 0.1296875