1 0.14296875 0.56875 0.09453125 0.209375
1 0.23671875 0.56015625 0.08515625 0.20078125
5 0.4546875 0.9421875 0.05859375 0.115625
10 0.11015625 0.2921875 0.10234375 0.2296875
0 0.40078125 0.54765625 0.07578125 0.17734375
8 0.6734375 0.30625 0.05625 0.16171875
5 0.3921875 0.95 0.0625 0.1
2 0.6640625 0.52421875 0.05078125 0.15234375
17 0.5421875 0.73828125 0.06953125 0.16015625
17 0.3796875 0.77265625 0.084375 0.178125
5 0.5140625 0.93515625 0.05625 0.1296875
1 0.04609375 0.57734375 0.0921875 0.2171875
2 0.71484375 0.51953125 0.046875 0.146875
8 0.615625 0.30625 0.0546875 0.16484375
8 0.47421875 0.296875 0.07578125 0.19609375
8 0.3921875 0.2953125 0.0828125 0.2046875
10 0.30625 0.29453125 0.0828125 0.21171875
2 0.54921875 0.5296875 0.06640625 0.17421875
18 0.73046875 0.71171875 0.05078125 0.12265625
2 0.61171875 0.528125 0.05234375 0.15703125
0 0.80703125 0.51484375 0.04296875 0.1296875
0 0.321875 0.55078125 0.0796875 0.1921875
10 0.2140625 0.29375 0.09296875 0.21796875
10 0.86953125 0.3046875 0.04296875 0.14765625
5 0.32578125 0.95859375 0.0640625 0.0828125
2 0.47734375 0.5390625 0.071875 0.17421875
5 0.56640625 0.92734375 0.04765625 0.1453125
10 0.0265625 0.29140625 0.053125 0.23828125
8 0.7265625 0.30625 0.046875 0.15703125
8 0.77734375 0.30390625 0.04921875 0.15625
8 0.55078125 0.29609375 0.071875 0.18984375
18 0.609375 0.73515625 0.06015625 0.13125
0 0.76171875 0.515625 0.04375 0.140625
17 0.46484375 0.753125 0.07734375 0.1703125
18 0.67265625 0.72421875 0.05703125 0.12578125
8 0.825 0.3046875 0.04296875 0.15234375
5 0.61796875 0.91875 0.05234375 0.153125
10 0.98515625 0.3046875 0.0296875 0.13828125
1 0.97265625 0.4921875 0.03203125 0.12890625
10 0.95 0.3046875 0.0375 0.140625
10 0.9109375 0.3046875 0.0375 0.14296875
1 0.93515625 0.49609375 0.03984375 0.13125
0 0.85078125 0.5140625 0.04296875 0.1171875
4 0.7234375 0.88828125 0.04765625 0.14921875
0 0.89296875 0.5046875 0.03984375 0.12578125
5 0.671875 0.903125 0.05078125 0.15
5 0.25859375 0.9671875 0.06953125 0.065625
17 0.88515625 0.684375 0.04140625 0.11484375
17 0.92734375 0.675 0.03984375 0.11328125
4 0.77109375 0.87734375 0.0453125 0.14375
5 0.18359375 0.9765625 0.0734375 0.046875
17 0.8390625 0.69296875 0.0453125 0.11875
16 0.990625 0.64375 0.01875 0.12578125
1 0.99453125 0.48984375 0.0109375 0.1296875
4 0.81640625 0.86640625 0.04296875 0.1421875
4 0.85859375 0.853125 0.03984375 0.140625
5 0.103125 0.9859375 0.084375 0.028125