10 0.390625 0.3421875 0.08515625 0.215625
17 0.48671875 0.5453125 0.05625 0.10625
17 0.24296875 0.6171875 0.09453125 0.146875
18 0.54296875 0.51953125 0.05234375 0.11796875
8 0.46953125 0.334375 0.06640625 0.1953125
10 0.3015625 0.36015625 0.09296875 0.225
8 0.596875 0.3078125 0.05859375 0.18828125
8 0.53515625 0.32265625 0.06171875 0.1890625
8 0.20703125 0.38359375 0.10234375 0.23515625
17 0.04609375 0.68515625 0.0921875 0.14765625
18 0.59609375 0.50625 0.04765625 0.10078125
2 0.91171875 0.22421875 0.05234375 0.17109375
17 0.14296875 0.65390625 0.10703125 0.153125
8 0.090625 0.41015625 0.13359375 0.2453125
10 0.70390625 0.28359375 0.04921875 0.17421875
2 0.75234375 0.2703125 0.046875 0.16875
10 0.65234375 0.29453125 0.04921875 0.17734375
0 0.80546875 0.24765625 0.05625 0.184375
18 0.41796875 0.56484375 0.0734375 0.12109375
2 0.9640625 0.215625 0.05078125 0.17109375
10 0.0171875 0.434375 0.034375 0.26015625
0 0.859375 0.23671875 0.04921875 0.178125
18 0.646875 0.49921875 0.0453125 0.078125
17 0.6953125 0.46875 0.0453125 0.1046875