9 0.46328125 0.228125 0.07578125 0.23828125
1 0.6453125 0.253125 0.046875 0.18515625
9 0.37578125 0.21875 0.09609375 0.25625
10 0.1578125 0.203125 0.1203125 0.2828125
10 0.440625 0.503125 0.06171875 0.19296875
12 0.384375 0.76484375 0.06796875 0.2078125
10 0.275 0.2140625 0.1015625 0.2703125
0 0.53515625 0.24453125 0.06171875 0.20234375
1 0.83984375 0.25546875 0.04375 0.1703125
12 0.11171875 0.83984375 0.12265625 0.253125
8 0.5 0.49453125 0.05078125 0.18203125
0 0.59375 0.2484375 0.053125 0.1921875
0 0.884375 0.2578125 0.04140625 0.16171875
8 0.1765625 0.52265625 0.1078125 0.24765625
18 0.79296875 0.45390625 0.04921875 0.14765625
5 0.86171875 0.62421875 0.028125 0.13671875
2 0.69609375 0.2546875 0.05234375 0.17890625
2 0.74609375 0.25703125 0.04375 0.17265625
1 0.79296875 0.2546875 0.046875 0.17265625
18 0.73671875 0.45859375 0.05859375 0.1578125
8 0.55234375 0.48671875 0.04765625 0.175
12 0.30234375 0.79140625 0.0828125 0.221875
17 0.9203125 0.4484375 0.03359375 0.11328125
18 0.884375 0.453125 0.03203125 0.11875
5 0.83046875 0.63359375 0.03359375 0.1453125
5 0.89296875 0.615625 0.03359375 0.1328125
17 0.67421875 0.465625 0.06171875 0.16875
10 0.0453125 0.184375 0.090625 0.32109375
10 0.37109375 0.51015625 0.0703125 0.2
11 0.45390625 0.74296875 0.06796875 0.18984375
3 0.75859375 0.65625 0.03359375 0.153125
0 0.928125 0.26015625 0.04296875 0.1546875
0 0.97109375 0.26171875 0.04140625 0.146875
8 0.2828125 0.5171875 0.09609375 0.22265625
3 0.79453125 0.6453125 0.0375 0.14609375
17 0.9578125 0.44921875 0.03984375 0.1
8 0.05859375 0.5359375 0.1171875 0.2609375
18 0.84375 0.4578125 0.0453125 0.12421875
3 0.68046875 0.678125 0.046875 0.17109375
17 0.61015625 0.47421875 0.0625 0.17421875
3 0.72265625 0.665625 0.0375 0.16484375
3 0.6296875 0.69140625 0.0546875 0.171875