8 0.2234375 0.30703125 0.05859375 0.16328125
4 0.82265625 0.95859375 0.0703125 0.08203125
1 0.85546875 0.5609375 0.075 0.18203125
1 0.0328125 0.4921875 0.04921875 0.13828125
8 0.4625 0.3109375 0.05859375 0.16328125
1 0.93671875 0.5640625 0.084375 0.18828125
18 0.41171875 0.72578125 0.053125 0.12578125
17 0.35234375 0.70390625 0.06171875 0.1453125
4 0.50703125 0.925 0.05078125 0.15
8 0.65234375 0.30390625 0.065625 0.1828125
18 0.54375 0.746875 0.06171875 0.134375
17 0.76328125 0.784375 0.075 0.1546875
17 0.68671875 0.771875 0.071875 0.15078125
18 0.475 0.73671875 0.0640625 0.1296875
2 0.46328125 0.53125 0.053125 0.1546875
17 0.22109375 0.68515625 0.05859375 0.1390625
1 0.1328125 0.49921875 0.04765625 0.1453125
10 0.79765625 0.30078125 0.0734375 0.1921875
17 0.28515625 0.69375 0.0640625 0.14296875
8 0.28359375 0.30625 0.05625 0.16796875
0 0.7796875 0.55625 0.0703125 0.17421875
8 0.5859375 0.30546875 0.0640625 0.178125
1 0.0828125 0.49609375 0.046875 0.1421875
10 0.878125 0.29921875 0.07734375 0.19765625
2 0.29375 0.51171875 0.0546875 0.15703125
2 0.35234375 0.5171875 0.05703125 0.1609375
8 0.34453125 0.30546875 0.06171875 0.171875
10 0.165625 0.309375 0.04921875 0.15703125
8 0.4046875 0.31171875 0.053125 0.16171875
4 0.7515625 0.95078125 0.06640625 0.09765625
5 0.35234375 0.88515625 0.0453125 0.13984375
2 0.5203125 0.5359375 0.05625 0.16015625
10 0.11328125 0.31015625 0.05078125 0.153125
10 0.96015625 0.2953125 0.0796875 0.2046875
10 0.72265625 0.30234375 0.0703125 0.18671875
0 0.70859375 0.55625 0.06640625 0.15625
4 0.8984375 0.96640625 0.07578125 0.0671875
0 0.18515625 0.50625 0.05234375 0.140625
0 0.5796875 0.54765625 0.05703125 0.14921875
8 0.5234375 0.309375 0.05703125 0.16796875
3 0.1203125 0.96015625 0.06015625 0.0796875
17 0.84609375 0.79296875 0.0828125 0.16171875
2 0.409375 0.528125 0.05234375 0.153125
10 0.06171875 0.3109375 0.04765625 0.15
0 0.64296875 0.55625 0.06171875 0.14296875
10 0.0171875 0.31171875 0.034375 0.14609375
0 0.23828125 0.51015625 0.05234375 0.14609375
5 0.25625 0.865625 0.04296875 0.13828125
4 0.684375 0.94453125 0.0625 0.1109375
3 0.19453125 0.971875 0.0546875 0.05625
4 0.97265625 0.9765625 0.0546875 0.046875
3 0.25078125 0.98046875 0.05078125 0.0390625
4 0.62109375 0.9375 0.06171875 0.125
3 0.31171875 0.98984375 0.0640625 0.0203125
5 0.4015625 0.89765625 0.04765625 0.14609375
5 0.30390625 0.875 0.04921875 0.140625
5 0.2125 0.8546875 0.04140625 0.134375
2 0.9921875 0.57109375 0.015625 0.1984375
5 0.453125 0.91328125 0.053125 0.153125
4 0.00703125 0.94296875 0.01328125 0.1078125