8 0.70546875 0.565625 0.071875 0.1578125
17 0.7078125 0.80234375 0.075 0.12421875
10 0.73046875 0.2953125 0.10703125 0.246875
8 0.6328125 0.540625 0.06640625 0.1546875
8 0.45390625 0.253125 0.075 0.2140625
8 0.7859375 0.590625 0.084375 0.165625
10 0.3953125 0.4703125 0.04296875 0.13984375
17 0.7890625 0.83828125 0.084375 0.128125
8 0.565625 0.540625 0.06015625 0.10703125
8 0.3796875 0.24375 0.065625 0.20625
8 0.53515625 0.265625 0.08671875 0.225
2 0.10859375 0.38125 0.03046875 0.11875
0 0.18125 0.40390625 0.0296875 0.12109375
8 0.88359375 0.62109375 0.10390625 0.17734375
17 0.39453125 0.67109375 0.046875 0.09609375
18 0.503125 0.7078125 0.05625 0.12578125
16 0.67890625 0.94609375 0.0703125 0.1078125
2 0.075 0.37109375 0.03359375 0.115625
0 0.1453125 0.39375 0.0375 0.11875
1 0.040625 0.36015625 0.03046875 0.11484375
8 0.6296875 0.27734375 0.09453125 0.23671875
17 0.34765625 0.63671875 0.04296875 0.115625
10 0.35078125 0.45625 0.04296875 0.1390625
16 0.33046875 0.76875 0.03828125 0.10703125
18 0.19765625 0.56015625 0.04375 0.11796875
0 0.21953125 0.41484375 0.04375 0.12578125
16 0.3734375 0.7890625 0.04375 0.10703125
18 0.44609375 0.6875 0.05234375 0.11328125
10 0.85 0.3140625 0.125 0.26015625
1 0.01171875 0.3515625 0.0234375 0.115625
10 0.30546875 0.440625 0.04140625 0.13125
18 0.3 0.60625 0.046875 0.12734375
10 0.95703125 0.325 0.08515625 0.259375
4 0.19921875 0.6921875 0.03359375 0.0953125
10 0.2625 0.428125 0.03828125 0.125
5 0.26171875 0.728125 0.0296875 0.09921875
5 0.23125 0.71171875 0.028125 0.090625
5 0.29296875 0.74765625 0.03203125 0.10234375
4 0.16484375 0.67578125 0.03359375 0.1
16 0.56015625 0.89375 0.05078125 0.1140625
18 0.24765625 0.584375 0.05078125 0.125