18 0.7515625 0.7546875 0.08671875 0.15625
8 0.7484375 0.37734375 0.05625 0.146875
8 0.71171875 0.56484375 0.0640625 0.15625
18 0.45078125 0.73828125 0.06015625 0.09765625
3 0.34375 0.8578125 0.04140625 0.1203125
8 0.571875 0.3765625 0.05234375 0.13828125
17 0.159375 0.6828125 0.05078125 0.1203125
12 0.14296875 0.215625 0.05703125 0.14765625
8 0.94453125 0.3765625 0.06796875 0.15625
11 0.81484375 0.17734375 0.0796875 0.1890625
8 0.8109375 0.37734375 0.06015625 0.14921875
3 0.30234375 0.85078125 0.03984375 0.115625
10 0.459375 0.54765625 0.0546875 0.13984375
18 0.38828125 0.71171875 0.05703125 0.13125
8 0.86171875 0.57265625 0.07734375 0.16484375
17 0.26953125 0.6953125 0.0546875 0.125
8 0.64375 0.56015625 0.0640625 0.15078125
8 0.6296875 0.3765625 0.05625 0.13984375
2 0.1984375 0.371875 0.03828125 0.11484375
8 0.78359375 0.56875 0.0703125 0.1609375
10 0.465625 0.3765625 0.04765625 0.134375
8 0.68828125 0.37734375 0.05703125 0.14296875
18 0.51796875 0.73515625 0.065625 0.125
17 0.84921875 0.76875 0.0984375 0.1640625
8 0.51796875 0.553125 0.05703125 0.1390625
8 0.87578125 0.3765625 0.0625 0.15390625
16 0.86484375 0.9421875 0.06171875 0.115625
12 0.0828125 0.21875 0.05703125 0.14375
10 0.2453125 0.53515625 0.046875 0.13203125
10 0.40234375 0.5453125 0.05234375 0.13828125
17 0.21328125 0.68828125 0.053125 0.121875
4 0.3875 0.86640625 0.04140625 0.125
10 0.36796875 0.37578125 0.04375 0.12890625
12 0.30625 0.2046875 0.05703125 0.16171875
0 0.15703125 0.3734375 0.03984375 0.11875
10 0.51796875 0.3765625 0.05078125 0.1359375
10 0.415625 0.3765625 0.046875 0.13203125
8 0.5796875 0.55625 0.05859375 0.14609375
10 0.2953125 0.53828125 0.04921875 0.134375
10 0.3484375 0.54140625 0.05078125 0.1359375
10 0.09921875 0.525 0.0453125 0.12578125
11 0.65234375 0.18515625 0.0703125 0.184375
11 0.90703125 0.171875 0.09453125 0.19296875
16 0.48046875 0.88671875 0.04921875 0.13125
11 0.73125 0.18046875 0.07890625 0.1890625
10 0.275 0.37421875 0.03828125 0.125
10 0.1953125 0.53125 0.04765625 0.1296875
16 0.6328125 0.91328125 0.04921875 0.13515625
2 0.23671875 0.37421875 0.034375 0.121875
16 0.53203125 0.89609375 0.04921875 0.1328125
18 0.32734375 0.703125 0.05625 0.1296875
10 0.146875 0.528125 0.04375 0.12734375
16 0.74453125 0.93203125 0.05625 0.1359375
10 0.3203125 0.375 0.0453125 0.128125
4 0.43203125 0.87578125 0.0453125 0.1296875
11 0.58515625 0.1890625 0.05859375 0.178125
0 0.075 0.37265625 0.03828125 0.115625
11 0.52578125 0.19140625 0.0546875 0.17578125
16 0.80234375 0.93671875 0.05625 0.12578125
16 0.5828125 0.903125 0.046875 0.12890625
12 0.19921875 0.21171875 0.04921875 0.15234375
12 0.25078125 0.20859375 0.04765625 0.15703125
0 0.115625 0.37265625 0.03828125 0.1171875
3 0.2578125 0.84375 0.04296875 0.11875
17 0.11015625 0.67578125 0.04375 0.115625
12 0.421875 0.19765625 0.05625 0.17109375
16 0.6875 0.92578125 0.05625 0.140625
11 0.47421875 0.1953125 0.04375 0.171875
5 0.09765625 0.81875 0.0375 0.11015625
12 0.36484375 0.2 0.053125 0.16796875
11 0.978125 0.16796875 0.04375 0.1859375
5 0.215625 0.83828125 0.0375 0.115625
5 0.13671875 0.825 0.0359375 0.11328125