3 0.8203125 0.653125 0.04921875 0.159375
8 0.29296875 0.47109375 0.06953125 0.178125
8 0.365625 0.46875 0.0703125 0.17421875
17 0.85390625 0.8421875 0.07734375 0.13203125
10 0.940625 0.21953125 0.0625 0.18203125
8 0.2171875 0.47265625 0.0734375 0.18125
2 0.52265625 0.45625 0.0703125 0.1828125
4 0.58828125 0.67421875 0.06015625 0.178125
10 0.72890625 0.2125 0.06953125 0.1921875
12 0.1296875 0.70625 0.0921875 0.209375
17 0.27265625 0.9296875 0.08828125 0.13984375
8 0.6546875 0.20859375 0.071875 0.2
0 0.5984375 0.45390625 0.075 0.1796875
8 0.13671875 0.47421875 0.08125 0.1859375
10 0.32265625 0.2046875 0.0734375 0.196875
0 0.67265625 0.45234375 0.06953125 0.17578125
10 0.24375 0.2015625 0.07578125 0.2
10 0.07890625 0.19375 0.08515625 0.20703125
8 0.40703125 0.196875 0.08515625 0.21875
10 0.16328125 0.19921875 0.07734375 0.20078125
0 0.74296875 0.45234375 0.0640625 0.165625
3 0.7078125 0.66484375 0.05703125 0.165625
10 0.8015625 0.215625 0.06796875 0.18671875
8 0.57734375 0.20625 0.07578125 0.20625
4 0.6484375 0.671875 0.05703125 0.1703125
17 0.57265625 0.84921875 0.0796875 0.109375
1 0.81171875 0.453125 0.06640625 0.1609375
10 0.87109375 0.21875 0.06640625 0.184375
3 0.8765625 0.65 0.05859375 0.153125
8 0.4953125 0.20078125 0.08125 0.2140625
5 0.52421875 0.6828125 0.0640625 0.1796875
17 0.175 0.93515625 0.0890625 0.12890625
5 0.45625 0.6875 0.06640625 0.18515625
3 0.76640625 0.659375 0.0546875 0.16328125
18 0.43828125 0.884375 0.0640625 0.12890625
18 0.3625 0.90703125 0.084375 0.16484375
11 0.2203125 0.70234375 0.08125 0.2046875
1 0.884375 0.45390625 0.06953125 0.15234375
11 0.3078125 0.70078125 0.0828125 0.1890625
2 0.44453125 0.46328125 0.07890625 0.1796875
5 0.3875 0.690625 0.06640625 0.18671875
10 0.9875 0.209375 0.025 0.175
18 0.96640625 0.4875 0.0640625 0.15703125
10 0.00703125 0.1796875 0.0140625 0.221875