18 0.2453125 0.47734375 0.05703125 0.13828125
17 0.50703125 0.509375 0.06171875 0.12890625
17 0.31015625 0.48984375 0.06640625 0.128125
10 0.45390625 0.2875 0.06015625 0.14765625
8 0.671875 0.28828125 0.07578125 0.15
18 0.875 0.534375 0.08671875 0.1421875
18 0.18828125 0.4734375 0.05078125 0.13515625
10 0.8484375 0.284375 0.08671875 0.16171875
3 0.39375 0.66640625 0.053125 0.1578125
16 0.66875 0.71015625 0.06015625 0.17890625
10 0.94609375 0.2796875 0.09296875 0.1703125
8 0.75703125 0.2859375 0.0828125 0.15625
3 0.34296875 0.659375 0.04375 0.15390625
1 0.25 0.290625 0.0453125 0.1328125
17 0.64140625 0.52421875 0.065625 0.12734375
0 0.52265625 0.28828125 0.06796875 0.15
8 0.2984375 0.28828125 0.046875 0.13828125
17 0.44296875 0.4921875 0.06171875 0.15078125
17 0.37890625 0.48984375 0.06171875 0.140625
3 0.296875 0.653125 0.0453125 0.15
0 0.125 0.2921875 0.04296875 0.128125
16 0.54609375 0.68984375 0.05703125 0.1703125
2 0.08359375 0.29453125 0.0375 0.121875
8 0.34765625 0.28828125 0.046875 0.140625
16 0.4921875 0.68125 0.046875 0.16484375
1 0.20546875 0.2921875 0.03984375 0.13125
16 0.60703125 0.7 0.06015625 0.175
0 0.59453125 0.28828125 0.06796875 0.15
2 0.04375 0.2953125 0.03984375 0.12109375
0 0.165625 0.2921875 0.03828125 0.12890625
10 0.396875 0.28671875 0.04921875 0.1453125
4 0.171875 0.63828125 0.0375 0.13125
16 0.734375 0.7203125 0.06640625 0.1828125
5 0.13203125 0.63125 0.03984375 0.1296875
17 0.5734375 0.51328125 0.065625 0.1359375
4 0.21171875 0.64296875 0.03984375 0.13671875
13 0.0109375 0.2953125 0.02109375 0.12109375
16 0.44453125 0.671875 0.0453125 0.1640625
4 0.253125 0.64765625 0.03828125 0.14296875