3 0.0796875 0.8453125 0.0890625 0.2046875
1 0.275 0.56484375 0.075 0.1953125
3 0.1703125 0.82734375 0.08515625 0.19921875
8 0.3 0.27734375 0.090625 0.22890625
8 0.2015625 0.27578125 0.0984375 0.23828125
1 0.35078125 0.5546875 0.06953125 0.18515625
8 0.38828125 0.2796875 0.0796875 0.21875
2 0.03046875 0.596875 0.0609375 0.215625
10 0.615625 0.28046875 0.065625 0.19296875
8 0.0921875 0.27265625 0.109375 0.24921875
3 0.2515625 0.8078125 0.07578125 0.1921875
10 0.73984375 0.28203125 0.053125 0.1796875
8 0.5421875 0.28125 0.0734375 0.20078125
4 0.3953125 0.771875 0.0640625 0.18125
8 0.7328125 0.50546875 0.04375 0.14921875
10 0.53828125 0.5328125 0.05625 0.16484375
16 0.615625 0.71484375 0.04765625 0.1546875
2 0.19609375 0.57421875 0.0796875 0.2
10 0.88515625 0.284375 0.0453125 0.16171875
8 0.46640625 0.2796875 0.071875 0.20703125
2 0.10859375 0.58828125 0.0890625 0.2109375
8 0.0171875 0.275 0.034375 0.25703125
10 0.83984375 0.284375 0.04140625 0.165625
10 0.79296875 0.2828125 0.046875 0.171875
10 0.9796875 0.28359375 0.03984375 0.15078125
4 0.45703125 0.75703125 0.06015625 0.17734375
17 0.40625 0.95546875 0.071875 0.0890625
10 0.4796875 0.53984375 0.05703125 0.1703125
5 0.32578125 0.78984375 0.071875 0.1859375
10 0.934375 0.284375 0.046875 0.15625
10 0.68046875 0.28125 0.06015625 0.18828125
10 0.5953125 0.52578125 0.05078125 0.159375
8 0.77734375 0.49921875 0.04296875 0.14375
10 0.41796875 0.54765625 0.06171875 0.17578125
8 0.89140625 0.48359375 0.03359375 0.13203125
17 0.32421875 0.9625 0.0703125 0.075
8 0.85625 0.48828125 0.034375 0.13515625
8 0.925 0.4796875 0.03359375 0.12890625
8 0.81875 0.49453125 0.0375 0.13984375
10 0.6453125 0.52578125 0.0453125 0.140625
10 0.6890625 0.5171875 0.03984375 0.13828125
18 0.59609375 0.92109375 0.05234375 0.12578125
17 0.47578125 0.946875 0.06171875 0.10625
16 0.871875 0.65234375 0.03828125 0.134375
17 0.53828125 0.9375 0.05703125 0.125
16 0.51328125 0.74140625 0.05078125 0.1703125
16 0.565625 0.72734375 0.05234375 0.1609375
16 0.6640625 0.703125 0.0453125 0.14921875
8 0.96171875 0.47734375 0.0359375 0.12109375
17 0.7984375 0.82734375 0.03984375 0.09765625
17 0.7328125 0.8640625 0.04921875 0.1046875
17 0.24765625 0.9734375 0.0734375 0.053125
17 0.6765625 0.88671875 0.05859375 0.128125
17 0.84140625 0.95703125 0.0609375 0.0859375
17 0.89609375 0.95 0.0453125 0.1
16 0.834375 0.66171875 0.0359375 0.13671875
16 0.91015625 0.6453125 0.034375 0.13125
17 0.7765625 0.97109375 0.04375 0.0578125
17 0.72734375 0.98046875 0.05703125 0.0390625
17 0.175 0.9859375 0.06640625 0.028125