4 0.34921875 0.91875 0.053125 0.1078125
17 0.38515625 0.73515625 0.06640625 0.1421875
0 0.4609375 0.51328125 0.04765625 0.1359375
5 0.4859375 0.83125 0.0359375 0.1
5 0.52578125 0.80703125 0.03828125 0.10234375
0 0.40625 0.5328125 0.05859375 0.14765625
2 0.2796875 0.57421875 0.0703125 0.1703125
0 0.5125 0.496875 0.05234375 0.13671875
5 0.5671875 0.784375 0.03828125 0.10078125
2 0.346875 0.55078125 0.06171875 0.15390625
1 0.20546875 0.60234375 0.07890625 0.16875
4 0.4015625 0.88515625 0.05078125 0.115625
8 0.69453125 0.25 0.04296875 0.17578125
12 0.64375 0.25625 0.0546875 0.18828125
11 0.3453125 0.3015625 0.07734375 0.2359375
11 0.0640625 0.346875 0.128125 0.275
8 0.73828125 0.2421875 0.04140625 0.16484375
12 0.5796875 0.26328125 0.06796875 0.19609375
3 0.22734375 0.9640625 0.071875 0.071875
8 0.82109375 0.2265625 0.0359375 0.13984375
8 0.78203125 0.23125 0.04140625 0.15
10 0.60234375 0.46328125 0.04140625 0.12578125
4 0.446875 0.85625 0.03984375 0.11328125
1 0.1171875 0.62890625 0.09296875 0.18203125
10 0.85703125 0.221875 0.03203125 0.1296875
10 0.890625 0.21875 0.03046875 0.121875
12 0.50234375 0.27578125 0.07734375 0.20703125
10 0.559375 0.478125 0.0375 0.12890625
10 0.64609375 0.44921875 0.04140625 0.12109375
10 0.6875 0.4375 0.0359375 0.1171875
16 0.60703125 0.7640625 0.0359375 0.10390625
12 0.42265625 0.2875 0.075 0.21875
3 0.29296875 0.946875 0.05703125 0.10625
18 0.453125 0.70859375 0.06171875 0.11328125
18 0.575 0.6390625 0.04921875 0.1203125