1 0.13203125 0.55703125 0.05546875 0.10078125
10 0.95234375 0.409375 0.07265625 0.12421875
16 0.3703125 0.6796875 0.05 0.09921875
2 0.27421875 0.4296875 0.04765625 0.0984375
10 0.8046875 0.41328125 0.0671875 0.1203125
16 0.31640625 0.67890625 0.0578125 0.09921875
16 0.471875 0.68125 0.05234375 0.0984375
17 0.7609375 0.57265625 0.0765625 0.08125
8 0.7328125 0.4140625 0.06953125 0.11953125
18 0.92734375 0.5625 0.0828125 0.11171875
8 0.59140625 0.41796875 0.06640625 0.11796875
8 0.6609375 0.415625 0.06640625 0.11796875
18 0.48984375 0.56796875 0.05703125 0.08671875
2 0.1078125 0.42734375 0.0578125 0.1078125
18 0.84296875 0.57421875 0.0765625 0.08671875
18 0.43125 0.56796875 0.0546875 0.0875
10 0.8765625 0.41015625 0.06953125 0.121875
22 0.3703125 0.56015625 0.06171875 0.09921875
0 0.24609375 0.55703125 0.0578125 0.10078125
16 0.6890625 0.6859375 0.046875 0.10078125
2 0.05078125 0.42734375 0.05234375 0.10703125
0 0.325 0.42890625 0.04921875 0.1015625
16 0.52734375 0.6828125 0.0546875 0.0984375
1 0.4828125 0.425 0.0578125 0.10390625
1 0.07265625 0.55625 0.05859375 0.1
16 0.5828125 0.684375 0.053125 0.10078125
0 0.3765625 0.42734375 0.05 0.10078125
17 0.6828125 0.56953125 0.07265625 0.0890625
2 0.16796875 0.42734375 0.0578125 0.10859375
2 0.22421875 0.43046875 0.04921875 0.09921875
16 0.42109375 0.68046875 0.046875 0.09765625
1 0.42734375 0.42578125 0.04921875 0.103125
0 0.1890625 0.55703125 0.05234375 0.10078125
16 0.85390625 0.6921875 0.0546875 0.10625
22 0.30703125 0.559375 0.05859375 0.09765625
16 0.796875 0.69140625 0.05546875 0.1078125
16 0.6375 0.6859375 0.053125 0.1015625
16 0.9140625 0.69453125 0.06015625 0.10625
16 0.73984375 0.68984375 0.05234375 0.10546875