7 0.57265625 0.4921875 0.03671875 0.0765625
7 0.60859375 0.49140625 0.0328125 0.07421875
17 0.27734375 0.61640625 0.0640625 0.09375
18 0.12890625 0.63046875 0.0765625 0.1046875
8 0.421875 0.37890625 0.04921875 0.08984375
8 0.31171875 0.371875 0.05703125 0.09765625
17 0.453125 0.59921875 0.0515625 0.08125
2 0.34609375 0.4953125 0.05 0.0921875
0 0.16484375 0.49609375 0.065625 0.103125
18 0.04296875 0.63984375 0.0828125 0.109375
8 0.25 0.36796875 0.06015625 0.10078125
0 0.23125 0.4953125 0.06015625 0.1
2 0.39765625 0.49375 0.04765625 0.08984375
17 0.5046875 0.59453125 0.04609375 0.078125
17 0.39921875 0.60390625 0.0515625 0.084375
8 0.18359375 0.3625 0.0671875 0.10625
18 0.20703125 0.6234375 0.06875 0.09921875
8 0.1109375 0.35625 0.071875 0.11171875
8 0.36875 0.37578125 0.05234375 0.09453125
10 0.55546875 0.38984375 0.03671875 0.08125
10 0.63125 0.3953125 0.03046875 0.07578125
0 0.290625 0.4953125 0.05546875 0.09453125
7 0.5328125 0.49296875 0.0390625 0.0796875
17 0.34140625 0.61015625 0.0578125 0.09140625
0 0.09140625 0.496875 0.075 0.10859375
8 0.03515625 0.34921875 0.06953125 0.11796875
10 0.59609375 0.39296875 0.03828125 0.078125
2 0.4453125 0.4921875 0.04375 0.0875
7 0.48984375 0.49375 0.04375 0.0828125
10 0.6953125 0.40078125 0.028125 0.0703125
17 0.55078125 0.58984375 0.0421875 0.075
10 0.6640625 0.3984375 0.03125 0.07265625
10 0.72421875 0.403125 0.02734375 0.0671875
10 0.5140625 0.38671875 0.04140625 0.08359375
10 0.46953125 0.38359375 0.04140625 0.08671875
1 0.64296875 0.49140625 0.0328125 0.0703125
10 0.7515625 0.40703125 0.02265625 0.06015625
17 0.8140625 0.565625 0.02421875 0.046875
1 0.67734375 0.490625 0.03359375 0.06953125
6 0.86875 0.48359375 0.02265625 0.0609375
10 0.77421875 0.409375 0.0203125 0.0578125
10 0.796875 0.41015625 0.0203125 0.05703125
1 0.71171875 0.4921875 0.03125 0.0625
6 0.89453125 0.4828125 0.02421875 0.059375
14 0.27421875 0.72890625 0.05 0.096875
18 0.7453125 0.575 0.028125 0.05234375
10 0.8375 0.41171875 0.01875 0.05546875
8 0.8890625 0.41484375 0.0171875 0.0515625
8 0.90703125 0.41640625 0.0140625 0.05
17 0.83359375 0.56484375 0.0171875 0.04609375
10 0.8171875 0.4109375 0.01640625 0.05546875
5 0.36640625 0.715625 0.04375 0.0921875
6 0.9203125 0.4828125 0.02421875 0.05859375
8 0.8734375 0.4140625 0.0140625 0.05234375
1 0.7390625 0.49140625 0.021875 0.0609375
17 0.85703125 0.5609375 0.02421875 0.04609375
5 0.321875 0.721875 0.04140625 0.09453125
18 0.7703125 0.57109375 0.0203125 0.0515625
6 0.84296875 0.4859375 0.02578125 0.05859375
17 0.8953125 0.55859375 0.0203125 0.04375
0 0.76328125 0.490625 0.025 0.0609375
18 0.790625 0.56875 0.0171875 0.0484375
14 0.22109375 0.73828125 0.0546875 0.10078125
17 0.915625 0.55703125 0.0171875 0.03984375
17 0.8765625 0.559375 0.015625 0.0453125
12 0.965625 0.4828125 0.01875 0.0546875
11 0.94765625 0.48203125 0.02265625 0.05546875
8 0.9296875 0.4171875 0.01171875 0.05
2 0.80859375 0.4890625 0.02265625 0.05859375