6 0.93125 0.36953125 0.05859375 0.1
6 0.76875 0.48671875 0.0609375 0.0875
2 0.45390625 0.40078125 0.03359375 0.06640625
10 0.3515625 0.40546875 0.028125 0.06640625
5 0.41640625 0.58671875 0.03359375 0.07265625
6 0.8296875 0.4859375 0.0578125 0.08828125
18 0.65234375 0.49296875 0.053125 0.0765625
18 0.59921875 0.49296875 0.046875 0.0765625
6 0.89140625 0.48671875 0.06015625 0.08828125
9 0.075 0.5015625 0.03515625 0.06640625
17 0.54921875 0.49453125 0.05 0.07578125
11 0.09765625 0.4109375 0.0296875 0.07734375
5 0.38203125 0.58671875 0.0328125 0.07265625
17 0.496875 0.49609375 0.04921875 0.07421875
1 0.6140625 0.3890625 0.046875 0.078125
3 0.6828125 0.590625 0.0421875 0.07890625
6 0.9578125 0.48515625 0.0671875 0.090625
8 0.28671875 0.40859375 0.03046875 0.06484375
5 0.24921875 0.584375 0.0359375 0.06953125
3 0.56171875 0.58984375 0.0359375 0.075
17 0.4484375 0.49609375 0.04609375 0.07265625
17 0.3265625 0.50390625 0.03671875 0.05859375
5 0.3484375 0.58671875 0.03125 0.071875
6 0.81953125 0.3734375 0.0609375 0.09609375
8 0.21484375 0.4984375 0.03515625 0.06796875
9 0.1109375 0.50078125 0.03359375 0.06640625
0 0.5265625 0.39609375 0.0359375 0.071875
6 0.875 0.371875 0.04921875 0.096875
0 0.6609375 0.3875 0.04453125 0.08125
8 0.25234375 0.4984375 0.0359375 0.06796875
10 0.17890625 0.49921875 0.03515625 0.0671875
0 0.76171875 0.38203125 0.0515625 0.084375
5 0.31640625 0.5859375 0.03046875 0.0703125
0 0.709375 0.384375 0.04921875 0.08125
2 0.41796875 0.40234375 0.03515625 0.06640625
5 0.4515625 0.58828125 0.03359375 0.0734375
5 0.28359375 0.58515625 0.03125 0.06953125
1 0.5671875 0.3921875 0.0421875 0.0765625
17 0.28828125 0.50390625 0.03515625 0.0578125
17 0.365625 0.503125 0.03828125 0.05859375
10 0.31953125 0.40703125 0.03046875 0.065625
3 0.52421875 0.58984375 0.03515625 0.07421875
18 0.4046875 0.503125 0.0359375 0.059375
3 0.48828125 0.5890625 0.03515625 0.07421875
10 0.3828125 0.40390625 0.03046875 0.06640625
11 0.03515625 0.41328125 0.03046875 0.075
8 0.2546875 0.41015625 0.028125 0.06484375
0 0.48984375 0.3984375 0.03515625 0.06953125
3 0.60078125 0.590625 0.0359375 0.07578125
3 0.640625 0.590625 0.0390625 0.078125
12 0.1625 0.4078125 0.03125 0.07734375
10 0.14453125 0.5 0.03046875 0.06640625
11 0.0671875 0.4125 0.028125 0.075
12 0.19375 0.4078125 0.0296875 0.075
8 0.22421875 0.41015625 0.028125 0.06640625
11 0.13046875 0.41015625 0.0296875 0.0765625
18 0.70859375 0.49140625 0.0546875 0.07890625