18 0.80078125 0.5921875 0.065625 0.09453125
18 0.73203125 0.590625 0.065625 0.09296875
3 0.51171875 0.7046875 0.05 0.1046875
2 0.871875 0.4234375 0.0796875 0.13203125
16 0.24375 0.8078125 0.04609375 0.10390625
8 0.090625 0.43046875 0.0546875 0.1046875
8 0.1484375 0.4296875 0.05546875 0.10390625
17 0.38046875 0.5703125 0.0671875 0.1046875
16 0.534375 0.8390625 0.05 0.11640625
2 0.95625 0.421875 0.08359375 0.134375
17 0.8734375 0.59453125 0.07109375 0.09765625
16 0.58828125 0.8453125 0.053125 0.1171875
17 0.453125 0.57265625 0.06953125 0.1078125
3 0.45859375 0.7015625 0.05 0.10390625
16 0.16171875 0.79921875 0.04140625 0.10078125
17 0.95234375 0.5984375 0.078125 0.1015625
18 0.3109375 0.56875 0.0640625 0.10234375
17 0.5296875 0.575 0.07421875 0.10859375
10 0.321875 0.4296875 0.06171875 0.11171875
2 0.7078125 0.425 0.08046875 0.1265625
3 0.56484375 0.70703125 0.05234375 0.10703125
2 0.790625 0.42421875 0.078125 0.1296875
4 0.3609375 0.69375 0.04375 0.0984375
10 0.26171875 0.42890625 0.053125 0.1078125
10 0.5515625 0.4328125 0.0546875 0.109375
0 0.62109375 0.42578125 0.0796875 0.12265625
8 0.034375 0.43125 0.053125 0.10390625
16 0.11953125 0.7953125 0.04140625 0.0953125
10 0.38359375 0.434375 0.053125 0.10546875
10 0.49453125 0.43359375 0.0546875 0.10703125
16 0.7625 0.7203125 0.0671875 0.109375
16 0.4828125 0.834375 0.04921875 0.11484375
4 0.26328125 0.68828125 0.04453125 0.09921875
10 0.2046875 0.42890625 0.0546875 0.1046875
4 0.3109375 0.69140625 0.04921875 0.09921875
16 0.2015625 0.803125 0.03828125 0.10078125
10 0.43828125 0.434375 0.0515625 0.10546875
16 0.646875 0.85078125 0.05859375 0.11875
18 0.24453125 0.57109375 0.06328125 0.0921875
5 0.215625 0.68515625 0.046875 0.09609375
16 0.9109375 0.73046875 0.07421875 0.11328125
16 0.625 0.7125 0.0609375 0.10546875
5 0.1734375 0.68203125 0.0359375 0.09375
4 0.4078125 0.6984375 0.046875 0.10078125
16 0.6921875 0.715625 0.06328125 0.10625
16 0.83515625 0.7234375 0.06953125 0.10859375
16 0.29140625 0.81328125 0.046875 0.10390625
5 0.0890625 0.67578125 0.04375 0.09140625
16 0.38515625 0.82265625 0.04375 0.10859375
16 0.9765625 0.73515625 0.04375 0.11640625
5 0.13203125 0.678125 0.04375 0.0921875
16 0.3390625 0.81796875 0.046875 0.10703125
16 0.43203125 0.8296875 0.04765625 0.11328125
0 0.04296875 0.671875 0.046875 0.0859375