17 0.8875 0.840625 0.09609375 0.13203125
2 0.95390625 0.50546875 0.08515625 0.13125
5 0.67734375 0.92734375 0.05546875 0.10859375
0 0.7390625 0.5 0.05859375 0.115625
8 0.3140625 0.4890625 0.03515625 0.08671875
5 0.571875 0.89765625 0.04375 0.1046875
1 0.87421875 0.50390625 0.07109375 0.12421875
17 0.7109375 0.79609375 0.0765625 0.11484375
5 0.62109375 0.91171875 0.0515625 0.1078125
8 0.484375 0.4953125 0.04140625 0.0953125
0 0.71328125 0.64609375 0.0671875 0.12109375
18 0.63203125 0.778125 0.07109375 0.109375
2 0.86953125 0.66875 0.08359375 0.140625
8 0.353125 0.4890625 0.04140625 0.090625
17 0.79375 0.81640625 0.08203125 0.1234375
5 0.52734375 0.88046875 0.04140625 0.10078125
8 0.24375 0.48828125 0.03046875 0.08203125
8 0.528125 0.496875 0.0421875 0.096875
8 0.39609375 0.48984375 0.040625 0.09453125
2 0.9578125 0.68203125 0.08359375 0.14609375
10 0.575 0.4984375 0.04609375 0.10078125
10 0.625 0.49921875 0.04921875 0.1046875
0 0.58046875 0.63046875 0.05859375 0.1125
8 0.43984375 0.49140625 0.04375 0.0984375
6 0.43046875 0.36796875 0.05703125 0.09453125
1 0.803125 0.50234375 0.065625 0.11875
3 0.33203125 0.8171875 0.0328125 0.08828125
0 0.64453125 0.63828125 0.06328125 0.11796875
0 0.6796875 0.5 0.05546875 0.11015625
3 0.4828125 0.865625 0.04453125 0.10234375
0 0.5203125 0.621875 0.05859375 0.10625
2 0.78671875 0.65625 0.07421875 0.128125
18 0.5640625 0.7625 0.06015625 0.10703125
8 0.27734375 0.4890625 0.03359375 0.084375
10 0.1859375 0.4875 0.02578125 0.075
6 0.38046875 0.371875 0.0390625 0.090625
12 0.25234375 0.38359375 0.03671875 0.0796875
6 0.33515625 0.37578125 0.04375 0.08671875
13 0.565625 0.353125 0.05546875 0.1046875
10 0.1609375 0.4875 0.02265625 0.07265625
13 0.50078125 0.35859375 0.0640625 0.10234375
3 0.396875 0.8390625 0.0328125 0.0921875
24 0.315625 0.59921875 0.04140625 0.08046875
3 0.3640625 0.828125 0.028125 0.09296875
3 0.4359375 0.8515625 0.0421875 0.09609375
11 0.08046875 0.40078125 0.02421875 0.065625
12 0.2921875 0.38046875 0.03828125 0.0828125
3 0.2703125 0.796875 0.03125 0.08671875
3 0.30078125 0.8078125 0.02578125 0.08828125
8 0.21328125 0.4875 0.02578125 0.07890625
13 0.62734375 0.346875 0.06328125 0.11328125
12 0.1578125 0.39296875 0.02578125 0.07265625
11 0.128125 0.39609375 0.03046875 0.06953125
11 0.02890625 0.40625 0.0203125 0.05859375
13 0.86875 0.321875 0.09296875 0.1359375
3 0.21953125 0.778125 0.02265625 0.08125
24 0.36015625 0.60390625 0.0421875 0.084375
12 0.21640625 0.3875 0.03125 0.07734375
11 0.05390625 0.403125 0.02578125 0.0625
12 0.18515625 0.390625 0.02578125 0.075
24 0.40546875 0.60859375 0.04453125 0.0890625
24 0.278125 0.59609375 0.0296875 0.07265625
3 0.196875 0.77109375 0.021875 0.078125
13 0.95859375 0.31328125 0.0828125 0.1421875
24 0.4578125 0.61328125 0.05546875 0.09296875
3 0.2421875 0.78828125 0.021875 0.08359375
13 0.77578125 0.33203125 0.08359375 0.128125
10 0.0859375 0.48515625 0.025 0.0671875
10 0.040625 0.48359375 0.0296875 0.065625
5 0.92265625 0.971875 0.07734375 0.05546875
11 0.103125 0.39765625 0.0203125 0.06796875
24 0.24453125 0.59453125 0.0296875 0.0640625
10 0.0640625 0.484375 0.0171875 0.06640625
10 0.134375 0.48671875 0.025 0.07265625
3 0.1734375 0.76171875 0.02265625 0.07265625