6 0.41640625 0.48046875 0.0421875 0.08125
12 0.35546875 0.3890625 0.03671875 0.07578125
8 0.74296875 0.3625 0.05546875 0.09765625
11 0.52890625 0.37578125 0.05 0.08828125
8 0.6859375 0.36640625 0.053125 0.09375
8 0.9125 0.35390625 0.06015625 0.10078125
6 0.37109375 0.4796875 0.04140625 0.0765625
1 0.83359375 0.49375 0.053125 0.09375
6 0.4609375 0.48125 0.0421875 0.08359375
1 0.7796875 0.49296875 0.04921875 0.09140625
10 0.79765625 0.3625 0.04921875 0.09296875
2 0.59453125 0.48671875 0.04375 0.08671875
10 0.85234375 0.359375 0.0546875 0.09609375
2 0.95234375 0.496875 0.06171875 0.10078125
18 0.225 0.4828125 0.025 0.0546875
2 0.8890625 0.49609375 0.05703125 0.09765625
0 0.6828125 0.49140625 0.04453125 0.084375
18 0.1984375 0.484375 0.02265625 0.04921875
2 0.54921875 0.4859375 0.04375 0.08359375
8 0.97109375 0.3484375 0.05234375 0.10625
18 0.25234375 0.48125 0.0296875 0.06015625
11 0.4796875 0.3796875 0.04375 0.08515625
1 0.73125 0.4921875 0.046875 0.08828125
10 0.63125 0.37109375 0.05 0.08984375
10 0.5796875 0.37421875 0.046875 0.08671875
0 0.63828125 0.49140625 0.04140625 0.08203125
11 0.4359375 0.38359375 0.03828125 0.08046875
4 0.25546875 0.63515625 0.0203125 0.0609375
2 0.50546875 0.484375 0.04140625 0.0828125
12 0.39453125 0.3859375 0.0390625 0.078125
5 0.2015625 0.62421875 0.0203125 0.0578125
6 0.328125 0.47890625 0.0390625 0.07421875
17 0.28828125 0.48125 0.0359375 0.0640625
5 0.221875 0.628125 0.01640625 0.05703125
3 0.15859375 0.61640625 0.01953125 0.05546875
5 0.18046875 0.62109375 0.01875 0.05546875
4 0.23671875 0.63203125 0.0171875 0.05859375
18 0.17578125 0.484375 0.01640625 0.04609375
12 0.31953125 0.39140625 0.0328125 0.07265625
17 0.153125 0.48359375 0.01953125 0.0453125
24 0.16640625 0.41171875 0.0171875 0.04375
3 0.2796875 0.6359375 0.02421875 0.0609375