3 0.62578125 0.74765625 0.0515625 0.10859375
5 0.90234375 0.75078125 0.06015625 0.109375
17 0.1140625 0.62109375 0.07421875 0.1046875
0 0.8890625 0.4875 0.0546875 0.1
3 0.6796875 0.7484375 0.05234375 0.109375
3 0.57421875 0.746875 0.04921875 0.10625
8 0.51171875 0.4875 0.0515625 0.0984375
16 0.3578125 0.74609375 0.053125 0.10546875
16 0.52265625 0.74609375 0.05 0.1046875
16 0.03046875 0.74765625 0.05546875 0.10859375
5 0.84375 0.75078125 0.0546875 0.109375
8 0.1609375 0.4828125 0.0640625 0.11015625
18 0.1921875 0.61875 0.07109375 0.10625
10 0.675 0.4875 0.05234375 0.0984375
10 0.62109375 0.4875 0.05 0.0984375
8 0.35078125 0.48671875 0.0515625 0.10078125
8 0.09453125 0.4828125 0.06328125 0.11015625
17 0.603125 0.628125 0.0578125 0.08671875
0 0.78125 0.48828125 0.05234375 0.09921875
17 0.04375 0.61796875 0.06328125 0.10546875
0 0.79375 0.615625 0.0609375 0.1125
10 0.290625 0.4828125 0.06171875 0.10859375
16 0.46875 0.74609375 0.053125 0.10625
8 0.40390625 0.4875 0.05234375 0.1
0 0.7296875 0.61640625 0.06328125 0.11015625
16 0.4125 0.74609375 0.0546875 0.10625
4 0.7890625 0.75 0.0515625 0.11015625
16 0.19453125 0.74765625 0.053125 0.10625
4 0.734375 0.74921875 0.053125 0.11015625
0 0.86015625 0.61796875 0.06640625 0.11015625
17 0.484375 0.62734375 0.05703125 0.08671875
8 0.4578125 0.48828125 0.05234375 0.0984375
17 0.54375 0.62734375 0.05703125 0.0890625
0 0.93046875 0.61796875 0.06875 0.1109375
16 0.30234375 0.746875 0.053125 0.10625
0 0.66484375 0.61640625 0.06015625 0.1109375
18 0.26875 0.61953125 0.07421875 0.10625
8 0.0296875 0.48203125 0.05859375 0.109375
10 0.2265625 0.48203125 0.0609375 0.109375
0 0.94609375 0.4859375 0.05546875 0.10078125
10 0.72734375 0.4875 0.05 0.0984375
0 0.834375 0.4875 0.0515625 0.0984375
16 0.2484375 0.746875 0.05234375 0.10625
10 0.5671875 0.48828125 0.053125 0.0984375
16 0.0890625 0.74765625 0.05546875 0.10625
16 0.1421875 0.7484375 0.04921875 0.10390625
24 0.90546875 0.34375 0.0859375 0.10078125
24 0.97734375 0.34140625 0.04453125 0.10390625