0 0.578125 0.49140625 0.0640625 0.10859375
18 0.1296875 0.6390625 0.05703125 0.08984375
17 0.19453125 0.63828125 0.0640625 0.08828125
17 0.45859375 0.63125 0.078125 0.1078125
10 0.64453125 0.35234375 0.065625 0.10390625
17 0.62109375 0.62890625 0.0765625 0.10859375
0 0.51171875 0.49296875 0.06171875 0.11171875
8 0.51015625 0.35390625 0.065625 0.10078125
17 0.31875 0.64140625 0.05859375 0.0890625
2 0.4453125 0.49375 0.0640625 0.11484375
18 0.70390625 0.6328125 0.07734375 0.10859375
2 0.38125 0.49375 0.06015625 0.1125
1 0.709375 0.49296875 0.06015625 0.1125
11 0.94140625 0.34921875 0.0640625 0.109375
18 0.06640625 0.63984375 0.0609375 0.08828125
1 0.64453125 0.49296875 0.065625 0.1109375
1 0.321875 0.496875 0.05234375 0.103125
8 0.14765625 0.35390625 0.0515625 0.103125
12 0.80234375 0.35078125 0.078125 0.109375
17 0.540625 0.63046875 0.075 0.11015625
8 0.4421875 0.3546875 0.0640625 0.10078125
1 0.26796875 0.496875 0.05234375 0.1015625
18 0.86171875 0.63359375 0.0765625 0.10859375
17 0.2578125 0.6390625 0.0578125 0.08828125
2 0.1015625 0.4984375 0.05546875 0.10078125
8 0.0953125 0.35390625 0.04921875 0.1015625
10 0.57734375 0.353125 0.065625 0.103125
10 0.3140625 0.35390625 0.0578125 0.1046875
0 0.2125 0.496875 0.0546875 0.10078125
17 0.38359375 0.64609375 0.0640625 0.08203125
10 0.20078125 0.35390625 0.05 0.1015625
12 0.7203125 0.3484375 0.0796875 0.1125
10 0.25546875 0.35390625 0.053125 0.103125
8 0.0421875 0.353125 0.05234375 0.10390625
8 0.3765625 0.3546875 0.06171875 0.1015625
0 0.15703125 0.496875 0.0515625 0.10078125
6 0.959375 0.48828125 0.0765625 0.1234375
11 0.8765625 0.35703125 0.06328125 0.09453125
18 0.7828125 0.63359375 0.07421875 0.109375
6 0.8390625 0.48828125 0.05703125 0.12421875
6 0.775 0.4890625 0.06640625 0.1234375
6 0.89375 0.48828125 0.053125 0.1234375
2 0.04765625 0.50703125 0.04765625 0.08125
16 0.48046875 0.990625 0.065625 0.01875