11 0.175 0.39765625 0.06875 0.11796875
3 0.896875 0.76171875 0.0546875 0.10234375
12 0.1046875 0.396875 0.0671875 0.11796875
6 0.10390625 0.53125 0.06171875 0.1109375
1 0.3625 0.53125 0.05546875 0.1046875
1 0.303125 0.53125 0.05859375 0.10703125
6 0.17109375 0.53203125 0.0671875 0.11171875
24 0.8921875 0.6453125 0.05546875 0.08515625
8 0.534375 0.409375 0.065625 0.10390625
24 0.7125 0.6484375 0.0578125 0.0875
8 0.66640625 0.41171875 0.06171875 0.10234375
24 0.1859375 0.66015625 0.0671875 0.09609375
24 0.83046875 0.646875 0.05703125 0.08671875
2 0.53125 0.53203125 0.0515625 0.103125
0 0.47578125 0.53203125 0.0546875 0.10390625
11 0.24921875 0.4 0.0765625 0.11484375
5 0.59296875 0.7734375 0.04921875 0.10625
24 0.94921875 0.6421875 0.0546875 0.08203125
10 0.39765625 0.40546875 0.065625 0.10625
16 0.06953125 0.7921875 0.06640625 0.1078125
24 0.771875 0.64765625 0.0546875 0.08671875
17 0.85390625 0.54375 0.05859375 0.06875
8 0.97734375 0.415625 0.0421875 0.1
21 0.65390625 0.52890625 0.065625 0.09375
18 0.79296875 0.5328125 0.0578125 0.08984375
8 0.60078125 0.41015625 0.06171875 0.10390625
24 0.64921875 0.64765625 0.06015625 0.08671875
0 0.4203125 0.53125 0.053125 0.10390625
24 0.11171875 0.6625 0.07109375 0.0953125
2 0.58515625 0.53203125 0.053125 0.10234375
10 0.46640625 0.4078125 0.065625 0.103125
12 0.03671875 0.39453125 0.0640625 0.12109375
3 0.8453125 0.7625 0.04375 0.10078125
24 0.259375 0.65703125 0.06875 0.09765625
18 0.72109375 0.53125 0.07265625 0.09765625
1 0.23828125 0.53203125 0.0640625 0.10625
8 0.88203125 0.41484375 0.04921875 0.09921875
10 0.3265625 0.40234375 0.06953125 0.11171875
10 0.7265625 0.4125 0.05234375 0.10078125
24 0.375 0.653125 0.065625 0.09296875
6 0.03828125 0.53125 0.0640625 0.1125
4 0.7984375 0.765625 0.046875 0.103125
8 0.93125 0.415625 0.04609375 0.0984375
10 0.78125 0.4125 0.05 0.1
5 0.6453125 0.771875 0.04921875 0.10703125
17 0.9125 0.53671875 0.05234375 0.08125
10 0.83203125 0.41328125 0.04765625 0.0984375
24 0.4453125 0.653125 0.06640625 0.09609375
4 0.7484375 0.76796875 0.04921875 0.10390625
16 0.1375 0.78984375 0.06171875 0.10703125
16 0.26015625 0.78359375 0.053125 0.10234375
5 0.696875 0.76953125 0.04921875 0.10625
16 0.315625 0.7828125 0.053125 0.10390625
16 0.484375 0.778125 0.053125 0.10703125
18 0.95546875 0.53359375 0.0328125 0.084375
24 0.58359375 0.64765625 0.06328125 0.08671875
23 0.540625 0.77578125 0.053125 0.10703125
24 0.0375 0.66484375 0.06640625 0.0953125
16 0.428125 0.78046875 0.05546875 0.10703125
24 0.3140625 0.653125 0.04765625 0.08984375
24 0.5125 0.65234375 0.06015625 0.08984375