0 0.21015625 0.4921875 0.0546875 0.1015625
2 0.1015625 0.4921875 0.0546875 0.0984375
0 0.575 0.48671875 0.0640625 0.10859375
8 0.3734375 0.34921875 0.06328125 0.103125
2 0.44375 0.48828125 0.0640625 0.1125
11 0.94375 0.3453125 0.0640625 0.11015625
12 0.803125 0.34609375 0.07734375 0.11015625
10 0.64453125 0.346875 0.065625 0.1078125
2 0.37890625 0.4890625 0.06015625 0.11015625
17 0.1953125 0.6296875 0.06171875 0.08515625
17 0.615625 0.62265625 0.075 0.10703125
17 0.45625 0.6234375 0.075 0.10625
18 0.06953125 0.63125 0.06171875 0.08671875
1 0.3203125 0.4921875 0.05234375 0.10234375
17 0.2578125 0.63046875 0.0578125 0.0859375
18 0.853125 0.62734375 0.07265625 0.10625
0 0.509375 0.4875 0.0609375 0.11015625
17 0.53515625 0.6234375 0.07421875 0.109375
18 0.13203125 0.63046875 0.0546875 0.0875
8 0.440625 0.3484375 0.0640625 0.10390625
18 0.775 0.628125 0.07421875 0.10625
18 0.696875 0.62578125 0.075 0.10625
8 0.090625 0.34765625 0.04921875 0.1015625
10 0.5765625 0.3484375 0.0640625 0.10546875
12 0.7203125 0.34453125 0.08046875 0.1125
1 0.26640625 0.4921875 0.05234375 0.10078125
8 0.14375 0.346875 0.053125 0.10390625
6 0.95546875 0.484375 0.07734375 0.1234375
1 0.6421875 0.48828125 0.065625 0.109375
10 0.196875 0.346875 0.05 0.10390625
8 0.5078125 0.34921875 0.065625 0.10390625
1 0.70625 0.48828125 0.05859375 0.1109375
17 0.3171875 0.63359375 0.0578125 0.08671875
17 0.38125 0.634375 0.0640625 0.0875
10 0.31015625 0.34765625 0.05703125 0.10625
10 0.2515625 0.34765625 0.0546875 0.10546875
8 0.03828125 0.34609375 0.05234375 0.10234375
0 0.15703125 0.49140625 0.05 0.09921875
11 0.878125 0.35390625 0.0640625 0.09375
6 0.8359375 0.48515625 0.05859375 0.1234375
6 0.771875 0.48515625 0.0671875 0.12265625
2 0.04765625 0.49921875 0.04921875 0.08359375
6 0.88984375 0.484375 0.0515625 0.1234375