0 0.66796875 0.5109375 0.0546875 0.10078125
12 0.0515625 0.35390625 0.07265625 0.1265625
6 0.25078125 0.5 0.08359375 0.1203125
11 0.365625 0.35625 0.07734375 0.12265625
11 0.290625 0.35625 0.07109375 0.121875
6 0.3390625 0.50078125 0.08359375 0.1203125
11 0.44921875 0.35703125 0.08203125 0.12109375
12 0.21484375 0.35625 0.07734375 0.1234375
6 0.1609375 0.50078125 0.0875 0.12109375
2 0.94140625 0.51015625 0.05703125 0.10078125
2 0.41796875 0.5046875 0.065625 0.1125
10 0.7953125 0.36640625 0.0546875 0.10234375
1 0.778125 0.51015625 0.0515625 0.10078125
10 0.6 0.36171875 0.065625 0.109375
0 0.6125 0.51015625 0.05234375 0.1015625
2 0.8859375 0.51015625 0.0515625 0.10078125
2 0.55234375 0.50546875 0.0640625 0.1125
10 0.84921875 0.3671875 0.05 0.10078125
10 0.52890625 0.36171875 0.06875 0.11171875
8 0.66796875 0.3625 0.065625 0.11015625
8 0.73515625 0.3625 0.0609375 0.11015625
2 0.484375 0.50546875 0.0640625 0.1125
6 0.06953125 0.49921875 0.0875 0.121875
12 0.13203125 0.35546875 0.08359375 0.1234375
8 0.96015625 0.36640625 0.05546875 0.10234375
1 0.83203125 0.51015625 0.05234375 0.1
8 0.903125 0.36640625 0.053125 0.10390625
1 0.72421875 0.51015625 0.05234375 0.10078125
13 0.07421875 0.7734375 0.096875 0.10625