6 0.89375 0.48359375 0.0578125 0.08671875
2 0.45625 0.39453125 0.03515625 0.0671875
6 0.7703125 0.48203125 0.0609375 0.08828125
18 0.65390625 0.4875 0.05234375 0.07734375
5 0.41640625 0.58203125 0.03359375 0.07265625
5 0.25 0.57734375 0.03359375 0.0703125
6 0.9375 0.365625 0.06015625 0.0984375
6 0.8328125 0.4828125 0.05859375 0.08671875
3 0.6828125 0.5859375 0.0421875 0.07734375
17 0.3671875 0.49765625 0.03828125 0.0578125
18 0.40625 0.496875 0.0359375 0.05859375
9 0.0765625 0.49375 0.03359375 0.065625
5 0.38203125 0.58125 0.0328125 0.07109375
5 0.31640625 0.57890625 0.03046875 0.0703125
11 0.10078125 0.403125 0.03046875 0.0765625
0 0.49296875 0.39296875 0.0359375 0.06953125
6 0.959375 0.4828125 0.0671875 0.0890625
0 0.5296875 0.390625 0.0359375 0.071875
17 0.44921875 0.48984375 0.04609375 0.0734375
1 0.61796875 0.38359375 0.04453125 0.078125
11 0.03671875 0.40546875 0.03125 0.075
3 0.52421875 0.584375 0.03515625 0.07421875
0 0.71328125 0.3796875 0.0515625 0.0828125
5 0.28359375 0.578125 0.03046875 0.0703125
17 0.49921875 0.48984375 0.05 0.07421875
10 0.3546875 0.39921875 0.0296875 0.065625
10 0.1796875 0.49140625 0.03359375 0.0671875
5 0.3484375 0.5796875 0.03125 0.07109375
2 0.4203125 0.39609375 0.03359375 0.0671875
17 0.3265625 0.49765625 0.03828125 0.0578125
3 0.56171875 0.584375 0.0359375 0.075
0 0.6640625 0.38203125 0.04375 0.08046875
8 0.21640625 0.49140625 0.03515625 0.06796875
6 0.88125 0.36796875 0.04921875 0.09765625
17 0.5515625 0.4890625 0.04921875 0.075
18 0.6015625 0.48828125 0.04609375 0.0765625
9 0.11171875 0.49296875 0.03359375 0.06640625
6 0.825 0.36953125 0.06171875 0.096875
8 0.25390625 0.49140625 0.0359375 0.06953125
12 0.16484375 0.4 0.03046875 0.078125
10 0.1453125 0.49296875 0.03125 0.06640625
1 0.571875 0.38671875 0.04375 0.0765625
8 0.28984375 0.40234375 0.03046875 0.065625
5 0.4515625 0.58203125 0.03359375 0.07265625
10 0.32265625 0.40078125 0.03046875 0.065625
3 0.6390625 0.5859375 0.0390625 0.0765625
3 0.4875 0.5828125 0.03515625 0.0734375
0 0.765625 0.37734375 0.0515625 0.084375
10 0.3859375 0.39765625 0.03046875 0.06640625
8 0.2578125 0.403125 0.0296875 0.065625
3 0.6 0.58515625 0.0359375 0.075
17 0.2890625 0.49765625 0.0328125 0.05703125
12 0.19609375 0.40078125 0.0296875 0.075
11 0.06875 0.40390625 0.03046875 0.07578125
11 0.13203125 0.40234375 0.03046875 0.07734375
8 0.22734375 0.40390625 0.028125 0.065625
21 0.71015625 0.48671875 0.0546875 0.07890625
11 0.01015625 0.4078125 0.0203125 0.07109375