18 0.41953125 0.5953125 0.0578125 0.09140625
1 0.1125 0.58359375 0.05703125 0.10625
8 0.7296875 0.4359375 0.07265625 0.121875
16 0.86796875 0.73046875 0.0578125 0.11328125
16 0.46328125 0.715625 0.0546875 0.10625
2 0.259375 0.453125 0.04921875 0.10078125
10 0.95703125 0.43046875 0.075 0.128125
18 0.48125 0.5953125 0.06015625 0.08984375
0 0.3640625 0.45 0.0515625 0.10390625
16 0.52109375 0.71796875 0.0578125 0.10703125
16 0.30078125 0.71328125 0.0578125 0.10546875
17 0.7640625 0.60234375 0.08203125 0.08671875
18 0.93984375 0.590625 0.0875 0.11875
16 0.409375 0.71484375 0.0515625 0.10625
2 0.03359375 0.4515625 0.0546875 0.109375
2 0.0921875 0.4515625 0.0578125 0.109375
10 0.87890625 0.4328125 0.071875 0.125
0 0.17109375 0.58359375 0.05546875 0.10625
10 0.80390625 0.434375 0.06953125 0.1234375
1 0.471875 0.44765625 0.06015625 0.10625
2 0.20859375 0.453125 0.04921875 0.10078125
0 0.3109375 0.4515625 0.05 0.10390625
8 0.6546875 0.43828125 0.07109375 0.12109375
0 0.23046875 0.58359375 0.0578125 0.10546875
2 0.153125 0.45078125 0.05859375 0.109375
16 0.5796875 0.7203125 0.0546875 0.1078125
17 0.68125 0.59921875 0.075 0.090625
8 0.58359375 0.440625 0.06640625 0.11953125
18 0.85 0.60234375 0.08203125 0.09296875
16 0.35703125 0.71484375 0.05234375 0.10625
16 0.69140625 0.72265625 0.0515625 0.10625
16 0.80703125 0.7296875 0.05859375 0.11484375
1 0.053125 0.5828125 0.0578125 0.10546875
16 0.93125 0.7328125 0.0640625 0.11484375
1 0.41640625 0.44921875 0.04921875 0.10625
22 0.35703125 0.58828125 0.0609375 0.1015625
16 0.63671875 0.721875 0.05546875 0.109375
22 0.29296875 0.5859375 0.0609375 0.1015625
16 0.74609375 0.72734375 0.05546875 0.1125
21 0.54453125 0.59609375 0.05859375 0.09140625