17 0.0609375 0.5109375 0.06015625 0.0828125
2 0.3453125 0.5046875 0.05 0.09609375
17 0.1234375 0.5109375 0.0609375 0.08359375
6 0.965625 0.49140625 0.065625 0.1203125
2 0.29296875 0.50546875 0.0515625 0.09609375
24 0.6125 0.63515625 0.06328125 0.10390625
6 0.89296875 0.49296875 0.07421875 0.11484375
8 0.375 0.359375 0.06015625 0.10390625
0 0.39765625 0.50390625 0.05 0.096875
1 0.6953125 0.4984375 0.05859375 0.10703125
8 0.31171875 0.3609375 0.06015625 0.10546875
2 0.7578125 0.49765625 0.06328125 0.10703125
0 0.4484375 0.503125 0.05 0.09765625
18 0.3015625 0.63515625 0.06328125 0.10234375
8 0.43984375 0.35859375 0.0640625 0.103125
24 0.54765625 0.63671875 0.06015625 0.1015625
10 0.50390625 0.359375 0.06015625 0.10546875
11 0.94140625 0.3578125 0.06953125 0.10625
10 0.090625 0.365625 0.05 0.0953125
10 0.56875 0.359375 0.0640625 0.10625
0 0.56875 0.4984375 0.0609375 0.10625
0 0.50625 0.4984375 0.06015625 0.10625
10 0.03515625 0.36484375 0.05234375 0.1
1 0.63203125 0.4984375 0.06171875 0.10703125
24 0.815625 0.63515625 0.065625 0.10390625
18 0.2328125 0.634375 0.06875 0.1046875
24 0.74921875 0.63359375 0.05859375 0.10234375
8 0.25234375 0.3640625 0.053125 0.0984375
10 0.14296875 0.36328125 0.0515625 0.09453125
24 0.428125 0.63984375 0.0578125 0.08828125
1 0.240625 0.50546875 0.05 0.09609375
24 0.4875 0.63828125 0.05234375 0.0890625
8 0.196875 0.36328125 0.0515625 0.096875
18 0.1609375 0.63515625 0.06875 0.10625
24 0.6828125 0.63515625 0.0671875 0.1046875
24 0.8859375 0.63515625 0.06875 0.103125
2 0.82265625 0.496875 0.06171875 0.10703125
18 0.184375 0.51015625 0.05703125 0.084375
24 0.365625 0.64375 0.0578125 0.0875
11 0.87890625 0.35859375 0.053125 0.10625
12 0.6359375 0.359375 0.065625 0.10625
12 0.76484375 0.359375 0.06640625 0.10625
12 0.7 0.359375 0.06015625 0.10546875
21 0.090625 0.63515625 0.0640625 0.1046875
17 0.03203125 0.62734375 0.04921875 0.0984375