19 0.7140625 0.61796875 0.06015625 0.0890625
0 0.60625 0.471875 0.06328125 0.1109375
18 0.21484375 0.6171875 0.07265625 0.10703125
18 0.65078125 0.61875 0.05859375 0.08671875
17 0.58203125 0.6109375 0.07109375 0.10390625
14 0.7515625 0.73359375 0.0515625 0.10625
8 0.59375 0.328125 0.065625 0.11171875
24 0.0703125 0.62109375 0.065625 0.10390625
18 0.2921875 0.615625 0.0765625 0.10625
17 0.9453125 0.61484375 0.05546875 0.07734375
17 0.4375 0.61328125 0.065625 0.1078125
6 0.13046875 0.471875 0.07265625 0.1234375
10 0.46015625 0.32890625 0.0640625 0.1125
14 0.6984375 0.73515625 0.053125 0.10546875
8 0.7796875 0.328125 0.0546875 0.10078125
6 0.20625 0.4703125 0.06953125 0.1234375
17 0.5078125 0.61171875 0.06953125 0.10625
11 0.053125 0.33203125 0.08046875 0.115625
1 0.40859375 0.47421875 0.06328125 0.11171875
1 0.66875 0.47421875 0.05546875 0.1015625
14 0.64609375 0.7359375 0.05234375 0.10390625
8 0.6625 0.3296875 0.065625 0.10625
0 0.7796875 0.47421875 0.05234375 0.10078125
0 0.540625 0.47265625 0.06328125 0.1109375
6 0.2765625 0.4703125 0.06640625 0.12265625
14 0.59375 0.73828125 0.0546875 0.10234375
8 0.83359375 0.32734375 0.05 0.09921875
10 0.5265625 0.328125 0.06171875 0.1125
1 0.725 0.47421875 0.05234375 0.10078125
0 0.47421875 0.4734375 0.065625 0.11171875
8 0.72421875 0.33125 0.05234375 0.10234375
1 0.34375 0.475 0.06328125 0.1125
2 0.8859375 0.4734375 0.05 0.09921875
19 0.7734375 0.615625 0.053125 0.08671875
10 0.88828125 0.328125 0.053125 0.10078125
10 0.94375 0.328125 0.053125 0.10390625
14 0.48828125 0.73984375 0.053125 0.10078125
14 0.8046875 0.73203125 0.05234375 0.103125
17 0.828125 0.6125 0.05234375 0.08515625
14 0.38046875 0.7421875 0.0546875 0.0984375
0 0.83359375 0.47421875 0.0515625 0.09921875
6 0.05859375 0.47265625 0.0671875 0.1234375
16 0.971875 0.72421875 0.0546875 0.10859375
14 0.32734375 0.74296875 0.0578125 0.10078125
14 0.43359375 0.74140625 0.05703125 0.1
24 0.140625 0.6203125 0.06640625 0.1046875
14 0.85859375 0.73125 0.053125 0.103125
14 0.540625 0.73828125 0.0546875 0.1
14 0.9125 0.73046875 0.05546875 0.1015625
11 0.13203125 0.33203125 0.06953125 0.11484375
2 0.93984375 0.471875 0.0515625 0.09921875
12 0.33046875 0.3296875 0.06640625 0.11328125
17 0.98671875 0.61171875 0.02421875 0.075
21 0.88515625 0.6125 0.05703125 0.08359375
12 0.39609375 0.33125 0.0578125 0.109375