1 0.34453125 0.46640625 0.06328125 0.1125
8 0.59609375 0.31640625 0.06640625 0.115625
1 0.41015625 0.465625 0.06328125 0.11171875
17 0.95078125 0.6078125 0.05546875 0.078125
17 0.51015625 0.60234375 0.07109375 0.10703125
19 0.7171875 0.61015625 0.06015625 0.0875
18 0.21875 0.6078125 0.071875 0.10625
0 0.60859375 0.46328125 0.06328125 0.11171875
17 0.4390625 0.60390625 0.065625 0.10625
14 0.7546875 0.725 0.05234375 0.1046875
14 0.5953125 0.72890625 0.0546875 0.10078125
17 0.58359375 0.60234375 0.06953125 0.10390625
18 0.2953125 0.60625 0.07421875 0.10625
6 0.278125 0.46171875 0.06640625 0.1234375
24 0.07578125 0.6109375 0.0640625 0.103125
17 0.83203125 0.6046875 0.053125 0.08515625
14 0.7015625 0.7265625 0.053125 0.103125
10 0.896875 0.315625 0.05546875 0.10390625
6 0.2078125 0.46171875 0.06953125 0.1234375
10 0.95390625 0.315625 0.05234375 0.10703125
0 0.47578125 0.46484375 0.06328125 0.1125
8 0.665625 0.31640625 0.06640625 0.11171875
8 0.78515625 0.315625 0.05546875 0.10390625
11 0.053125 0.32265625 0.078125 0.11796875
18 0.653125 0.6109375 0.06015625 0.08828125
10 0.46015625 0.31796875 0.065625 0.11640625
8 0.840625 0.31484375 0.0515625 0.10078125
8 0.728125 0.31875 0.0546875 0.10546875
6 0.13359375 0.46328125 0.071875 0.1234375
19 0.77734375 0.60703125 0.0546875 0.08671875
2 0.89296875 0.4640625 0.05234375 0.1015625
1 0.72734375 0.46484375 0.053125 0.1015625
0 0.78359375 0.46484375 0.053125 0.10078125
14 0.6484375 0.72734375 0.05234375 0.1015625
10 0.528125 0.3171875 0.06328125 0.115625
14 0.490625 0.73046875 0.0546875 0.1
0 0.5421875 0.46328125 0.06328125 0.1125
2 0.946875 0.46171875 0.05 0.103125
11 0.13046875 0.32265625 0.06953125 0.115625
14 0.384375 0.73125 0.053125 0.09765625
1 0.671875 0.465625 0.0546875 0.10234375
0 0.8390625 0.46484375 0.05234375 0.10078125
6 0.0609375 0.4640625 0.0671875 0.1234375
14 0.80859375 0.72421875 0.05234375 0.1015625
14 0.33046875 0.7328125 0.05703125 0.09921875
14 0.5421875 0.72890625 0.0546875 0.09921875
14 0.9171875 0.72265625 0.053125 0.103125
14 0.4375 0.73125 0.05546875 0.1
16 0.9734375 0.71875 0.0515625 0.10703125
24 0.1453125 0.61015625 0.06640625 0.103125
14 0.8625 0.72265625 0.0546875 0.103125
12 0.33125 0.31953125 0.0671875 0.115625
12 0.39609375 0.3203125 0.0578125 0.11328125
21 0.8921875 0.603125 0.05703125 0.08515625