12 0.56484375 0.36328125 0.05234375 0.1015625
12 0.6171875 0.36953125 0.046875 0.09765625
11 0.08359375 0.303125 0.11953125 0.1609375
11 0.20234375 0.31953125 0.10234375 0.14609375
10 0.3765625 0.503125 0.071875 0.12578125
10 0.20625 0.50703125 0.0875 0.14453125
11 0.29921875 0.33125 0.0796875 0.134375
3 0.275 0.9734375 0.05859375 0.05234375
11 0.44140625 0.34765625 0.06953125 0.11796875
10 0.29609375 0.5046875 0.0796875 0.13359375
10 0.103125 0.51015625 0.1078125 0.1546875
3 0.3390625 0.96171875 0.06015625 0.07578125
8 0.834375 0.49140625 0.02265625 0.06875
6 0.81171875 0.39453125 0.03515625 0.071875
3 0.45 0.93828125 0.04765625 0.109375
10 0.55703125 0.4984375 0.05 0.10625
3 0.39765625 0.9515625 0.0515625 0.09609375
8 0.65234375 0.4953125 0.03828125 0.096875
24 0.58046875 0.6265625 0.046875 0.096875
11 0.371875 0.340625 0.06171875 0.12265625
12 0.50703125 0.35703125 0.0578125 0.1078125
8 0.7546875 0.49140625 0.028125 0.0828125
3 0.49765625 0.91640625 0.04140625 0.10625
10 0.446875 0.50390625 0.0609375 0.12421875
9 0.6078125 0.496875 0.046875 0.1015625
8 0.72265625 0.49296875 0.0328125 0.08828125
8 0.78125 0.490625 0.02265625 0.08046875
10 0.50390625 0.5 0.05234375 0.1140625
8 0.80859375 0.490625 0.028125 0.075
8 0.68828125 0.49375 0.03125 0.09140625
24 0.52890625 0.63359375 0.0515625 0.10234375
3 0.5421875 0.89765625 0.0421875 0.10625
6 0.734375 0.38515625 0.0359375 0.07890625
6 0.77265625 0.3890625 0.03671875 0.07578125
12 0.6953125 0.38125 0.03671875 0.0828125
3 0.68671875 0.83671875 0.025 0.090625
12 0.65859375 0.37578125 0.03515625 0.0890625
3 0.65546875 0.85 0.03359375 0.09453125
3 0.61875 0.8609375 0.03828125 0.08671875
3 0.71640625 0.8234375 0.03046875 0.08671875
24 0.625 0.61953125 0.03828125 0.0890625
10 0.875 0.49140625 0.01875 0.06328125
3 0.58125 0.8828125 0.03125 0.10390625
3 0.74453125 0.81015625 0.02265625 0.08515625
24 0.25625 0.68046875 0.08203125 0.13046875
3 0.209375 0.98359375 0.0609375 0.0328125
24 0.3375 0.6671875 0.071875 0.1234375
24 0.1609375 0.69609375 0.09296875 0.14140625
24 0.4734375 0.64375 0.053125 0.10546875
10 0.89296875 0.49140625 0.015625 0.06171875
2 0.92890625 0.56640625 0.0171875 0.06328125
18 0.83515625 0.67734375 0.03359375 0.06640625
18 0.8640625 0.66875 0.03203125 0.06171875
17 0.92890625 0.6453125 0.021875 0.05859375
17 0.95546875 0.640625 0.02734375 0.05859375
3 0.76875 0.8 0.02421875 0.084375
2 0.94921875 0.56328125 0.01953125 0.06171875
24 0.8046875 0.58828125 0.028125 0.07265625
0 0.8703125 0.5765625 0.025 0.06953125
17 0.90625 0.6515625 0.02265625 0.06171875
24 0.74296875 0.59765625 0.03125 0.07890625
24 0.4109375 0.65546875 0.065625 0.1125
24 0.7046875 0.60859375 0.0390625 0.075
10 0.8625 0.49140625 0.0171875 0.0640625
24 0.77421875 0.5921875 0.028125 0.0765625
2 0.97265625 0.4890625 0.0171875 0.053125
2 0.98828125 0.5625 0.0171875 0.0578125
0 0.89375 0.5734375 0.01875 0.0671875
2 0.96875 0.5609375 0.0171875 0.05859375
24 0.66484375 0.6171875 0.0359375 0.075
0 0.91171875 0.5703125 0.015625 0.0640625
2 0.98828125 0.4859375 0.01640625 0.05546875