5 0.8625 0.7328125 0.0546875 0.10703125
5 0.9203125 0.73203125 0.0578125 0.10625
16 0.38203125 0.7328125 0.05234375 0.10390625
3 0.646875 0.73203125 0.05 0.1046875
18 0.21328125 0.6109375 0.06953125 0.1046875
4 0.8078125 0.73203125 0.05234375 0.10859375
10 0.23828125 0.47578125 0.06015625 0.109375
4 0.75390625 0.7328125 0.05234375 0.10703125
8 0.1734375 0.47734375 0.0640625 0.109375
10 0.63125 0.47578125 0.05234375 0.0984375
17 0.13671875 0.61328125 0.07265625 0.10390625
8 0.10703125 0.47734375 0.06171875 0.109375
8 0.46875 0.478125 0.0515625 0.0984375
16 0.54375 0.73125 0.05 0.103125
8 0.3625 0.478125 0.0515625 0.10078125
16 0.49140625 0.73203125 0.05234375 0.1046875
0 0.79140625 0.47265625 0.0515625 0.09921875
0 0.84453125 0.471875 0.0515625 0.1
8 0.41484375 0.478125 0.0515625 0.10078125
17 0.559375 0.61484375 0.0578125 0.0890625
10 0.5765625 0.4765625 0.0515625 0.0984375
16 0.27421875 0.7359375 0.0515625 0.10546875
17 0.50078125 0.61484375 0.05546875 0.0875
0 0.74375 0.60234375 0.06171875 0.109375
17 0.06796875 0.61171875 0.05859375 0.10390625
8 0.52265625 0.47734375 0.053125 0.0984375
0 0.9453125 0.60078125 0.06875 0.109375
16 0.328125 0.7359375 0.053125 0.1046875
10 0.303125 0.475 0.06171875 0.1078125
17 0.61953125 0.61484375 0.0578125 0.0859375
0 0.80859375 0.60078125 0.0609375 0.109375
10 0.68515625 0.47421875 0.0515625 0.09921875
18 0.2875 0.6109375 0.07265625 0.10546875
0 0.875 0.60078125 0.065625 0.1109375
16 0.4359375 0.73203125 0.053125 0.10390625
0 0.9 0.4703125 0.05546875 0.1
3 0.69921875 0.73125 0.0515625 0.10625
8 0.03984375 0.47890625 0.06640625 0.11015625
10 0.73828125 0.4734375 0.05 0.09921875
3 0.5953125 0.73203125 0.04921875 0.10390625
16 0.0625 0.7390625 0.05234375 0.10546875
16 0.01796875 0.73828125 0.03515625 0.1046875
0 0.9578125 0.46953125 0.05546875 0.1015625
0 0.6796875 0.60234375 0.06015625 0.109375
16 0.221875 0.73671875 0.05 0.10625
24 0.91171875 0.328125 0.08046875 0.10234375
16 0.11875 0.73828125 0.053125 0.10390625
24 0.98046875 0.32265625 0.0390625 0.1046875