11 0.83203125 0.48828125 0.09921875 0.16640625
12 0.93984375 0.48828125 0.10703125 0.17734375
17 0.803125 0.696875 0.08203125 0.109375
11 0.740625 0.490625 0.08046875 0.14609375
17 0.65078125 0.66796875 0.06171875 0.0953125
6 0.521875 0.4875 0.053125 0.1203125
17 0.89453125 0.7109375 0.09140625 0.11796875
17 0.44765625 0.62578125 0.0359375 0.0796875
10 0.353125 0.371875 0.03046875 0.08515625
8 0.59296875 0.3328125 0.046875 0.1203125
17 0.5390625 0.64140625 0.04765625 0.0921875
11 0.659375 0.490625 0.0765625 0.13515625
16 0.58203125 0.78125 0.05546875 0.11328125
8 0.54296875 0.3421875 0.04921875 0.11171875
17 0.7234375 0.68203125 0.071875 0.1015625
8 0.496875 0.3484375 0.0390625 0.10625
8 0.6484375 0.32421875 0.06015625 0.12578125
6 0.58515625 0.48828125 0.0671875 0.13046875
2 0.37109375 0.4953125 0.03046875 0.08515625
17 0.590625 0.6515625 0.0515625 0.09765625
17 0.41015625 0.62109375 0.03671875 0.08046875
18 0.33515625 0.61015625 0.0390625 0.07265625
2 0.41015625 0.49609375 0.04453125 0.08984375
6 0.46484375 0.4875 0.0546875 0.11484375
18 0.3734375 0.61484375 0.03125 0.07578125
10 0.325 0.37734375 0.02265625 0.08125
10 0.3859375 0.36640625 0.03046875 0.0890625
0 0.3421875 0.49375 0.02734375 0.08359375
17 0.48984375 0.63515625 0.04453125 0.08671875
10 0.30078125 0.38125 0.021875 0.078125
8 0.4203125 0.36015625 0.03515625 0.0953125
10 0.17890625 0.39375 0.0203125 0.075
10 0.25234375 0.3859375 0.02265625 0.07890625
10 0.20234375 0.3921875 0.021875 0.07578125
10 0.1171875 0.403125 0.0203125 0.0640625
1 0.28515625 0.49453125 0.02421875 0.0734375
8 0.45703125 0.35546875 0.03515625 0.09921875
1 0.259375 0.5015625 0.02578125 0.05546875
2 0.1125 0.48828125 0.01875 0.05703125
10 0.22578125 0.38828125 0.025 0.078125
10 0.1390625 0.4 0.01875 0.06875
10 0.27734375 0.38359375 0.02265625 0.078125
1 0.23125 0.49609375 0.02421875 0.06171875
17 0.1203125 0.5671875 0.0171875 0.0640625
0 0.31328125 0.49296875 0.028125 0.08125
16 0.3046875 0.69453125 0.025 0.07890625
10 0.15859375 0.39765625 0.0171875 0.071875
17 0.14140625 0.57109375 0.01875 0.065625
16 0.33125 0.70234375 0.02421875 0.0828125
13 0.8390625 0.28203125 0.10859375 0.17734375
16 0.25625 0.68203125 0.0203125 0.0734375
2 0.09375 0.48828125 0.015625 0.05390625
17 0.16171875 0.571875 0.02265625 0.065625
1 0.2078125 0.48984375 0.021875 0.07109375
16 0.27890625 0.68984375 0.025 0.0796875
8 0.03046875 0.41640625 0.025 0.05234375
8 0.0609375 0.41171875 0.02421875 0.05546875
17 0.065625 0.55859375 0.015625 0.05390625
17 0.08359375 0.56015625 0.01640625 0.05546875
17 0.1015625 0.5625 0.01953125 0.05625
18 0.04609375 0.5546875 0.0171875 0.05078125
16 0.35703125 0.7109375 0.02578125 0.0890625
16 0.23125 0.67578125 0.02421875 0.07109375
16 0.38671875 0.71875 0.02578125 0.090625
16 0.1671875 0.6546875 0.021875 0.0640625
16 0.19765625 0.66484375 0.02578125 0.0671875
16 0.534375 0.76953125 0.03828125 0.10859375