10 0.95625 0.253125 0.071875 0.1125
17 0.04140625 0.509375 0.07265625 0.10078125
17 0.47578125 0.515625 0.06171875 0.0890625
2 0.6890625 0.38671875 0.06875 0.10390625
19 0.559375 0.6421875 0.0828125 0.1203125
19 0.64609375 0.64140625 0.0828125 0.11796875
19 0.73671875 0.6421875 0.0890625 0.12109375
5 0.26875 0.6375 0.053125 0.12109375
18 0.25703125 0.50859375 0.06953125 0.1015625
10 0.409375 0.26484375 0.05546875 0.10859375
17 0.1140625 0.50859375 0.065625 0.10078125
3 0.3765625 0.6390625 0.05234375 0.1203125
17 0.6015625 0.51640625 0.06328125 0.08984375
17 0.184375 0.50859375 0.06875 0.10078125
10 0.584375 0.26171875 0.06171875 0.10859375
10 0.88203125 0.253125 0.06953125 0.11484375
8 0.18828125 0.2671875 0.05703125 0.10859375
8 0.66171875 0.2578125 0.075 0.11484375
10 0.353125 0.2671875 0.05234375 0.10625
17 0.53828125 0.515625 0.0578125 0.0890625
10 0.4671875 0.2640625 0.0546875 0.1078125
17 0.8625 0.51875 0.05859375 0.08125
1 0.29375 0.390625 0.05546875 0.09921875
1 0.17734375 0.3921875 0.05859375 0.09765625
18 0.66875 0.515625 0.065625 0.0890625
5 0.32265625 0.6375 0.0515625 0.11953125
1 0.4125 0.3890625 0.0546875 0.1015625
8 0.13046875 0.2671875 0.053125 0.10703125
10 0.52421875 0.26328125 0.053125 0.10703125
11 0.0671875 0.76796875 0.06171875 0.0984375
5 0.15859375 0.63828125 0.05703125 0.1203125
1 0.23671875 0.39140625 0.05546875 0.09765625
10 0.3 0.26796875 0.0515625 0.10546875
8 0.8078125 0.25390625 0.06953125 0.1171875
18 0.79921875 0.51484375 0.0609375 0.08984375
1 0.471875 0.3875 0.0609375 0.1015625
8 0.73515625 0.25546875 0.06875 0.11640625
18 0.73515625 0.51484375 0.06171875 0.08984375
1 0.353125 0.38984375 0.05859375 0.10078125
5 0.1 0.6390625 0.0578125 0.11953125
3 0.48671875 0.63984375 0.0546875 0.12109375
10 0.2453125 0.26796875 0.053125 0.10546875
8 0.075 0.26875 0.05234375 0.10625
18 0.33125 0.50859375 0.07265625 0.10234375
3 0.43046875 0.6390625 0.05234375 0.12109375
1 0.6140625 0.38671875 0.0640625 0.10234375
1 0.5390625 0.3875 0.06875 0.10234375
5 0.2140625 0.6375 0.05 0.1203125
11 0.12890625 0.76953125 0.05703125 0.10078125
8 0.0234375 0.26875 0.046875 0.11015625
1 0.79296875 0.38203125 0.08046875 0.109375
12 0.3921875 0.771875 0.0578125 0.10234375
13 0.45078125 0.77421875 0.05703125 0.10390625
18 0.40625 0.50859375 0.071875 0.1015625
12 0.3359375 0.771875 0.05 0.1015625
11 0.23203125 0.76875 0.04921875 0.0984375
12 0.28359375 0.77109375 0.05 0.10078125
11 0.1828125 0.76953125 0.04765625 0.0984375
13 0.50625 0.77421875 0.05 0.10078125
5 0.0421875 0.6390625 0.0546875 0.11875
13 0.5625 0.77421875 0.06015625 0.1015625