17 0.11796875 0.509375 0.0640625 0.08515625
24 0.61171875 0.6328125 0.06328125 0.103125
6 0.8890625 0.49453125 0.071875 0.11484375
0 0.39765625 0.503125 0.05 0.09765625
2 0.29140625 0.5046875 0.05234375 0.096875
24 0.546875 0.6359375 0.05859375 0.1
1 0.6953125 0.4984375 0.05859375 0.10625
11 0.94140625 0.3609375 0.06640625 0.10625
2 0.7578125 0.4984375 0.06328125 0.10703125
8 0.19296875 0.359375 0.0546875 0.09765625
2 0.3453125 0.50390625 0.0515625 0.09609375
8 0.3765625 0.35703125 0.06171875 0.10703125
8 0.44375 0.35625 0.065625 0.10546875
10 0.13671875 0.35859375 0.053125 0.09765625
1 0.6328125 0.4984375 0.0609375 0.10703125
6 0.96171875 0.49453125 0.065625 0.11484375
2 0.82109375 0.49765625 0.05859375 0.1078125
10 0.50859375 0.3578125 0.05859375 0.10703125
10 0.57265625 0.359375 0.0640625 0.10859375
0 0.56953125 0.4984375 0.0609375 0.10703125
17 0.05234375 0.50859375 0.06015625 0.08515625
0 0.50625 0.4984375 0.05859375 0.10625
24 0.7453125 0.63203125 0.05703125 0.1
10 0.08203125 0.359375 0.05234375 0.0984375
8 0.31171875 0.3578125 0.0609375 0.1078125
24 0.48671875 0.6375 0.053125 0.0875
18 0.3015625 0.63359375 0.06328125 0.10234375
18 0.15703125 0.634375 0.071875 0.10546875
8 0.25078125 0.36015625 0.05703125 0.10234375
18 0.23125 0.634375 0.06953125 0.10390625
0 0.45 0.50234375 0.05 0.09765625
24 0.68125 0.63359375 0.065625 0.1015625
10 0.0265625 0.359375 0.05234375 0.10390625
1 0.2375 0.50390625 0.0515625 0.096875
24 0.42734375 0.6390625 0.05703125 0.0875
24 0.80859375 0.6328125 0.0609375 0.0984375
24 0.365625 0.64140625 0.0578125 0.08984375
12 0.7671875 0.36015625 0.065625 0.10625
12 0.70390625 0.36015625 0.05859375 0.10703125
18 0.18125 0.509375 0.0578125 0.0859375
12 0.640625 0.3609375 0.06328125 0.1078125
24 0.87578125 0.6328125 0.065625 0.09921875
21 0.084375 0.63515625 0.0671875 0.1046875
11 0.88046875 0.3609375 0.05 0.10625
19 0.02578125 0.628125 0.046875 0.09921875