0 0.6125 0.425 0.075 0.1234375
18 0.7296875 0.5921875 0.0671875 0.09765625
17 0.52421875 0.57734375 0.075 0.1125
3 0.56171875 0.71328125 0.053125 0.1109375
17 0.446875 0.575 0.071875 0.11015625
16 0.19140625 0.81171875 0.03671875 0.1046875
3 0.50625 0.7109375 0.05234375 0.11015625
2 0.7875 0.421875 0.0796875 0.13125
18 0.3046875 0.57109375 0.06328125 0.1046875
18 0.8015625 0.5953125 0.0671875 0.09765625
8 0.0859375 0.4328125 0.053125 0.10546875
2 0.8703125 0.4203125 0.08046875 0.134375
17 0.8765625 0.596875 0.071875 0.10078125
2 0.95625 0.41875 0.08515625 0.1390625
17 0.37421875 0.57265625 0.0671875 0.10703125
16 0.15234375 0.80703125 0.04140625 0.10390625
16 0.234375 0.81640625 0.046875 0.1078125
16 0.53046875 0.85078125 0.05234375 0.121875
10 0.43046875 0.43359375 0.05234375 0.10703125
10 0.48671875 0.43359375 0.0546875 0.109375
3 0.45234375 0.70703125 0.05234375 0.1078125
16 0.1109375 0.80234375 0.0390625 0.1
8 0.1421875 0.43046875 0.0546875 0.1046875
10 0.31484375 0.4296875 0.0609375 0.11171875
10 0.54375 0.43203125 0.0546875 0.11015625
2 0.7015625 0.4234375 0.08359375 0.12890625
16 0.646875 0.8640625 0.06171875 0.125
16 0.6234375 0.71953125 0.06328125 0.109375
4 0.353125 0.7 0.04453125 0.10234375
10 0.2546875 0.42890625 0.0546875 0.10859375
16 0.5859375 0.8578125 0.0546875 0.1234375
18 0.2375 0.57109375 0.06328125 0.0984375
17 0.95625 0.60078125 0.078125 0.10234375
8 0.03125 0.4328125 0.0515625 0.10390625
10 0.37578125 0.43359375 0.05234375 0.10625
10 0.1984375 0.42890625 0.053125 0.10546875
16 0.765625 0.728125 0.06875 0.11328125
4 0.2546875 0.69375 0.04453125 0.10078125
4 0.4 0.70390625 0.04609375 0.10546875
16 0.91953125 0.73984375 0.07734375 0.1171875
16 0.83984375 0.73203125 0.07109375 0.1125
16 0.69296875 0.72265625 0.065625 0.1109375
5 0.20625 0.68984375 0.046875 0.10078125
4 0.30390625 0.696875 0.04921875 0.10234375
16 0.47734375 0.8453125 0.05 0.1203125
5 0.0796875 0.6796875 0.04375 0.09375
5 0.16640625 0.6859375 0.03359375 0.09765625
16 0.33125 0.82734375 0.046875 0.11171875
16 0.28203125 0.821875 0.046875 0.109375
16 0.378125 0.83359375 0.04375 0.11484375
16 0.98203125 0.74296875 0.03359375 0.12109375
8 0.96953125 0.22421875 0.05859375 0.16171875
0 0.03359375 0.67578125 0.04609375 0.08984375
16 0.42578125 0.840625 0.04765625 0.11875