19 0.63515625 0.653125 0.0796875 0.115625
19 0.72265625 0.653125 0.0875 0.11796875
19 0.5515625 0.65390625 0.0796875 0.1171875
1 0.775 0.4046875 0.08203125 0.10234375
18 0.2578125 0.52421875 0.0671875 0.10078125
17 0.5921875 0.53203125 0.0609375 0.08671875
17 0.04375 0.525 0.071875 0.09921875
1 0.60703125 0.40859375 0.06328125 0.09765625
18 0.65625 0.53125 0.0609375 0.0875
17 0.471875 0.53125 0.0578125 0.08671875
17 0.84140625 0.534375 0.05546875 0.0765625
17 0.18828125 0.52421875 0.0671875 0.1
11 0.06171875 0.78125 0.06171875 0.10078125
17 0.11796875 0.52421875 0.06640625 0.09765625
10 0.85703125 0.284375 0.06640625 0.109375
3 0.48046875 0.65078125 0.0546875 0.11875
18 0.7203125 0.53125 0.05859375 0.08671875
1 0.2421875 0.4109375 0.05546875 0.09453125
18 0.78125 0.53125 0.05859375 0.0859375
2 0.6765625 0.40859375 0.06640625 0.09765625
1 0.46875 0.41015625 0.05703125 0.096875
8 0.65 0.2875 0.07109375 0.10703125
17 0.53125 0.53125 0.05546875 0.08671875
10 0.578125 0.290625 0.05859375 0.103125
1 0.3546875 0.41015625 0.05546875 0.096875
5 0.31953125 0.65078125 0.0515625 0.11796875
3 0.42578125 0.6515625 0.0515625 0.11875
8 0.7875 0.28515625 0.06640625 0.10859375
3 0.37265625 0.65078125 0.0515625 0.11875
8 0.19765625 0.2921875 0.05546875 0.10390625
5 0.1 0.65234375 0.0578125 0.11953125
10 0.92578125 0.28359375 0.06640625 0.1078125
8 0.0875 0.29296875 0.0515625 0.10078125
1 0.53359375 0.409375 0.0671875 0.096875
8 0.03203125 0.2921875 0.05546875 0.10390625
5 0.15859375 0.6515625 0.05546875 0.11796875
10 0.4109375 0.2921875 0.05234375 0.10078125
5 0.26640625 0.6515625 0.05234375 0.11875
1 0.18359375 0.41171875 0.05859375 0.0953125
10 0.46640625 0.2921875 0.05234375 0.10078125
10 0.35859375 0.29375 0.05 0.09921875
10 0.5203125 0.2921875 0.05234375 0.10078125
10 0.30625 0.29453125 0.05 0.09921875
5 0.21328125 0.65078125 0.04921875 0.11875
10 0.25234375 0.29375 0.05234375 0.1
8 0.14140625 0.29375 0.05234375 0.10234375
11 0.1234375 0.78203125 0.05703125 0.1015625
1 0.2984375 0.41015625 0.053125 0.0953125
1 0.4109375 0.41015625 0.0546875 0.09765625
12 0.33125 0.784375 0.05 0.10390625
8 0.71953125 0.28671875 0.06328125 0.1078125
18 0.40390625 0.525 0.07109375 0.1
18 0.3296875 0.52421875 0.07109375 0.10078125
12 0.3859375 0.78359375 0.05703125 0.10390625
13 0.44453125 0.784375 0.0546875 0.1046875
12 0.2796875 0.784375 0.04921875 0.10078125
11 0.22734375 0.78203125 0.04921875 0.0984375
13 0.4984375 0.78359375 0.05 0.103125
13 0.55546875 0.7828125 0.0609375 0.10390625
11 0.178125 0.7828125 0.04765625 0.10078125
5 0.040625 0.65078125 0.05703125 0.11640625