5 0.51875 0.80234375 0.053125 0.1125
24 0.7078125 0.6796875 0.06875 0.1015625
10 0.62578125 0.41171875 0.0578125 0.11015625
24 0.86640625 0.68671875 0.0796875 0.10546875
24 0.95234375 0.6875 0.0828125 0.10546875
8 0.81640625 0.40546875 0.0640625 0.11796875
24 0.3609375 0.66171875 0.0609375 0.0953125
8 0.884375 0.403125 0.06640625 0.12109375
1 0.225 0.53984375 0.0515625 0.09765625
24 0.29921875 0.65703125 0.05546875 0.09140625
2 0.42890625 0.5421875 0.05 0.10546875
1 0.2765625 0.53984375 0.04921875 0.0984375
17 0.8828125 0.55 0.07265625 0.1046875
8 0.4234375 0.4171875 0.065625 0.10625
24 0.78359375 0.6828125 0.07265625 0.103125
10 0.359375 0.41953125 0.05859375 0.1015625
5 0.63203125 0.81171875 0.05859375 0.1203125
0 0.32734375 0.540625 0.046875 0.10078125
8 0.56015625 0.41171875 0.06875 0.11328125
3 0.88671875 0.83359375 0.07109375 0.1265625
17 0.80390625 0.56015625 0.078125 0.0828125
8 0.49140625 0.41328125 0.06328125 0.1109375
24 0.20546875 0.65546875 0.06015625 0.08671875
6 0.078125 0.53828125 0.03671875 0.09375
11 0.12890625 0.4234375 0.046875 0.10078125
10 0.23828125 0.42109375 0.0546875 0.1015625
4 0.69296875 0.81640625 0.05859375 0.121875
2 0.4828125 0.54296875 0.05546875 0.10390625
24 0.6359375 0.6765625 0.06640625 0.09765625
8 0.9578125 0.40078125 0.07421875 0.1265625
10 0.29765625 0.41953125 0.05859375 0.10078125
5 0.5734375 0.80703125 0.05546875 0.11796875
10 0.68671875 0.409375 0.06015625 0.1125
0 0.3765625 0.5421875 0.04921875 0.10078125
10 0.75078125 0.4078125 0.0609375 0.1140625
12 0.03359375 0.425 0.04921875 0.09765625
6 0.12421875 0.5390625 0.0515625 0.096875
4 0.7546875 0.821875 0.06015625 0.1234375
6 0.0359375 0.5375 0.04375 0.0921875
24 0.09140625 0.6515625 0.0546875 0.08359375
12 0.08125 0.42421875 0.04609375 0.1
1 0.175 0.540625 0.04609375 0.09453125
24 0.5671875 0.6703125 0.06171875 0.096875
24 0.14765625 0.653125 0.05 0.08515625
16 0.071875 0.76171875 0.04921875 0.09375
11 0.18125 0.421875 0.05546875 0.103125
18 0.63671875 0.54375 0.0828125 0.109375
18 0.72421875 0.56015625 0.075 0.078125
16 0.4078125 0.79296875 0.0546875 0.1125
23 0.46328125 0.79765625 0.05234375 0.1109375
16 0.12109375 0.7640625 0.04765625 0.0953125
16 0.215625 0.7703125 0.04375 0.09609375
3 0.81796875 0.82578125 0.06171875 0.12109375
24 0.040625 0.65 0.040625 0.0796875
16 0.35546875 0.7875 0.04765625 0.10703125
16 0.26015625 0.7765625 0.04140625 0.09921875