9 0.59375 0.29375 0.046875 0.16484375
2 0.465625 0.29765625 0.03828125 0.146875
17 0.38984375 0.3140625 0.0359375 0.10390625
11 0.64296875 0.696875 0.0453125 0.1453125
18 0.28984375 0.44765625 0.0359375 0.109375
20 0.44296875 0.47421875 0.04296875 0.134375
8 0.7625 0.28828125 0.0625 0.1859375
2 0.53046875 0.48671875 0.0453125 0.15
9 0.64453125 0.2921875 0.053125 0.16875
2 0.48671875 0.4796875 0.04140625 0.14296875
8 0.69453125 0.5140625 0.0625 0.171875
8 0.834375 0.28515625 0.07578125 0.19921875
0 0.54609375 0.29453125 0.0453125 0.159375
10 0.76015625 0.52578125 0.0640625 0.18125
10 0.70078125 0.290625 0.05625 0.17578125
16 0.8 0.93515625 0.065625 0.1296875
10 0.83515625 0.53671875 0.07734375 0.19921875
16 0.74296875 0.91640625 0.04921875 0.140625
18 0.25078125 0.56328125 0.0265625 0.09375
17 0.325 0.453125 0.03203125 0.115625
17 0.3203125 0.309375 0.028125 0.10625
12 0.80859375 0.7625 0.06640625 0.14765625
1 0.5828125 0.49375 0.0546875 0.1578125
17 0.35234375 0.3109375 0.03359375 0.10703125
1 0.50390625 0.29609375 0.0375 0.15078125
0 0.63671875 0.5015625 0.04765625 0.16796875
3 0.47578125 0.64140625 0.0359375 0.12578125
5 0.35625 0.60078125 0.02421875 0.10703125
17 0.4265625 0.31484375 0.0359375 0.10703125
18 0.22265625 0.55546875 0.025 0.08984375
18 0.2921875 0.3078125 0.0265625 0.10703125
16 0.69140625 0.890625 0.05078125 0.13984375
3 0.55234375 0.665625 0.0359375 0.13671875
3 0.59453125 0.678125 0.046875 0.14296875
3 0.5140625 0.653125 0.0359375 0.12890625
5 0.3796875 0.60625 0.02265625 0.10703125
17 0.27890625 0.57578125 0.02421875 0.10234375
12 0.74765625 0.759375 0.0453125 0.09296875