17 0.8203125 0.45234375 0.06796875 0.2109375
17 0.615625 0.45703125 0.0328125 0.14296875
5 0.8140625 0.6640625 0.03984375 0.1453125
17 0.55390625 0.45390625 0.028125 0.13046875
18 0.703125 0.446875 0.05 0.1890625
17 0.75703125 0.44921875 0.053125 0.2
18 0.6546875 0.4453125 0.040625 0.1796875
17 0.58359375 0.45546875 0.02890625 0.134375
8 0.49765625 0.43515625 0.02734375 0.14765625
8 0.44921875 0.43515625 0.0203125 0.13359375
18 0.52578125 0.4515625 0.02578125 0.12421875
11 0.37421875 0.42109375 0.01875 0.13828125
5 0.77265625 0.64296875 0.03828125 0.1171875
12 0.41328125 0.42265625 0.0203125 0.146875
10 0.471875 0.43359375 0.02265625 0.14375
10 0.43046875 0.4265625 0.015625 0.14140625
5 0.85234375 0.675 0.034375 0.14765625
11 0.39375 0.421875 0.01875 0.14296875