17 0.59296875 0.40234375 0.05078125 0.1203125
17 0.725 0.3875 0.0734375 0.17734375
1 0.4578125 0.53203125 0.0359375 0.12578125
2 0.46796875 0.3875 0.03046875 0.12734375
17 0.54609375 0.3984375 0.04140625 0.11796875
16 0.58671875 0.74375 0.0359375 0.16171875
16 0.6296875 0.76015625 0.046875 0.16796875
0 0.38828125 0.38515625 0.02265625 0.11328125
1 0.421875 0.525 0.03203125 0.121875
17 0.653125 0.39375 0.0640625 0.15078125
16 0.51796875 0.71484375 0.0296875 0.15
0 0.49453125 0.540625 0.03359375 0.13203125
18 0.5375 0.5515625 0.05078125 0.1359375
1 0.43828125 0.38515625 0.0265625 0.12109375
16 0.4828125 0.7 0.0375 0.140625
8 0.340625 0.5078125 0.02109375 0.10625
18 0.72109375 0.62109375 0.0640625 0.1
18 0.79140625 0.63671875 0.06796875 0.10703125
2 0.3921875 0.51875 0.025 0.11796875
1 0.4125 0.38515625 0.02421875 0.1171875
3 0.4046875 0.66875 0.02265625 0.128125
0 0.36484375 0.3859375 0.02421875 0.10234375
18 0.65234375 0.6046875 0.06171875 0.0953125
10 0.340625 0.384375 0.02109375 0.09765625
3 0.3796875 0.65625 0.025 0.12265625
18 0.50390625 0.39453125 0.03828125 0.11796875
8 0.365625 0.5109375 0.02421875 0.1109375
16 0.67734375 0.775 0.046875 0.18125
10 0.3203125 0.3828125 0.01875 0.09765625
16 0.55078125 0.73046875 0.03359375 0.16015625
18 0.59140625 0.56328125 0.05234375 0.1421875
17 0.80234375 0.3859375 0.07734375 0.18515625
3 0.35390625 0.6484375 0.02265625 0.11875
5 0.31484375 0.6328125 0.0203125 0.10703125
5 0.29375 0.62578125 0.0203125 0.103125
3 0.4265625 0.6765625 0.0203125 0.1296875
10 0.30078125 0.38125 0.01875 0.09609375
16 0.72421875 0.79921875 0.046875 0.178125
6 0.178125 0.47265625 0.025 0.08203125
12 0.21171875 0.48046875 0.02421875 0.08671875
10 0.28125 0.3796875 0.015625 0.0953125
10 0.31640625 0.50234375 0.02109375 0.09921875
11 0.24375 0.4875 0.03203125 0.090625