5 0.33203125 0.5265625 0.03125 0.1640625
3 0.421875 0.5265625 0.02578125 0.15234375
18 0.74140625 0.52265625 0.02734375 0.11328125
4 0.36328125 0.52734375 0.0296875 0.15859375
12 0.51171875 0.5234375 0.03125 0.14375
17 0.6921875 0.53515625 0.02265625 0.09453125
17 0.82265625 0.5203125 0.02578125 0.1078125
8 0.56796875 0.534375 0.02265625 0.11484375
18 0.64453125 0.53828125 0.021875 0.09765625
8 0.61953125 0.5265625 0.02578125 0.12421875
12 0.48046875 0.525 0.028125 0.1453125
17 0.79609375 0.5203125 0.02578125 0.1109375
10 0.59296875 0.52734375 0.025 0.1265625
17 0.715625 0.534375 0.021875 0.09296875
18 0.76875 0.521875 0.025 0.11171875
17 0.66796875 0.5375 0.02265625 0.09609375
10 0.5421875 0.5359375 0.02734375 0.115625
11 0.45078125 0.5265625 0.02890625 0.146875
4 0.39375 0.52734375 0.02890625 0.15625