8 0.15859375 0.3734375 0.0625 0.1703125
9 0.465625 0.52734375 0.04140625 0.13125
2 0.58046875 0.50625 0.034375 0.1203125
10 0.33125 0.36796875 0.046875 0.146875
8 0.25078125 0.56875 0.0734375 0.1609375
0 0.55703125 0.359375 0.03046875 0.11796875
11 0.5046875 0.671875 0.03984375 0.11875
8 0.2203125 0.37265625 0.05703125 0.16015625
4 0.57734375 0.77421875 0.028125 0.1
1 0.4203125 0.3640625 0.03828125 0.1359375
9 0.50625 0.52109375 0.034375 0.12734375
2 0.49296875 0.36171875 0.03203125 0.12734375
7 0.64296875 0.49375 0.0296875 0.11328125
2 0.525 0.3609375 0.0296875 0.121875
3 0.52578125 0.80078125 0.025 0.10703125
8 0.3171875 0.559375 0.0546875 0.14921875
10 0.27890625 0.3703125 0.0546875 0.153125
3 0.390625 0.86015625 0.0453125 0.11328125
16 0.34375 0.8859375 0.0453125 0.125
16 0.18515625 0.94765625 0.06171875 0.1046875
3 0.55078125 0.7875 0.02265625 0.10078125
17 0.80859375 0.46328125 0.02265625 0.08828125
3 0.45234375 0.83125 0.04375 0.11015625
17 0.784375 0.4671875 0.02421875 0.090625
11 0.5421875 0.6578125 0.03359375 0.11328125
3 0.49375 0.815625 0.0359375 0.109375
10 0.4203125 0.53671875 0.04375 0.13671875
4 0.60234375 0.76015625 0.02109375 0.09375
4 0.62890625 0.7515625 0.028125 0.09296875
10 0.378125 0.365625 0.04296875 0.1421875
17 0.6203125 0.3703125 0.028125 0.0859375
1 0.45859375 0.36328125 0.034375 0.1328125
6 0.68984375 0.60859375 0.02421875 0.09765625
18 0.67265625 0.4890625 0.028125 0.10625
0 0.5890625 0.35859375 0.03046875 0.11484375
12 0.575 0.646875 0.0296875 0.109375
17 0.65 0.36875 0.0296875 0.08671875
0 0.54296875 0.51328125 0.0359375 0.121875
1 0.61328125 0.5 0.028125 0.11484375
11 0.46484375 0.68984375 0.0359375 0.11796875
17 0.83359375 0.4578125 0.02421875 0.08515625
16 0.2984375 0.9078125 0.04296875 0.125
8 0.37109375 0.55078125 0.046875 0.13671875
6 0.66484375 0.6171875 0.025 0.10078125
17 0.81484375 0.3546875 0.01875 0.07734375
5 0.7 0.7171875 0.02265625 0.0921875
18 0.703125 0.48359375 0.03046875 0.10078125
17 0.83359375 0.35390625 0.01875 0.075
18 0.72890625 0.3578125 0.02265625 0.0859375
18 0.75234375 0.3578125 0.02109375 0.084375
4 0.65625 0.73984375 0.025 0.09375
17 0.85234375 0.35234375 0.0203125 0.07265625
16 0.12109375 0.9609375 0.065625 0.078125
4 0.67890625 0.72734375 0.0171875 0.09296875
12 0.60625 0.6375 0.0296875 0.10625
5 0.71953125 0.71015625 0.01484375 0.08828125
12 0.6359375 0.628125 0.028125 0.10234375
21 0.75859375 0.47265625 0.02421875 0.09296875
5 0.73671875 0.70078125 0.0203125 0.0859375
19 0.775 0.35703125 0.02265625 0.0828125