5 0.5171875 0.79765625 0.03046875 0.1078125
17 0.71171875 0.55078125 0.05859375 0.146875
17 0.775 0.56484375 0.065625 0.1578125
5 0.57890625 0.83125 0.03203125 0.1109375
5 0.615625 0.8484375 0.03984375 0.1140625
17 0.69296875 0.3671875 0.05234375 0.1296875
17 0.8046875 0.3703125 0.05625 0.14296875
17 0.6515625 0.53828125 0.05703125 0.140625
5 0.70234375 0.89375 0.046875 0.11875
17 0.74765625 0.36796875 0.0546875 0.1359375
5 0.65703125 0.8703125 0.03984375 0.115625
5 0.75234375 0.91328125 0.04765625 0.1203125
4 0.48984375 0.78203125 0.02265625 0.10625
3 0.3578125 0.70703125 0.0203125 0.08671875
5 0.54765625 0.81171875 0.028125 0.10703125
17 0.39296875 0.353125 0.02421875 0.0859375
4 0.46328125 0.76875 0.028125 0.103125
3 0.378125 0.71875 0.01875 0.08984375
2 0.309375 0.346875 0.01875 0.0953125
2 0.37265625 0.48125 0.025 0.10625
13 0.6515625 0.70859375 0.05234375 0.1328125
18 0.50234375 0.50859375 0.04375 0.11875
2 0.3296875 0.34765625 0.0171875 0.096875
18 0.55234375 0.3625 0.0375 0.11171875
22 0.70546875 0.72734375 0.05234375 0.12734375
17 0.4203125 0.36171875 0.0296875 0.08515625
3 0.33828125 0.69765625 0.0203125 0.08671875
9 0.30546875 0.465625 0.02265625 0.09609375
3 0.29765625 0.671875 0.02421875 0.07734375
19 0.640625 0.365625 0.04765625 0.12265625
4 0.4 0.7296875 0.02265625 0.090625
9 0.328125 0.46953125 0.0203125 0.10078125
4 0.4375 0.7515625 0.02265625 0.09921875
19 0.59375 0.36484375 0.04296875 0.1171875
3 0.31953125 0.68828125 0.0171875 0.08671875
0 0.346875 0.34921875 0.0171875 0.096875
0 0.34921875 0.47421875 0.0203125 0.10234375
6 0.4921875 0.646875 0.0296875 0.1109375
1 0.28828125 0.34609375 0.0203125 0.090625
0 0.36796875 0.34765625 0.02421875 0.096875
1 0.26953125 0.34609375 0.015625 0.08984375
8 0.2640625 0.45703125 0.015625 0.08671875
22 0.75859375 0.75 0.05078125 0.13671875
4 0.4234375 0.74453125 0.02109375 0.0953125
8 0.24609375 0.453125 0.01875 0.084375
8 0.21171875 0.3453125 0.01171875 0.0796875
18 0.515625 0.36171875 0.034375 0.1078125
18 0.46328125 0.5 0.03203125 0.1140625
1 0.4 0.484375 0.0265625 0.11015625