18 0.4671875 0.36875 0.03515625 0.16015625
17 0.38203125 0.30703125 0.02265625 0.14296875
17 0.53125 0.41015625 0.03671875 0.16796875
17 0.49921875 0.390625 0.028125 0.15703125
0 0.47734375 0.565625 0.02578125 0.1265625
17 0.409375 0.32578125 0.02890625 0.153125
0 0.5046875 0.59296875 0.02578125 0.125
18 0.61640625 0.709375 0.0421875 0.15234375
17 0.359375 0.290625 0.0203125 0.13359375
18 0.4359375 0.346875 0.02265625 0.1546875
0 0.52734375 0.61640625 0.0203125 0.1296875
2 0.4546875 0.54765625 0.0171875 0.1203125
18 0.57578125 0.671875 0.0359375 0.15234375
4 0.3609375 0.6390625 0.015625 0.16171875