18 0.675 0.61328125 0.06171875 0.1140625
0 0.2640625 0.309375 0.04296875 0.12109375
17 0.48828125 0.59453125 0.05625 0.1078125
18 0.30234375 0.45625 0.04140625 0.090625
2 0.546875 0.31640625 0.04375 0.12109375
8 0.271875 0.12421875 0.04765625 0.13515625
8 0.37578125 0.1171875 0.05234375 0.13671875
0 0.68984375 0.31484375 0.05234375 0.128125
8 0.32265625 0.1203125 0.04921875 0.13828125
18 0.54921875 0.6015625 0.05625 0.109375
10 0.6296875 0.10234375 0.05234375 0.140625
1 0.59140625 0.315625 0.04296875 0.121875
0 0.63828125 0.315625 0.046875 0.125
17 0.5859375 0.47734375 0.053125 0.090625
2 0.5015625 0.315625 0.04296875 0.1203125
1 0.3546875 0.3078125 0.0453125 0.121875
8 0.575 0.1078125 0.05078125 0.13671875
18 0.259375 0.4546875 0.03984375 0.08984375
10 0.22265625 0.128125 0.04375 0.13125
8 0.5234375 0.11171875 0.04765625 0.13515625
2 0.40390625 0.3078125 0.04921875 0.12578125
2 0.45390625 0.309375 0.04765625 0.1296875
5 0.325 0.70703125 0.034375 0.1046875
18 0.21640625 0.45234375 0.04140625 0.08984375
8 0.47421875 0.11328125 0.046875 0.134375
10 0.74765625 0.09453125 0.06171875 0.14375
6 0.75859375 0.3 0.07890625 0.15703125
17 0.43203125 0.58984375 0.05234375 0.10625
17 0.48203125 0.465625 0.0453125 0.09921875
18 0.74296875 0.61875 0.065625 0.1171875
18 0.61171875 0.6046875 0.06015625 0.10703125
10 0.6859375 0.0984375 0.05625 0.1421875
13 0.67109375 0.46640625 0.06640625 0.125
0 0.21953125 0.309375 0.04375 0.1203125
4 0.575 0.74140625 0.04375 0.1171875
17 0.53203125 0.46875 0.04921875 0.10078125
1 0.30859375 0.3078125 0.04296875 0.12265625
4 0.5296875 0.73515625 0.04375 0.1140625
8 0.4265625 0.11875 0.04375 0.12890625
5 0.2890625 0.703125 0.03359375 0.10078125
10 0.17578125 0.1296875 0.04375 0.1296875
16 0.67734375 0.9265625 0.046875 0.13515625
3 0.36171875 0.71328125 0.034375 0.1046875
4 0.61875 0.74765625 0.04140625 0.11875
16 0.5921875 0.903125 0.046875 0.12421875
3 0.3984375 0.7171875 0.0359375 0.10703125
3 0.4796875 0.7296875 0.0453125 0.1078125
5 0.253125 0.70078125 0.034375 0.09375
3 0.43671875 0.72265625 0.0375 0.1078125
13 0.74765625 0.46875 0.07890625 0.128125
5 0.27265625 0.85 0.03359375 0.12265625
16 0.55390625 0.8921875 0.028125 0.11328125
16 0.18671875 0.84609375 0.0453125 0.1203125
5 0.23359375 0.85390625 0.04296875 0.12578125
5 0.3078125 0.8546875 0.034375 0.12265625
4 0.71328125 0.7703125 0.05078125 0.11015625
4 0.6640625 0.7578125 0.0453125 0.11796875
21 0.346875 0.459375 0.04296875 0.09375