11 0.60234375 0.734375 0.0546875 0.16015625
8 0.65703125 0.3546875 0.0546875 0.15078125
8 0.60546875 0.353125 0.0453125 0.14375
8 0.52109375 0.353125 0.03828125 0.13515625
17 0.16875 0.47109375 0.0265625 0.096875
8 0.621875 0.54765625 0.06640625 0.15703125
11 0.43125 0.678125 0.0296875 0.13125
2 0.471875 0.52421875 0.03984375 0.1328125
8 0.56171875 0.353125 0.03984375 0.140625
11 0.4671875 0.690625 0.03828125 0.13984375
17 0.196875 0.475 0.0265625 0.09921875
8 0.48359375 0.353125 0.0359375 0.13125
17 0.2078125 0.3546875 0.02421875 0.0859375
17 0.16328125 0.35078125 0.02109375 0.08671875
2 0.3265625 0.35078125 0.0265625 0.1109375
8 0.44921875 0.35234375 0.03203125 0.12421875
2 0.35625 0.35234375 0.03046875 0.11328125
9 0.515625 0.53046875 0.04296875 0.1421875
17 0.184375 0.353125 0.02109375 0.084375
17 0.23046875 0.3546875 0.02109375 0.0890625
1 0.3015625 0.35078125 0.02265625 0.11015625
12 0.3984375 0.66640625 0.03203125 0.12578125
3 0.16796875 0.58828125 0.02421875 0.09765625
1 0.278125 0.35078125 0.02109375 0.10703125
11 0.50625 0.70234375 0.034375 0.14296875
0 0.3953125 0.5109375 0.0359375 0.12265625
0 0.25390625 0.3515625 0.02421875 0.1
18 0.22421875 0.4796875 0.0296875 0.10078125
17 0.1421875 0.3453125 0.02109375 0.0890625
0 0.3578125 0.503125 0.0375 0.1203125
3 0.19375 0.59609375 0.025 0.10234375
18 0.25625 0.484375 0.03046875 0.10390625
1 0.4328125 0.51875 0.0359375 0.12578125
8 0.734375 0.3578125 0.0921875 0.1546875
12 0.365625 0.65625 0.03046875 0.121875
10 0.3859375 0.35078125 0.028125 0.11796875
11 0.54375 0.715625 0.05625 0.15
10 0.41640625 0.35078125 0.03046875 0.121875