18 0.61171875 0.553125 0.04375 0.084375
17 0.553125 0.453125 0.034375 0.0859375
3 0.4421875 0.69375 0.034375 0.09609375
0 0.33125 0.32578125 0.04921875 0.12421875
8 0.5796875 0.15859375 0.03828125 0.11484375
8 0.384375 0.146875 0.0546875 0.1328125
8 0.43984375 0.14765625 0.05078125 0.134375
8 0.5390625 0.15703125 0.03828125 0.1171875
18 0.390625 0.4671875 0.04140625 0.0890625
1 0.43046875 0.321875 0.0453125 0.1171875
18 0.34609375 0.4703125 0.04375 0.08828125
8 0.49296875 0.14921875 0.04921875 0.13203125
17 0.63046875 0.45 0.0375 0.07265625
17 0.59140625 0.44921875 0.0375 0.0796875
18 0.29296875 0.4734375 0.053125 0.090625
0 0.2734375 0.3265625 0.0625 0.12421875
8 0.61875 0.16015625 0.0359375 0.11171875
17 0.565625 0.559375 0.04375 0.0859375
10 0.728125 0.16484375 0.03203125 0.1046875
10 0.69296875 0.16328125 0.034375 0.1078125
10 0.76171875 0.16484375 0.03359375 0.1046875
10 0.32890625 0.14375 0.05234375 0.13671875
2 0.59609375 0.32421875 0.03046875 0.09765625
17 0.51875 0.56484375 0.04375 0.08828125
8 0.65625 0.16171875 0.034375 0.109375
18 0.69765625 0.540625 0.03828125 0.08203125
3 0.47734375 0.68828125 0.03359375 0.09375
0 0.66171875 0.32109375 0.03046875 0.096875
18 0.73828125 0.5359375 0.03984375 0.08203125
10 0.26875 0.14140625 0.0625 0.1421875
4 0.615625 0.66015625 0.03203125 0.08984375
1 0.38203125 0.32265625 0.04765625 0.12109375
0 0.69375 0.3203125 0.03046875 0.09609375
18 0.65546875 0.5453125 0.03984375 0.08125
2 0.4765625 0.3203125 0.04375 0.11328125
3 0.54609375 0.67578125 0.034375 0.08984375
2 0.56171875 0.32421875 0.0359375 0.10078125
1 0.62890625 0.32265625 0.03203125 0.09765625
16 0.61640625 0.778125 0.03203125 0.0890625
2 0.52109375 0.3203125 0.04140625 0.11328125
4 0.58203125 0.6671875 0.03359375 0.08828125
4 0.64765625 0.65390625 0.03046875 0.0890625
16 0.54296875 0.8125 0.04296875 0.109375
3 0.51171875 0.6828125 0.03203125 0.08828125
6 0.73046875 0.31484375 0.03984375 0.10390625
16 0.71171875 0.76328125 0.03828125 0.09609375
5 0.40625 0.703125 0.034375 0.0921875
4 0.67890625 0.64921875 0.0296875 0.08828125
5 0.3703125 0.71328125 0.0359375 0.08515625
4 0.71171875 0.64609375 0.03203125 0.084375
16 0.65546875 0.77421875 0.04140625 0.0953125
13 0.68671875 0.43359375 0.03984375 0.090625
18 0.49453125 0.9703125 0.06171875 0.059375
17 0.515625 0.45625 0.03828125 0.0859375