3 0.5296875 0.7578125 0.053125 0.18984375
17 0.50859375 0.53125 0.06640625 0.1640625
17 0.44296875 0.52109375 0.06015625 0.1546875
8 0.8140625 0.3234375 0.1 0.21875
10 0.58515625 0.33515625 0.0703125 0.17421875
10 0.72578125 0.3328125 0.06953125 0.190625
3 0.48203125 0.73828125 0.0453125 0.18203125
3 0.58359375 0.7765625 0.0546875 0.19375
17 0.384375 0.51171875 0.053125 0.14609375
8 0.40546875 0.33984375 0.04765625 0.14296875
3 0.39765625 0.7078125 0.04375 0.171875
18 0.3296875 0.503125 0.05234375 0.1390625
5 0.640625 0.79765625 0.06171875 0.2046875
5 0.703125 0.82109375 0.0625 0.21171875
10 0.51875 0.33671875 0.05703125 0.16328125
10 0.65703125 0.33515625 0.06640625 0.18125
3 0.3578125 0.69375 0.0375 0.16328125
0 0.275 0.3453125 0.034375 0.115625
8 0.459375 0.33984375 0.05625 0.15
3 0.43984375 0.7234375 0.04296875 0.178125
18 0.278125 0.49765625 0.046875 0.128125
2 0.1703125 0.3390625 0.0296875 0.11328125
5 0.78671875 0.8421875 0.10546875 0.23203125
0 0.2375 0.34375 0.0375 0.11328125
8 0.31484375 0.34609375 0.04140625 0.1203125
3 0.32109375 0.6828125 0.0359375 0.15703125
1 0.2015625 0.340625 0.03046875 0.11484375
2 0.140625 0.3375 0.0265625 0.11171875
8 0.35703125 0.34375 0.04296875 0.12890625
17 0.21328125 0.490625 0.025 0.10625
17 0.23984375 0.49453125 0.028125 0.11171875
3 0.28828125 0.6703125 0.03203125 0.15
17 0.184375 0.48515625 0.0296875 0.103125
4 0.20234375 0.6453125 0.025 0.125
4 0.22734375 0.65234375 0.02421875 0.13203125
3 0.25625 0.66015625 0.03359375 0.14296875