17 0.43515625 0.4 0.03828125 0.11328125
17 0.47421875 0.3984375 0.034375 0.1046875
18 0.24296875 0.4203125 0.05703125 0.13984375
17 0.5796875 0.39375 0.02421875 0.07890625
17 0.55625 0.3953125 0.02109375 0.08203125
17 0.39453125 0.40390625 0.04140625 0.11796875
19 0.50703125 0.40078125 0.028125 0.08828125
18 0.3 0.41484375 0.053125 0.13203125
19 0.53359375 0.39765625 0.02265625 0.08515625
17 0.60234375 0.390625 0.02109375 0.07734375
18 0.35078125 0.409375 0.04375 0.125
8 0.7515625 0.36875 0.01484375 0.06796875
8 0.759375 0.36796875 0.01328125 0.0671875
8 0.8265625 0.36015625 0.015625 0.0609375
8 0.84609375 0.35859375 0.0109375 0.059375
8 0.7765625 0.36640625 0.01484375 0.0640625
8 0.76796875 0.3671875 0.015625 0.06484375
10 0.80859375 0.3625 0.01171875 0.06171875
10 0.79453125 0.36484375 0.0109375 0.06328125