16 0.2359375 0.76328125 0.0703125 0.1859375
4 0.37109375 0.7125 0.03984375 0.16328125
2 0.37265625 0.30546875 0.0703125 0.18203125
17 0.434375 0.503125 0.04140625 0.12734375
18 0.58828125 0.46796875 0.0296875 0.1140625
18 0.3890625 0.51328125 0.0453125 0.13671875
4 0.315625 0.7296875 0.06796875 0.175
18 0.55234375 0.47578125 0.03828125 0.11875
4 0.44609375 0.67890625 0.03359375 0.15234375
17 0.51171875 0.48671875 0.03828125 0.11484375
17 0.47421875 0.49453125 0.0359375 0.12109375
8 0.671875 0.32265625 0.02421875 0.103125
18 0.33671875 0.52265625 0.05625 0.14375
4 0.41015625 0.696875 0.0359375 0.15625
17 0.615625 0.46015625 0.0265625 0.1046875
3 0.56640625 0.62578125 0.02421875 0.12734375
8 0.5875 0.32421875 0.0296875 0.11484375
8 0.646875 0.32265625 0.02421875 0.10703125
8 0.61875 0.32265625 0.0296875 0.11171875
2 0.4328125 0.309375 0.046875 0.17109375
0 0.55390625 0.32265625 0.0359375 0.12265625
3 0.64921875 0.58828125 0.01875 0.1078125
17 0.64296875 0.453125 0.025 0.103125
3 0.58984375 0.6171875 0.02265625 0.12109375
4 0.4796875 0.66171875 0.03203125 0.14296875
3 0.5125 0.64921875 0.03203125 0.13984375
3 0.68828125 0.57265625 0.015625 0.1046875
3 0.61328125 0.60625 0.02265625 0.11484375
3 0.66953125 0.57890625 0.01875 0.103125
10 0.71640625 0.321875 0.0203125 0.09609375
3 0.54140625 0.63671875 0.025 0.1328125
10 0.6953125 0.321875 0.0203125 0.1
0 0.51640625 0.321875 0.0375 0.13125
17 0.6703125 0.44765625 0.025 0.096875
3 0.63203125 0.596875 0.01875 0.10703125
5 0.70703125 0.5625 0.02109375 0.10390625