11 0.5 0.5390625 0.04140625 0.13828125
6 0.303125 0.5734375 0.0640625 0.16484375
8 0.58671875 0.3765625 0.03828125 0.12109375
5 0.6078125 0.66953125 0.03203125 0.1328125
10 0.67734375 0.37421875 0.02421875 0.11015625
0 0.7484375 0.37421875 0.02109375 0.096875
6 0.3671875 0.56484375 0.05703125 0.1578125
10 0.61796875 0.515625 0.03203125 0.1203125
1 0.7703125 0.37265625 0.02109375 0.0953125
10 0.6234375 0.3765625 0.03046875 0.11484375
5 0.63671875 0.66171875 0.02421875 0.125
8 0.70859375 0.50234375 0.028125 0.10234375
10 0.58046875 0.52265625 0.03828125 0.125
10 0.65234375 0.375 0.02421875 0.11171875
10 0.65078125 0.5109375 0.0296875 0.11171875
1 0.7921875 0.3703125 0.01875 0.09609375
8 0.6796875 0.5078125 0.0265625 0.1046875
18 0.83125 0.478125 0.02265625 0.090625
11 0.540625 0.53125 0.0375 0.134375
2 0.73828125 0.49375 0.025 0.10390625
1 0.7640625 0.48984375 0.02421875 0.10078125
12 0.41875 0.5546875 0.03984375 0.146875
10 0.7015625 0.3734375 0.02421875 0.10625
0 0.725 0.3734375 0.02265625 0.10078125
22 0.13203125 0.61015625 0.08671875 0.178125
18 0.853125 0.47421875 0.01875 0.08828125
3 0.75078125 0.6203125 0.01875 0.1109375
0 0.80703125 0.4828125 0.02265625 0.0953125
17 0.88828125 0.3703125 0.01875 0.07890625
22 0.21796875 0.59453125 0.08125 0.17109375
17 0.9078125 0.36875 0.0171875 0.078125
12 0.45859375 0.54765625 0.0375 0.14296875
17 0.85078125 0.37265625 0.0171875 0.08125
17 0.86953125 0.37109375 0.0171875 0.0796875
5 0.66171875 0.65546875 0.02265625 0.11484375
18 0.8734375 0.4703125 0.01875 0.084375
0 0.7859375 0.48671875 0.01875 0.09765625
17 0.92578125 0.3671875 0.0171875 0.07734375
18 0.83125 0.3703125 0.0203125 0.08984375
1 0.81171875 0.3703125 0.01875 0.0953125
3 0.7125 0.634375 0.02109375 0.11484375
3 0.7359375 0.62265625 0.0171875 0.1109375
3 0.6875 0.6453125 0.025 0.11171875