17 0.30546875 0.23046875 0.07578125 0.17890625
3 0.35234375 0.6703125 0.0640625 0.1640625
2 0.62890625 0.23125 0.0296875 0.146875
17 0.37421875 0.2328125 0.05859375 0.16796875
5 0.4546875 0.628125 0.03984375 0.14765625
5 0.49296875 0.61484375 0.0359375 0.1390625
8 0.7296875 0.234375 0.02109375 0.12265625
17 0.43046875 0.234375 0.053125 0.1609375
17 0.48203125 0.23359375 0.0453125 0.1546875
0 0.675 0.39765625 0.0296875 0.12890625
0 0.52421875 0.22734375 0.0375 0.16015625
5 0.41015625 0.64921875 0.04765625 0.1578125
2 0.65703125 0.23203125 0.025 0.1390625
4 0.5296875 0.60234375 0.03359375 0.134375
10 0.6828125 0.23359375 0.02265625 0.1328125
10 0.70703125 0.23359375 0.02265625 0.128125
17 0.40390625 0.453125 0.05625 0.1703125
8 0.771875 0.2359375 0.01875 0.11484375
1 0.56171875 0.228125 0.0359375 0.15703125
8 0.7921875 0.23671875 0.01875 0.1109375
1 0.59765625 0.2296875 0.03046875 0.1546875
8 0.7515625 0.23515625 0.0203125 0.11875
8 0.8109375 0.23671875 0.015625 0.1078125
8 0.828125 0.2359375 0.0171875 0.1046875
17 0.33671875 0.4671875 0.0734375 0.1828125
1 0.703125 0.390625 0.025 0.12421875
18 0.4609375 0.4421875 0.05234375 0.16015625
8 0.84765625 0.23515625 0.0203125 0.10390625
2 0.728125 0.3890625 0.02265625 0.1171875
4 0.56328125 0.590625 0.03203125 0.12734375
10 0.77734375 0.378125 0.01875 0.10703125
0 0.6421875 0.403125 0.034375 0.1296875