8 0.465625 0.43828125 0.028125 0.125
8 0.4953125 0.41484375 0.028125 0.1203125
10 0.390625 0.51171875 0.0390625 0.1453125
10 0.43125 0.4734375 0.03671875 0.14296875
8 0.346875 0.54765625 0.04296875 0.15703125
8 0.29765625 0.584375 0.05390625 0.165625
18 0.60078125 0.15625 0.02734375 0.165625
17 0.48125 0.21796875 0.04375 0.19765625
8 0.52578125 0.39296875 0.02890625 0.125
4 0.35234375 0.79375 0.04609375 0.18125
17 0.525 0.19375 0.0390625 0.184375
18 0.565625 0.171875 0.03828125 0.175
3 0.39375 0.74765625 0.034375 0.1796875
3 0.4265625 0.71171875 0.02890625 0.1734375
2 0.559375 0.35703125 0.03125 0.11484375
17 0.428125 0.24765625 0.05703125 0.2078125
4 0.48046875 0.64375 0.02578125 0.16640625
3 0.4546875 0.675 0.025 0.16953125
0 0.58515625 0.34375 0.01796875 0.1078125
19 0.5640625 0.01484375 0.06171875 0.0296875