8 0.75234375 0.51484375 0.040625 0.20703125
8 0.66953125 0.4875 0.040625 0.2109375
10 0.796875 0.525 0.0453125 0.21875
8 0.628125 0.4796875 0.03828125 0.1984375
8 0.7109375 0.50625 0.03984375 0.2
10 0.8515625 0.53359375 0.0609375 0.23203125
2 0.42578125 0.4484375 0.01875 0.13984375
10 0.58984375 0.47265625 0.03515625 0.1890625
18 0.35390625 0.4421875 0.015625 0.10546875
10 0.52578125 0.4609375 0.028125 0.171875
18 0.371875 0.44296875 0.01796875 0.11171875
0 0.471875 0.45234375 0.025 0.15859375
10 0.55546875 0.46640625 0.02890625 0.1796875
1 0.446875 0.44765625 0.021875 0.1546875
18 0.3390625 0.43984375 0.01328125 0.10234375
0 0.49765625 0.45546875 0.02734375 0.16796875
17 0.31171875 0.4375 0.01328125 0.090625
17 0.32578125 0.43828125 0.01328125 0.09765625
0 0.4078125 0.44453125 0.01796875 0.13046875
16 0.44921875 0.62890625 0.0203125 0.15625
13 0.69140625 0.74765625 0.05390625 0.20703125
16 0.41328125 0.60859375 0.0203125 0.146875
17 0.29921875 0.43828125 0.01328125 0.08671875
17 0.28515625 0.434375 0.01171875 0.08515625
13 0.64140625 0.72421875 0.0421875 0.2
3 0.2046875 0.51640625 0.0109375 0.0921875
16 0.43125 0.6203125 0.01484375 0.14921875
16 0.3828125 0.59609375 0.021875 0.1359375
16 0.4703125 0.63984375 0.021875 0.1625
18 0.38984375 0.44296875 0.01484375 0.12265625
13 0.565625 0.68828125 0.02890625 0.190625
16 0.51171875 0.65703125 0.015625 0.16953125
17 0.234375 0.409375 0.01171875 0.1015625
3 0.2171875 0.52265625 0.01015625 0.0921875
18 0.50078125 0.22109375 0.03203125 0.21171875
22 0.459375 0.23046875 0.03984375 0.1984375
17 0.27421875 0.42578125 0.01328125 0.09296875