17 0.2703125 0.48828125 0.04375 0.14375
17 0.525 0.49609375 0.02890625 0.10546875
5 0.34296875 0.6578125 0.0296875 0.14765625
5 0.21328125 0.66796875 0.0328125 0.16015625
5 0.24765625 0.665625 0.03203125 0.15625
0 0.7625 0.4765625 0.025 0.1203125
0 0.6625 0.4828125 0.02265625 0.11328125
3 0.178125 0.67109375 0.0328125 0.1625
18 0.396875 0.4859375 0.03828125 0.1375
4 0.4046875 0.65234375 0.028125 0.14375
1 0.71015625 0.47734375 0.02421875 0.12265625
17 0.4953125 0.50234375 0.02890625 0.09609375
3 0.14375 0.675 0.034375 0.1640625
5 0.3125 0.6609375 0.0296875 0.14921875
18 0.5546875 0.49453125 0.02734375 0.10390625
18 0.5828125 0.49296875 0.02734375 0.10234375
4 0.4328125 0.65078125 0.02578125 0.13984375
2 0.6859375 0.4828125 0.02265625 0.11328125
10 0.9578125 0.4796875 0.01875 0.1
10 0.9390625 0.4796875 0.0171875 0.0984375
5 0.28046875 0.66328125 0.03203125 0.1546875
17 0.4328125 0.5046875 0.03125 0.1
4 0.37421875 0.6546875 0.0296875 0.14921875
0 0.73671875 0.47734375 0.02578125 0.12109375
3 0.103125 0.67734375 0.04375 0.165625
10 0.78828125 0.47578125 0.02265625 0.1171875
8 0.86015625 0.475 0.02265625 0.11328125
17 0.46484375 0.503125 0.0296875 0.0984375
10 0.83671875 0.47578125 0.021875 0.11328125
8 0.92109375 0.48046875 0.0171875 0.1
18 0.61171875 0.48828125 0.02734375 0.10390625
10 0.8125 0.47578125 0.02265625 0.11484375
8 0.8828125 0.47578125 0.0203125 0.1109375
8 0.90234375 0.48046875 0.01796875 0.1015625
4 0.459375 0.64765625 0.025 0.13828125
16 0.5671875 0.63515625 0.028125 0.1359375
16 0.67109375 0.62734375 0.02265625 0.13359375
1 0.63828125 0.48359375 0.02421875 0.11484375
16 0.5125 0.63984375 0.02734375 0.1359375
16 0.53984375 0.6375 0.02578125 0.1359375
16 0.4859375 0.6421875 0.025 0.13828125
16 0.69453125 0.62578125 0.021875 0.13203125
16 0.76015625 0.62109375 0.02109375 0.1296875
13 0.809375 0.6203125 0.02578125 0.125
16 0.64765625 0.62890625 0.02265625 0.1359375
8 0.70625 0.31171875 0.0359375 0.1453125
16 0.7171875 0.625 0.021875 0.13046875
13 0.78359375 0.62109375 0.021875 0.125
16 0.59765625 0.63125 0.028125 0.1359375
4 0.0328125 0.04921875 0.05625 0.0984375
16 0.73984375 0.621875 0.01875 0.1296875