5 0.575 0.584375 0.028125 0.11171875
17 0.653125 0.284375 0.03359375 0.096875
4 0.50390625 0.603125 0.04296875 0.12109375
18 0.2390625 0.66875 0.06953125 0.14296875
20 0.67734375 0.4203125 0.0359375 0.1140625
17 0.68828125 0.28359375 0.03359375 0.0953125
9 0.80234375 0.26875 0.025 0.10703125
2 0.74609375 0.40859375 0.03359375 0.1109375
17 0.61640625 0.2796875 0.0375 0.1109375
17 0.575 0.2796875 0.04296875 0.115625
4 0.54296875 0.59375 0.03359375 0.11875
2 0.7125 0.41171875 0.03046875 0.1140625
3 0.74375 0.53828125 0.02421875 0.096875
0 0.77578125 0.26875 0.025 0.11015625
17 0.53984375 0.440625 0.05078125 0.12890625
10 0.85703125 0.3921875 0.025 0.09921875
5 0.60625 0.57578125 0.03046875 0.11015625
5 0.6390625 0.56875 0.03203125 0.1078125
1 0.7765625 0.403125 0.025 0.109375
0 0.8046875 0.39921875 0.0265625 0.1046875
8 0.8703125 0.2671875 0.02109375 0.096875
18 0.490625 0.44921875 0.04375 0.13203125
17 0.45234375 0.615625 0.05859375 0.128125
12 0.85234375 0.509375 0.025 0.0859375
8 0.83125 0.3953125 0.02421875 0.10078125
3 0.71953125 0.54453125 0.02109375 0.09765625
8 0.89453125 0.26640625 0.02421875 0.09765625
9 0.82734375 0.26875 0.02265625 0.10390625
10 0.8828125 0.38984375 0.02109375 0.096875
18 0.3140625 0.65 0.0703125 0.140625
17 0.590625 0.434375 0.0453125 0.121875
2 0.7203125 0.2796875 0.028125 0.096875
10 0.84921875 0.2671875 0.0203125 0.1
18 0.3859375 0.63046875 0.06640625 0.13671875
1 0.74921875 0.275 0.028125 0.103125
5 0.6671875 0.56015625 0.02265625 0.1046875
3 0.69296875 0.55234375 0.0265625 0.10078125
3 0.7703125 0.53125 0.02421875 0.09609375
16 0.8078125 0.62734375 0.01875 0.0828125
12 0.8296875 0.5140625 0.0171875 0.0890625
16 0.828125 0.6203125 0.01875 0.07890625
18 0.528125 0.28125 0.0453125 0.11875
16 0.7828125 0.634375 0.028125 0.0859375
11 0.8125 0.51875 0.015625 0.090625
24 0.475 0.2703125 0.046875 0.146875
11 0.79296875 0.52421875 0.02109375 0.0921875