5 0.6203125 0.640625 0.034375 0.14296875
4 0.69296875 0.6796875 0.03828125 0.15703125
4 0.77578125 0.7203125 0.05078125 0.17578125
5 0.5328125 0.60078125 0.02421875 0.12578125
5 0.5875 0.6265625 0.0296875 0.13671875
5 0.55859375 0.609375 0.028125 0.13125
4 0.83828125 0.7453125 0.075 0.1859375
4 0.90703125 0.753125 0.0625 0.15234375
4 0.73203125 0.69765625 0.03984375 0.16875
5 0.65625 0.6578125 0.034375 0.14921875
3 0.5078125 0.58671875 0.02421875 0.1203125
3 0.43671875 0.553125 0.03359375 0.1078125
3 0.48515625 0.57734375 0.02265625 0.11484375
2 0.5453125 0.44765625 0.02421875 0.128125
2 0.57421875 0.453125 0.03203125 0.13125
0 0.634375 0.46796875 0.03359375 0.1390625
0 0.671875 0.47734375 0.03984375 0.14765625
0 0.4453125 0.41875 0.0203125 0.12109375
3 0.46328125 0.56484375 0.02265625 0.11015625
2 0.60546875 0.46328125 0.025 0.13671875
0 0.46953125 0.421875 0.028125 0.12578125
8 0.2921875 0.3796875 0.01328125 0.08203125
2 0.42265625 0.415625 0.02421875 0.11796875
8 0.28125 0.378125 0.0109375 0.07890625
1 0.49609375 0.43828125 0.02265625 0.12109375
1 0.5203125 0.44296875 0.02421875 0.125