8 0.7046875 0.790625 0.0578125 0.259375
1 0.53515625 0.45234375 0.03828125 0.19140625
0 0.43203125 0.4625 0.03125 0.16953125
10 0.76640625 0.803125 0.0609375 0.26796875
8 0.5765625 0.45078125 0.03984375 0.19765625
10 0.9046875 0.828125 0.071875 0.296875
10 0.7703125 0.4375 0.05390625 0.22421875
10 0.665625 0.44453125 0.04609375 0.2109375
8 0.6453125 0.778125 0.0546875 0.24765625
2 0.4515625 0.76328125 0.03828125 0.16640625
10 0.71640625 0.44140625 0.05078125 0.2171875
8 0.590625 0.775 0.05078125 0.22265625
8 0.61953125 0.446875 0.04296875 0.2046875
1 0.3421875 0.71953125 0.03125 0.18984375
1 0.4640625 0.4609375 0.03125 0.17421875
2 0.41328125 0.753125 0.03203125 0.16171875
10 0.83359375 0.81640625 0.0640625 0.2796875
1 0.37734375 0.7265625 0.03828125 0.1953125
1 0.4984375 0.45546875 0.034375 0.1859375
0 0.40234375 0.465625 0.0265625 0.165625
2 0.34453125 0.4625 0.0296875 0.16796875
0 0.37421875 0.46640625 0.028125 0.1625
0 0.49375 0.7703125 0.04375 0.1796875
0 0.540625 0.7765625 0.0453125 0.18984375
3 0.16953125 0.67734375 0.0171875 0.165625
3 0.1515625 0.6734375 0.0171875 0.16015625
4 0.084375 0.65703125 0.021875 0.1484375
3 0.13359375 0.66875 0.01640625 0.15859375
3 0.18828125 0.68125 0.01953125 0.171875
3 0.115625 0.6640625 0.01875 0.15625