5 0.32265625 0.87421875 0.046875 0.16328125
0 0.22109375 0.71796875 0.06796875 0.178125
8 0.56953125 0.2609375 0.03359375 0.14140625
0 0.2875 0.69609375 0.0609375 0.1671875
5 0.22109375 0.92109375 0.05625 0.15703125
0 0.34609375 0.67265625 0.05234375 0.153125
0 0.45078125 0.46328125 0.0375 0.1421875
2 0.18515625 0.50625 0.06484375 0.18828125
10 0.65703125 0.2703125 0.02578125 0.125
5 0.27421875 0.89921875 0.046875 0.16484375
1 0.3 0.2328125 0.05703125 0.203125
8 0.55703125 0.4484375 0.0296875 0.12421875
2 0.10625 0.51875 0.0859375 0.196875
1 0.35625 0.2390625 0.05234375 0.190625
8 0.603125 0.2640625 0.0296875 0.13671875
0 0.49921875 0.25078125 0.0390625 0.1609375
0 0.45703125 0.2484375 0.04296875 0.1671875
2 0.1578125 0.22421875 0.084375 0.22734375
1 0.31015625 0.48359375 0.05234375 0.17109375
8 0.525 0.453125 0.03125 0.12890625
0 0.40859375 0.2453125 0.05078125 0.175
1 0.2359375 0.228125 0.06796875 0.215625
10 0.70234375 0.27265625 0.025 0.11875
0 0.40625 0.471875 0.046875 0.1484375
0 0.4890625 0.621875 0.0375 0.13125
1 0.25078125 0.4953125 0.0625 0.17578125
8 0.61328125 0.440625 0.025 0.1125
8 0.53515625 0.25625 0.03125 0.15
0 0.48984375 0.4578125 0.0375 0.13671875
5 0.3703125 0.85 0.04453125 0.15234375
10 0.6640625 0.43125 0.0234375 0.1078125
8 0.63125 0.2671875 0.025 0.13125
0 0.52890625 0.6078125 0.0390625 0.128125
10 0.6796875 0.27109375 0.01953125 0.1234375
10 0.5640625 0.5921875 0.02734375 0.11875
10 0.6390625 0.4359375 0.0234375 0.1109375
0 0.14375 0.74921875 0.084375 0.1890625
0 0.446875 0.65546875 0.04296875 0.10234375
1 0.359375 0.478125 0.04296875 0.1609375
0 0.3984375 0.665625 0.04921875 0.12109375
8 0.58671875 0.4453125 0.02578125 0.11640625
10 0.6875 0.42890625 0.021875 0.10234375
18 0.7734375 0.4171875 0.01796875 0.08125
18 0.790625 0.41484375 0.0171875 0.0796875
18 0.85234375 0.40546875 0.015625 0.06953125
18 0.80859375 0.41171875 0.015625 0.075
18 0.75546875 0.4203125 0.0171875 0.08515625
18 0.8234375 0.409375 0.0140625 0.07109375
18 0.83828125 0.4078125 0.0140625 0.07109375
18 0.73359375 0.4234375 0.0234375 0.0875
10 0.5953125 0.58359375 0.0328125 0.115625
18 0.86953125 0.403125 0.0171875 0.06875
17 0.88984375 0.39921875 0.015625 0.065625
3 0.60234375 0.71875 0.0234375 0.125