8 0.6421875 0.35390625 0.04609375 0.22109375
1 0.55078125 0.3640625 0.040625 0.209375
8 0.59453125 0.3578125 0.04375 0.21328125
10 0.8640625 0.73671875 0.06875 0.2875
10 0.80546875 0.33828125 0.05625 0.24453125
8 0.66640625 0.7015625 0.0578125 0.2484375
10 0.79296875 0.7234375 0.06328125 0.275
10 0.746875 0.3453125 0.0546875 0.23828125
1 0.384375 0.65625 0.0390625 0.20078125
10 0.6921875 0.35 0.0484375 0.22890625
2 0.46171875 0.68984375 0.03984375 0.1734375
1 0.475 0.3734375 0.034375 0.18984375
0 0.50703125 0.69609375 0.04609375 0.18359375
8 0.728125 0.71171875 0.0609375 0.26015625
1 0.5109375 0.36875 0.0359375 0.20078125
0 0.55625 0.7046875 0.04765625 0.1875
0 0.378125 0.384375 0.0296875 0.1734375
3 0.146875 0.60625 0.01875 0.16640625
0 0.4078125 0.38125 0.028125 0.17578125
10 0.93828125 0.74765625 0.071875 0.30234375
8 0.60859375 0.70078125 0.053125 0.22265625
0 0.43984375 0.37890625 0.0328125 0.18203125
2 0.346875 0.38125 0.03125 0.17578125
1 0.346875 0.6484375 0.034375 0.19375
2 0.42265625 0.678125 0.03515625 0.17421875
4 0.07578125 0.59140625 0.0203125 0.15078125
3 0.16484375 0.60859375 0.01875 0.1703125
3 0.12734375 0.60234375 0.01875 0.1640625
4 0.09296875 0.59453125 0.01171875 0.1546875
3 0.10859375 0.59765625 0.01875 0.15859375
3 0.1859375 0.61328125 0.0203125 0.17578125
10 0.9875 0.11484375 0.025 0.228125