1 0.1578125 0.27890625 0.0640625 0.16875
1 0.21953125 0.28046875 0.053125 0.16328125
2 0.3265625 0.28671875 0.0453125 0.1484375
0 0.3734375 0.2875 0.04453125 0.13984375
16 0.32890625 0.82265625 0.04921875 0.1515625
2 0.275 0.284375 0.0546875 0.15625
8 0.50078125 0.29296875 0.03671875 0.125
8 0.51484375 0.45078125 0.0390625 0.1234375
16 0.475 0.753125 0.0484375 0.1328125
8 0.46171875 0.290625 0.0390625 0.13125
8 0.5546875 0.44609375 0.03671875 0.1203125
11 0.74375 0.4234375 0.0328125 0.11015625
16 0.51796875 0.74140625 0.03515625 0.13125
16 0.27890625 0.853125 0.04921875 0.1328125
6 0.3109375 0.4671875 0.0625 0.1609375
8 0.5359375 0.29375 0.0328125 0.12109375
10 0.5921875 0.44375 0.03359375 0.11875
12 0.6890625 0.29765625 0.03359375 0.1078125
16 0.58671875 0.7203125 0.0375 0.1203125
12 0.75390625 0.30078125 0.03125 0.09765625
11 0.6859375 0.428125 0.02890625 0.11328125
0 0.41875 0.28984375 0.04453125 0.134375
6 0.2453125 0.47578125 0.06484375 0.17109375
17 0.6796875 0.5515625 0.03359375 0.10078125
16 0.55234375 0.72890625 0.02890625 0.125
10 0.62578125 0.4390625 0.03125 0.1140625
17 0.640625 0.5609375 0.0390625 0.103125
6 0.16953125 0.4828125 0.08203125 0.18359375
11 0.71328125 0.42578125 0.025 0.1125
16 0.22421875 0.87421875 0.05859375 0.1390625
6 0.371875 0.4625 0.053125 0.14765625
17 0.7140625 0.54375 0.03359375 0.0953125
8 0.47109375 0.45546875 0.04296875 0.12890625
6 0.4234375 0.4640625 0.046875 0.13125
17 0.53828125 0.596875 0.0328125 0.090625
12 0.72265625 0.3015625 0.0296875 0.09765625
10 0.6015625 0.29609375 0.02890625 0.1140625
10 0.56953125 0.2953125 0.03125 0.11796875
10 0.63046875 0.29765625 0.025 0.1109375
17 0.60703125 0.5796875 0.025 0.08671875
17 0.57578125 0.5921875 0.03671875 0.0890625
10 0.65625 0.434375 0.02578125 0.10859375
10 0.6578125 0.29765625 0.02578125 0.10859375
16 0.415625 0.79765625 0.0484375 0.1265625
1 0.103125 0.28046875 0.04453125 0.1625
16 0.6578125 0.6859375 0.0390625 0.1078125