12 0.8375 0.26484375 0.03359375 0.1078125
6 0.36171875 0.44140625 0.0640625 0.1640625
2 0.31796875 0.253125 0.05703125 0.1625
16 0.384375 0.7984375 0.0484375 0.1515625
8 0.5953125 0.26015625 0.03671875 0.1296875
0 0.46875 0.25703125 0.046875 0.1421875
2 0.371875 0.2546875 0.04921875 0.1546875
16 0.2765625 0.84453125 0.0609375 0.1375
12 0.803125 0.26484375 0.03359375 0.10859375
16 0.5359375 0.73359375 0.05078125 0.13203125
8 0.575 0.425 0.04296875 0.1296875
11 0.8265625 0.3953125 0.0375 0.1125
1 0.19453125 0.2484375 0.06796875 0.175
1 0.259375 0.25078125 0.05703125 0.165625
6 0.215625 0.45703125 0.084375 0.184375
0 0.4203125 0.25625 0.0453125 0.14765625
8 0.55703125 0.259375 0.0375 0.1328125
11 0.76171875 0.40234375 0.0328125 0.1171875
16 0.58046875 0.721875 0.03671875 0.1328125
17 0.75546875 0.53203125 0.0375 0.10546875
12 0.7640625 0.26328125 0.0390625 0.115625
17 0.79453125 0.52265625 0.03671875 0.10078125
8 0.51484375 0.25859375 0.04296875 0.1390625
6 0.29375 0.44921875 0.06640625 0.1734375
10 0.69453125 0.41328125 0.03359375 0.11796875
16 0.6546875 0.70390625 0.040625 0.1234375
10 0.65859375 0.4171875 0.03671875 0.12109375
8 0.61875 0.4203125 0.040625 0.12421875
10 0.72890625 0.2625 0.02890625 0.11640625
17 0.7125 0.540625 0.04296875 0.109375
10 0.728125 0.40859375 0.0296875 0.115625
11 0.7921875 0.3984375 0.02890625 0.11640625
10 0.63203125 0.2609375 0.03359375 0.12578125
17 0.603125 0.57734375 0.03671875 0.0921875
8 0.52890625 0.43046875 0.0453125 0.1328125
6 0.478125 0.43828125 0.0484375 0.1359375
17 0.6421875 0.5734375 0.0390625 0.0890625
6 0.42421875 0.43828125 0.05625 0.1515625
10 0.7 0.2625 0.02890625 0.11796875
16 0.61640625 0.71171875 0.03125 0.128125
10 0.66796875 0.2609375 0.0328125 0.1234375
16 0.3328125 0.8265625 0.04921875 0.1328125
17 0.67578125 0.5609375 0.02734375 0.0890625
16 0.47265625 0.775 0.04921875 0.1265625
16 0.42890625 0.7875 0.03671875 0.125