3 0.32265625 0.7484375 0.0421875 0.19296875
10 0.203125 0.24609375 0.0484375 0.20546875
2 0.39140625 0.26015625 0.040625 0.1890625
11 0.39765625 0.49921875 0.04609375 0.20546875
2 0.4328125 0.2640625 0.03828125 0.1859375
1 0.509375 0.2703125 0.03515625 0.17421875
11 0.3453125 0.50078125 0.0546875 0.2109375
17 0.6375 0.2890625 0.03984375 0.1421875
8 0.290625 0.5109375 0.05078125 0.203125
5 0.1828125 0.77421875 0.05 0.203125
5 0.278125 0.75703125 0.04375 0.196875
10 0.253125 0.24921875 0.046875 0.20078125
0 0.3015625 0.25390625 0.0453125 0.19765625
3 0.44296875 0.7265625 0.0359375 0.17578125
17 0.6765625 0.28984375 0.03515625 0.1421875
8 0.2359375 0.5125 0.053125 0.20703125
5 0.13046875 0.78125 0.053125 0.20859375
13 0.5921875 0.271875 0.0421875 0.17578125
8 0.15 0.24140625 0.0515625 0.2109375
5 0.23203125 0.76484375 0.0453125 0.19765625
1 0.471875 0.26796875 0.0375 0.1796875
17 0.68671875 0.48984375 0.0375 0.1546875
17 0.72734375 0.48671875 0.03984375 0.15078125
12 0.49296875 0.49609375 0.0421875 0.1953125
16 0.54765625 0.7046875 0.03125 0.1703125
18 0.64765625 0.49296875 0.0375 0.1578125
16 0.809375 0.65859375 0.02265625 0.1484375
8 0.09453125 0.2359375 0.05390625 0.21640625
0 0.34765625 0.2578125 0.04296875 0.19140625
4 0.5140625 0.71328125 0.0328125 0.16953125
3 0.47890625 0.71953125 0.034375 0.17421875
18 0.609375 0.496875 0.0359375 0.1640625
17 0.7453125 0.30234375 0.03046875 0.11953125
12 0.44609375 0.4984375 0.046875 0.19765625
16 0.6125 0.6953125 0.03125 0.1625
13 0.5328125 0.49375 0.034375 0.18984375
17 0.71171875 0.3015625 0.0328125 0.12109375
16 0.784375 0.66171875 0.02421875 0.15
10 0.18046875 0.51640625 0.05390625 0.2171875
3 0.3640625 0.74140625 0.03828125 0.18515625
16 0.8328125 0.65546875 0.02265625 0.14296875
16 0.7578125 0.66640625 0.028125 0.15
16 0.87578125 0.6484375 0.02265625 0.13828125
16 0.85390625 0.65 0.01953125 0.1390625
13 0.57109375 0.490625 0.03828125 0.18515625
16 0.5796875 0.69921875 0.03125 0.16796875
13 0.5484375 0.271875 0.03984375 0.17578125