10 0.3265625 0.40390625 0.05078125 0.16796875
10 0.2515625 0.63828125 0.06015625 0.190625
8 0.45234375 0.58359375 0.04140625 0.14375
5 0.43515625 0.76015625 0.03125 0.1375
10 0.27265625 0.40078125 0.04921875 0.178125
11 0.0515625 0.371875 0.1015625 0.2828125
12 0.09296875 0.68046875 0.084375 0.23828125
8 0.37109375 0.40546875 0.03359375 0.15625
5 0.46484375 0.74375 0.02734375 0.12890625
8 0.40859375 0.40546875 0.0375 0.1515625
8 0.49140625 0.571875 0.03359375 0.1359375
8 0.4078125 0.5953125 0.04140625 0.153125
5 0.49375 0.7296875 0.02890625 0.1265625
12 0.02265625 0.703125 0.04453125 0.259375
2 0.609375 0.409375 0.01796875 0.10234375
1 0.553125 0.409375 0.0234375 0.11796875
2 0.62734375 0.4109375 0.0171875 0.09765625
6 0.45078125 0.39453125 0.04296875 0.165625
11 0.140625 0.38125 0.07421875 0.246875
6 0.49375 0.39375 0.04296875 0.1609375
11 0.2109375 0.38046875 0.06796875 0.2328125
1 0.61796875 0.53984375 0.03671875 0.10546875
2 0.5796875 0.54921875 0.021875 0.11015625
3 0.32421875 0.82265625 0.04296875 0.1578125
3 0.36484375 0.79765625 0.0328125 0.1453125
17 0.66953125 0.4171875 0.01953125 0.07734375
0 0.57421875 0.4109375 0.01796875 0.11328125
17 0.68984375 0.41796875 0.01953125 0.07421875
3 0.4 0.7796875 0.03671875 0.14453125
0 0.5921875 0.41015625 0.0171875 0.1078125
16 0.60625 0.6671875 0.025 0.09765625
18 0.7125 0.4171875 0.0171875 0.0703125
2 0.640625 0.4109375 0.0171875 0.0953125
16 0.63671875 0.65234375 0.025 0.09296875
12 0.1765625 0.6578125 0.078125 0.2171875
10 0.99375 0.1 0.01171875 0.19375
18 0.7296875 0.41796875 0.0171875 0.0671875
1 0.52890625 0.4109375 0.025 0.1171875
17 0.6515625 0.53203125 0.02578125 0.0953125