13 0.92265625 0.63515625 0.09375 0.30859375
1 0.68125 0.3234375 0.05078125 0.21875
5 0.35703125 0.77421875 0.028125 0.16640625
4 0.76328125 0.903125 0.0515625 0.19375
13 0.83359375 0.62578125 0.0765625 0.290625
2 0.5921875 0.33515625 0.03984375 0.20078125
4 0.7109375 0.8953125 0.05 0.209375
3 0.6609375 0.8875 0.046875 0.225
4 0.88125 0.91953125 0.0625 0.1609375
5 0.38359375 0.784375 0.02265625 0.16953125
2 0.5828125 0.60078125 0.0453125 0.21484375
4 0.81953125 0.9109375 0.05859375 0.178125
11 0.25625 0.36328125 0.03515625 0.14609375
2 0.63203125 0.609375 0.0515625 0.225
4 0.95234375 0.93046875 0.0734375 0.1390625
13 0.75625 0.615625 0.0703125 0.27109375
0 0.53828125 0.59453125 0.040625 0.20703125
2 0.68828125 0.61484375 0.05625 0.23828125
2 0.55390625 0.33984375 0.0328125 0.18984375
8 0.3140625 0.36015625 0.0234375 0.15234375
8 0.3875 0.571875 0.034375 0.17578125
5 0.4078125 0.796875 0.02734375 0.17734375
5 0.3078125 0.75625 0.0265625 0.15625
0 0.51796875 0.3421875 0.0359375 0.18515625
8 0.3390625 0.3578125 0.0234375 0.1546875
1 0.634375 0.32890625 0.040625 0.209375
8 0.35546875 0.56796875 0.0265625 0.1703125
12 0.26875 0.546875 0.02734375 0.1640625
0 0.49609375 0.5875 0.040625 0.196875
0 0.4484375 0.34765625 0.03046875 0.17421875
16 0.34453125 0.94453125 0.028125 0.1109375
8 0.32734375 0.5625 0.02734375 0.1640625
0 0.48125 0.34453125 0.034375 0.178125
8 0.2984375 0.5578125 0.028125 0.16015625
3 0.57421875 0.8609375 0.03828125 0.21875
13 0.8390625 0.29140625 0.08984375 0.2828125
13 0.934375 0.28125 0.09453125 0.29921875
3 0.43671875 0.8078125 0.028125 0.18359375
10 0.3640625 0.35625 0.02421875 0.15859375
17 0.109375 0.38203125 0.0140625 0.1015625
12 0.24375 0.54140625 0.02265625 0.16015625
8 0.28984375 0.36171875 0.025 0.15
17 0.13828125 0.384375 0.0171875 0.09765625
11 0.22109375 0.36484375 0.0296875 0.14453125
17 0.12265625 0.3828125 0.0125 0.1
17 0.0828125 0.38125 0.015625 0.10390625
5 0.33203125 0.765625 0.021875 0.16015625
3 0.5375 0.846875 0.034375 0.20703125
12 0.21953125 0.53828125 0.025 0.15625
17 0.1546875 0.384375 0.01484375 0.09765625
10 0.421875 0.578125 0.0328125 0.1859375
3 0.46953125 0.81953125 0.034375 0.19375
10 0.4578125 0.58359375 0.034375 0.19375
17 0.09609375 0.38203125 0.01171875 0.1
16 0.31953125 0.940625 0.0203125 0.11875
17 0.06640625 0.38125 0.0140625 0.10390625
17 0.0515625 0.38125 0.0140625 0.103125
3 0.503125 0.834375 0.03125 0.19765625
10 0.415625 0.35078125 0.03125 0.16640625
17 0.17265625 0.384375 0.01875 0.09921875
17 0.03828125 0.38125 0.0140625 0.10390625
16 0.371875 0.95078125 0.025 0.0984375
3 0.615625 0.87734375 0.040625 0.225