4 0.76015625 0.91328125 0.0515625 0.1734375
4 0.815625 0.92265625 0.059375 0.1546875
13 0.8359375 0.64921875 0.075 0.28515625
13 0.75859375 0.63828125 0.0703125 0.26796875
2 0.6 0.35390625 0.03984375 0.19765625
2 0.58515625 0.6171875 0.0453125 0.2125
3 0.6578125 0.8953125 0.046875 0.209375
5 0.40390625 0.80546875 0.02734375 0.18203125
13 0.9234375 0.66015625 0.09296875 0.30234375
3 0.50078125 0.84609375 0.0328125 0.19921875
16 0.33515625 0.94921875 0.028125 0.1015625
12 0.2671875 0.55234375 0.028125 0.165625
2 0.63515625 0.6265625 0.0515625 0.22421875
1 0.690625 0.3453125 0.05078125 0.21484375
3 0.571875 0.8765625 0.0390625 0.21640625
4 0.70859375 0.9046875 0.05078125 0.18984375
2 0.69140625 0.63359375 0.0578125 0.234375
2 0.56171875 0.35703125 0.034375 0.1875
11 0.25859375 0.36875 0.0359375 0.146875
5 0.35234375 0.7828125 0.0296875 0.16640625
8 0.35625 0.5765625 0.02734375 0.1703125
8 0.3875 0.58203125 0.0328125 0.17734375
0 0.4984375 0.6015625 0.03984375 0.19375
5 0.378125 0.79296875 0.02265625 0.16953125
0 0.525 0.359375 0.0375 0.18125
4 0.87890625 0.93125 0.0625 0.13671875
4 0.94765625 0.94296875 0.0734375 0.1140625
8 0.34453125 0.365625 0.0234375 0.15234375
0 0.4890625 0.36015625 0.034375 0.17578125
5 0.3015625 0.76328125 0.0265625 0.15625
3 0.465625 0.83203125 0.034375 0.19140625
8 0.32734375 0.5703125 0.028125 0.165625
0 0.540625 0.609375 0.0421875 0.203125
0 0.4546875 0.359375 0.03125 0.1734375
3 0.534375 0.8609375 0.03515625 0.2109375
8 0.31953125 0.36875 0.02421875 0.15
3 0.4328125 0.81953125 0.0296875 0.1859375
10 0.36875 0.365625 0.0234375 0.1578125
5 0.3265625 0.77265625 0.021875 0.1625
8 0.29765625 0.5640625 0.0296875 0.16171875
1 0.6421875 0.35 0.0421875 0.20859375
12 0.24140625 0.546875 0.02265625 0.16015625
8 0.29375 0.36875 0.025 0.146875
11 0.22421875 0.36875 0.03046875 0.14453125
13 0.940625 0.31640625 0.09296875 0.29140625
12 0.21640625 0.5421875 0.025 0.15390625
17 0.12109375 0.38203125 0.0140625 0.1
17 0.10703125 0.38125 0.01484375 0.1015625
17 0.1375 0.384375 0.0171875 0.09765625
13 0.84609375 0.32265625 0.08984375 0.2734375
16 0.36328125 0.95625 0.02734375 0.0875
17 0.1546875 0.3859375 0.015625 0.09765625
10 0.42265625 0.5875 0.03515625 0.1859375
10 0.46015625 0.5953125 0.034375 0.19296875
17 0.09375 0.38125 0.0125 0.1015625
17 0.07890625 0.37890625 0.01640625 0.10703125
17 0.04765625 0.37734375 0.015625 0.10546875
16 0.309375 0.9453125 0.02265625 0.109375
17 0.0625 0.37734375 0.01484375 0.10703125
17 0.0328125 0.3765625 0.0140625 0.10546875
17 0.17265625 0.3859375 0.01875 0.09921875
11 0.1953125 0.36875 0.02421875 0.13828125
3 0.6140625 0.88984375 0.040625 0.2203125