11 0.784375 0.68046875 0.0640625 0.24375
0 0.41953125 0.56328125 0.0296875 0.1703125
8 0.56484375 0.60859375 0.0453125 0.19765625
12 0.88359375 0.38828125 0.07734375 0.25234375
12 0.8078125 0.3828125 0.06640625 0.23984375
8 0.55859375 0.3640625 0.0359375 0.18984375
8 0.48203125 0.58515625 0.0328125 0.18359375
8 0.5203125 0.596875 0.03984375 0.19140625
8 0.48984375 0.3578125 0.03046875 0.17734375
1 0.3546875 0.34921875 0.02421875 0.15234375
11 0.715625 0.65703125 0.065625 0.23203125
10 0.596875 0.36640625 0.0390625 0.196875
0 0.38046875 0.35 0.025 0.1578125
2 0.36015625 0.54453125 0.021875 0.1578125
0 0.3875 0.55390625 0.03125 0.165625
1 0.33125 0.3484375 0.021875 0.15
2 0.28984375 0.3453125 0.02265625 0.140625
2 0.334375 0.53671875 0.028125 0.15390625
10 0.640625 0.36875 0.04375 0.20546875
2 0.3109375 0.34609375 0.01875 0.14453125
8 0.459375 0.35625 0.0296875 0.1734375
17 0.28046875 0.51484375 0.0265625 0.13515625
10 0.6125 0.6234375 0.046875 0.20703125
0 0.43046875 0.3546875 0.02734375 0.16796875
17 0.25390625 0.50859375 0.0234375 0.134375
8 0.52265625 0.3609375 0.0328125 0.18515625
8 0.45 0.57265625 0.0296875 0.17734375
10 0.68828125 0.3734375 0.04765625 0.21484375
17 0.23203125 0.3453125 0.021875 0.115625
2 0.30703125 0.5296875 0.02421875 0.15
17 0.2296875 0.5015625 0.021875 0.12890625
12 0.74296875 0.378125 0.059375 0.22890625
0 0.40546875 0.35234375 0.0234375 0.1625
2 0.26875 0.34296875 0.01875 0.134375
17 0.2078125 0.49453125 0.0203125 0.125
6 0.00703125 0.01953125 0.0140625 0.0390625
2 0.0296875 0.0171875 0.03125 0.034375
17 0.2515625 0.3453125 0.01640625 0.12109375