3 0.29609375 0.77109375 0.03984375 0.18515625
10 0.24453125 0.2984375 0.04296875 0.1859375
0 0.3328125 0.30703125 0.03984375 0.17578125
8 0.14765625 0.2875 0.04765625 0.1953125
11 0.3734375 0.5328125 0.04375 0.1953125
5 0.253125 0.7765625 0.040625 0.1890625
8 0.271875 0.5421875 0.04765625 0.19140625
5 0.1625 0.7890625 0.04765625 0.196875
0 0.28984375 0.30234375 0.04296875 0.18125
11 0.3234375 0.5328125 0.0515625 0.20078125
5 0.209375 0.7828125 0.04296875 0.19140625
3 0.44765625 0.74765625 0.0328125 0.16953125
10 0.19765625 0.29296875 0.0453125 0.18984375
4 0.48125 0.74140625 0.03203125 0.165625
8 0.09609375 0.2828125 0.0484375 0.20078125
5 0.11171875 0.79609375 0.05078125 0.20078125
17 0.6484375 0.5328125 0.0359375 0.146875
8 0.21953125 0.5421875 0.05 0.196875
1 0.4484375 0.3203125 0.03515625 0.16640625
2 0.41171875 0.315625 0.0359375 0.171875
2 0.3734375 0.31171875 0.03828125 0.17421875
1 0.48359375 0.32265625 0.03203125 0.1625
17 0.640625 0.3453125 0.03203125 0.13046875
16 0.7640625 0.696875 0.021875 0.1421875
17 0.7046875 0.359375 0.028125 0.1109375
12 0.4203125 0.53359375 0.0453125 0.1875
17 0.6046875 0.34375 0.03828125 0.134375
18 0.61171875 0.534375 0.03515625 0.15
17 0.6734375 0.35703125 0.03125 0.11171875
3 0.4125 0.7515625 0.03515625 0.1734375
10 0.165625 0.54375 0.0515625 0.203125
17 0.68671875 0.53125 0.0375 0.14296875
16 0.80703125 0.68984375 0.01953125 0.134375
18 0.575 0.5375 0.034375 0.15625
16 0.7859375 0.69375 0.02265625 0.13828125
16 0.5125 0.734375 0.03046875 0.1625
13 0.503125 0.53203125 0.034375 0.17734375
16 0.828125 0.6890625 0.02265625 0.12890625
16 0.7140625 0.703125 0.02734375 0.14453125
12 0.4640625 0.5328125 0.040625 0.18203125
13 0.56171875 0.328125 0.03984375 0.16015625
3 0.3359375 0.7640625 0.0375 0.1796875
16 0.575 0.7265625 0.03046875 0.1578125
16 0.740625 0.69921875 0.0234375 0.14296875
13 0.5390625 0.53046875 0.0359375 0.17578125
16 0.54375 0.7296875 0.03046875 0.1625
13 0.5203125 0.32578125 0.03828125 0.16015625