11 0.18359375 0.39296875 0.08828125 0.228125
8 0.51640625 0.56875 0.0375 0.12578125
10 0.4078125 0.4125 0.04296875 0.14453125
8 0.478125 0.41171875 0.0328125 0.134375
12 0.05625 0.68828125 0.10390625 0.234375
5 0.4984375 0.7265625 0.02734375 0.121875
5 0.525 0.71484375 0.025 0.115625
10 0.36328125 0.4125 0.04140625 0.1515625
8 0.4765625 0.57734375 0.03671875 0.1328125
12 0.146875 0.665625 0.07265625 0.20390625
10 0.34453125 0.615625 0.04921875 0.16015625
12 0.21953125 0.646875 0.06484375 0.19453125
8 0.44609375 0.4125 0.0296875 0.1390625
8 0.5515625 0.5609375 0.0296875 0.121875
12 0.28515625 0.62890625 0.0609375 0.1796875
5 0.553125 0.7015625 0.02890625 0.1140625
2 0.68125 0.41015625 0.01953125 0.0921875
2 0.6328125 0.53984375 0.025 0.10546875
1 0.66640625 0.53046875 0.03515625 0.09765625
0 0.6453125 0.41015625 0.0171875 0.10078125
11 0.259375 0.39765625 0.05625 0.20625
2 0.6625 0.409375 0.01796875 0.09765625
6 0.55390625 0.4 0.0375 0.14453125
17 0.72109375 0.41484375 0.02109375 0.07421875
1 0.609375 0.4109375 0.0234375 0.109375
0 0.63046875 0.4109375 0.01953125 0.103125
6 0.515625 0.4015625 0.0375 0.146875
17 0.740625 0.41484375 0.015625 0.06953125
2 0.6953125 0.41015625 0.0140625 0.08984375
11 0.3140625 0.39765625 0.053125 0.19453125
16 0.66015625 0.64765625 0.02890625 0.09296875
16 0.68828125 0.6359375 0.021875 0.08984375
3 0.43671875 0.75703125 0.02734375 0.1265625
3 0.403125 0.775 0.03671875 0.14140625
18 0.78203125 0.41328125 0.0171875 0.06328125
17 0.9890625 0.0671875 0.021875 0.1171875
1 0.58515625 0.40859375 0.025 0.115625