1 0.37578125 0.1859375 0.05703125 0.215625
1 0.31328125 0.178125 0.0640625 0.23125
8 0.6078125 0.2125 0.03671875 0.1609375
8 0.64296875 0.21796875 0.03125 0.15234375
2 0.19375 0.48125 0.071875 0.203125
1 0.24296875 0.16953125 0.07421875 0.246875
5 0.296875 0.8859375 0.0484375 0.165625
0 0.53203125 0.2015625 0.04140625 0.1828125
0 0.36953125 0.65546875 0.0546875 0.15703125
5 0.346875 0.859375 0.0484375 0.1640625
0 0.4859375 0.19921875 0.0453125 0.18671875
0 0.43359375 0.19375 0.05625 0.196875
1 0.26484375 0.46796875 0.06640625 0.190625
1 0.32890625 0.45703125 0.05703125 0.18125
8 0.59140625 0.4203125 0.03125 0.1328125
8 0.5703125 0.20703125 0.03515625 0.17109375
0 0.42421875 0.6484375 0.05078125 0.1203125
2 0.1046875 0.49296875 0.1 0.21796875
0 0.3078125 0.6765625 0.06484375 0.17109375
8 0.55859375 0.425 0.0328125 0.1375
0 0.23828125 0.70546875 0.0703125 0.18359375
0 0.1578125 0.734375 0.0859375 0.1953125
0 0.43125 0.44375 0.05078125 0.1625
0 0.56015625 0.5875 0.040625 0.13203125
0 0.51875 0.6 0.0390625 0.1359375
5 0.24296875 0.915625 0.05703125 0.16875
1 0.38203125 0.45 0.04453125 0.1734375
0 0.478125 0.4359375 0.0390625 0.15234375
8 0.6734375 0.22265625 0.02734375 0.14375
8 0.65078125 0.41328125 0.02578125 0.11875
2 0.15390625 0.16328125 0.09921875 0.25625
8 0.62265625 0.415625 0.02890625 0.1265625
10 0.678125 0.40703125 0.025 0.1171875
10 0.725 0.22734375 0.02109375 0.13359375
10 0.70390625 0.4015625 0.02578125 0.115625
10 0.7015625 0.22421875 0.02578125 0.14140625
10 0.7484375 0.22890625 0.02578125 0.12890625
0 0.475 0.6390625 0.04453125 0.0984375
18 0.8828125 0.3765625 0.015625 0.0765625
18 0.8515625 0.38125 0.015625 0.08203125
0 0.5203125 0.43046875 0.04140625 0.14453125
5 0.396875 0.8328125 0.0453125 0.15703125
18 0.8375 0.38359375 0.0171875 0.08203125
18 0.81640625 0.3875 0.01953125 0.0875
10 0.5953125 0.571875 0.02734375 0.12421875
18 0.89921875 0.37578125 0.0171875 0.07421875
10 0.728125 0.39921875 0.021875 0.11015625
18 0.7984375 0.38984375 0.0171875 0.090625
10 0.628125 0.56328125 0.03359375 0.11875
5 0.4359375 0.8078125 0.0328125 0.14921875
18 0.91875 0.37109375 0.0171875 0.07421875
18 0.77734375 0.39296875 0.0234375 0.09453125
18 0.8703125 0.378125 0.0140625 0.0765625
18 0.99140625 0.3640625 0.0140625 0.053125
17 0.93984375 0.36796875 0.0171875 0.06953125
18 0.9078125 0.3734375 0.01328125 0.0734375
18 0.98359375 0.3640625 0.01171875 0.0546875
18 0.75390625 0.39375 0.0234375 0.0984375