12 0.74140625 0.40546875 0.0640625 0.240625
11 0.728125 0.70625 0.06640625 0.24765625
11 0.6578125 0.6890625 0.065625 0.234375
10 0.52578125 0.396875 0.040625 0.2015625
8 0.41328125 0.3921875 0.03203125 0.1859375
8 0.48515625 0.3953125 0.03828125 0.196875
2 0.22265625 0.57734375 0.0265625 0.15625
12 0.6765625 0.403125 0.0609375 0.23046875
8 0.44765625 0.39296875 0.03515625 0.19140625
8 0.5015625 0.646875 0.04609375 0.2046875
2 0.253125 0.584375 0.03125 0.16171875
10 0.55 0.65859375 0.046875 0.21484375
0 0.3484375 0.3890625 0.03046875 0.1734375
2 0.28125 0.590625 0.0234375 0.16640625
8 0.41328125 0.6265625 0.0359375 0.19140625
10 0.57109375 0.39765625 0.04375 0.209375
8 0.38046875 0.38984375 0.03046875 0.1796875
8 0.4546875 0.63671875 0.04296875 0.19765625
10 0.6203125 0.4 0.0484375 0.2171875
2 0.2203125 0.38515625 0.021875 0.15078125
17 0.1359375 0.553125 0.0234375 0.13671875
17 0.1921875 0.5640625 0.03046875 0.14453125
0 0.3109375 0.5984375 0.034375 0.1734375
1 0.26875 0.3875 0.025 0.15859375
0 0.3453125 0.60703125 0.03125 0.17734375
8 0.378125 0.615625 0.03125 0.1859375
0 0.296875 0.38828125 0.028125 0.1640625
12 0.815625 0.40859375 0.0765625 0.2515625
17 0.134375 0.38671875 0.02265625 0.12109375
17 0.15546875 0.38671875 0.0171875 0.1265625
2 0.196875 0.384375 0.02421875 0.14609375
17 0.1625 0.559375 0.0265625 0.1421875
1 0.24375 0.38671875 0.0234375 0.1546875
2 0.175 0.38359375 0.01953125 0.1421875
0 0.3234375 0.3890625 0.02265625 0.1703125
17 0.11171875 0.546875 0.021875 0.13125