12 0.803125 0.7828125 0.078125 0.30703125
11 0.88125 0.42109375 0.1046875 0.30234375
12 0.88828125 0.80234375 0.084375 0.3125
11 0.7765625 0.42265625 0.09375 0.27890625
12 0.6546875 0.740625 0.06875 0.2734375
10 0.5265625 0.434375 0.0375 0.2109375
8 0.4890625 0.43515625 0.03515625 0.203125
2 0.24296875 0.4375 0.021875 0.15078125
8 0.453125 0.434375 0.034375 0.19375
10 0.5609375 0.7140625 0.05390625 0.240625
8 0.425 0.6890625 0.03828125 0.19375
10 0.56875 0.43203125 0.04296875 0.22109375
10 0.6171875 0.43046875 0.05078125 0.23203125
2 0.26484375 0.4375 0.0203125 0.1546875
10 0.50859375 0.70390625 0.04609375 0.23203125
11 0.69609375 0.42578125 0.0625 0.2578125
2 0.3109375 0.4359375 0.025 0.165625
2 0.26640625 0.64765625 0.02421875 0.15390625
12 0.72578125 0.759375 0.0671875 0.28671875
10 0.4640625 0.69375 0.0390625 0.21640625
8 0.41953125 0.43515625 0.03046875 0.1890625
8 0.3875 0.68046875 0.034375 0.178125
0 0.36171875 0.43671875 0.025 0.17734375
0 0.3546875 0.6625 0.0296875 0.19375
2 0.2859375 0.4375 0.0203125 0.16015625
0 0.3359375 0.4375 0.0234375 0.1703125
0 0.3890625 0.4359375 0.02734375 0.18125
0 0.325 0.65234375 0.028125 0.1859375
0 0.29453125 0.65 0.0296875 0.1734375
6 0.2203125 0.62578125 0.0234375 0.165625
2 0.24296875 0.6375 0.021875 0.15625
17 0.115625 0.4546875 0.0171875 0.1
17 0.09921875 0.4515625 0.0140625 0.10390625
17 0.08359375 0.45078125 0.01640625 0.103125
17 0.1328125 0.4546875 0.01640625 0.09921875
6 0.19375 0.61953125 0.02421875 0.16015625
18 0.03984375 0.58515625 0.0140625 0.109375
18 0.05390625 0.58984375 0.015625 0.11328125
18 0.025 0.58125 0.01484375 0.10703125