12 0.65703125 0.72578125 0.065625 0.2578125
11 0.86953125 0.42578125 0.09765625 0.28359375
10 0.47578125 0.67890625 0.0375 0.20703125
8 0.4984375 0.434375 0.034375 0.1953125
8 0.4640625 0.434375 0.0328125 0.1875
2 0.259375 0.434375 0.0203125 0.14609375
11 0.77265625 0.4265625 0.08671875 0.26171875
12 0.79609375 0.76328125 0.0734375 0.28515625
10 0.51875 0.690625 0.04296875 0.2171875
2 0.28515625 0.634375 0.0234375 0.15234375
12 0.7234375 0.74296875 0.0625 0.265625
2 0.325 0.434375 0.02421875 0.1625
11 0.69609375 0.428125 0.0609375 0.24375
10 0.56796875 0.6984375 0.05 0.225
10 0.6203125 0.43046875 0.046875 0.22109375
10 0.5734375 0.43203125 0.040625 0.2125
8 0.4375 0.6734375 0.0359375 0.1875
0 0.31171875 0.640625 0.028125 0.16171875
12 0.8765625 0.78046875 0.0796875 0.2953125
2 0.2625 0.62421875 0.0203125 0.1578125
0 0.3703125 0.6515625 0.028125 0.18359375
8 0.43125 0.434375 0.03046875 0.18359375
0 0.37421875 0.43359375 0.025 0.16953125
10 0.534375 0.4328125 0.0359375 0.2046875
2 0.3015625 0.43515625 0.01953125 0.1546875
0 0.4015625 0.434375 0.0265625 0.17578125
0 0.34140625 0.6421875 0.028125 0.17578125
8 0.4015625 0.6625 0.03203125 0.178125
0 0.35 0.43359375 0.0234375 0.1625
2 0.28046875 0.43359375 0.0203125 0.15078125
17 0.1328125 0.4484375 0.01640625 0.09765625
17 0.15078125 0.45078125 0.0171875 0.09765625
6 0.2390625 0.615625 0.021875 0.15859375
17 0.11796875 0.4453125 0.0140625 0.1015625
17 0.1015625 0.4453125 0.0171875 0.1
18 0.06015625 0.57421875 0.0125 0.1078125
6 0.2140625 0.609375 0.0265625 0.1546875
18 0.075 0.5796875 0.015625 0.11171875
18 0.0921875 0.58359375 0.015625 0.115625
17 0.10859375 0.5859375 0.01640625 0.11953125