11 0.73359375 0.3796875 0.046875 0.13203125
18 0.48515625 0.72265625 0.05859375 0.11875
2 0.35546875 0.1953125 0.05703125 0.1390625
18 0.45 0.55703125 0.04765625 0.09921875
17 0.68515625 0.715625 0.06953125 0.12421875
5 0.58203125 0.88515625 0.04140625 0.128125
1 0.51484375 0.2046875 0.0453125 0.12265625
2 0.29609375 0.19296875 0.05703125 0.1390625
17 0.19140625 0.56171875 0.05234375 0.0859375
4 0.49765625 0.884375 0.04140625 0.128125
5 0.79140625 0.88125 0.04140625 0.12578125
17 0.42421875 0.72265625 0.05625 0.1171875
24 0.30625 0.72890625 0.05234375 0.11171875
18 0.5484375 0.72265625 0.05859375 0.11484375
18 0.34921875 0.5578125 0.04765625 0.09765625
2 0.41484375 0.196875 0.05625 0.1359375
18 0.39921875 0.55625 0.04765625 0.09921875
5 0.8375 0.8828125 0.04765625 0.12578125
10 0.49609375 0.38671875 0.04296875 0.11328125
10 0.40625 0.38515625 0.04140625 0.1140625
8 0.35703125 0.378125 0.053125 0.12734375
12 0.884375 0.3796875 0.0546875 0.134375
2 0.56171875 0.20625 0.046875 0.12421875
10 0.12734375 0.37265625 0.0546875 0.12890625
1 0.17734375 0.18828125 0.05625 0.13671875
17 0.85546875 0.559375 0.04765625 0.09609375
5 0.70703125 0.8828125 0.03828125 0.12578125
10 0.184375 0.37421875 0.0546875 0.128125
17 0.2453125 0.56171875 0.05078125 0.08828125
17 0.69921875 0.5578125 0.05078125 0.0953125
17 0.646875 0.55390625 0.04375 0.09375
1 0.23671875 0.190625 0.05703125 0.13828125
3 0.2359375 0.8890625 0.04296875 0.1296875
10 0.2421875 0.37578125 0.0546875 0.12734375
17 0.54921875 0.55859375 0.046875 0.096875
17 0.82890625 0.71640625 0.06015625 0.12265625
18 0.5 0.5578125 0.046875 0.1
17 0.13828125 0.56171875 0.04765625 0.08671875
17 0.80546875 0.559375 0.046875 0.09609375
8 0.3 0.37734375 0.05625 0.12734375
12 0.78359375 0.37890625 0.04921875 0.134375
0 0.1171875 0.18671875 0.06015625 0.13828125
12 0.83203125 0.37890625 0.046875 0.134375
5 0.7484375 0.8828125 0.04140625 0.12578125
2 0.65390625 0.20703125 0.04296875 0.12578125
1 0.46796875 0.20390625 0.0453125 0.12421875
5 0.5390625 0.88515625 0.03984375 0.12890625
8 0.6296875 0.38828125 0.04140625 0.11484375
8 0.54140625 0.38828125 0.04296875 0.11328125
17 0.3640625 0.725 0.05703125 0.11875
6 0.903125 0.203125 0.06171875 0.13984375
4 0.3671875 0.8875 0.04140625 0.12734375
6 0.75703125 0.1984375 0.05234375 0.14375
17 0.753125 0.55859375 0.05078125 0.09609375
24 0.2515625 0.728125 0.05078125 0.1109375
5 0.66640625 0.88515625 0.03984375 0.128125
11 0.68046875 0.3796875 0.05625 0.1328125
2 0.61015625 0.20625 0.04375 0.125
17 0.76171875 0.71875 0.06640625 0.12421875
5 0.625 0.88671875 0.03984375 0.12890625
4 0.45390625 0.88515625 0.04140625 0.12890625
17 0.6140625 0.7171875 0.065625 0.12421875
3 0.14765625 0.88671875 0.04375 0.1296875
17 0.59921875 0.5578125 0.046875 0.09609375
8 0.58671875 0.3875 0.04296875 0.11171875
10 0.45078125 0.3859375 0.04296875 0.1140625
24 0.19609375 0.72734375 0.05078125 0.1109375
3 0.1921875 0.88828125 0.04140625 0.1296875
6 0.70234375 0.1984375 0.05234375 0.1421875
6 0.85 0.2015625 0.04296875 0.13984375
17 0.29765625 0.56171875 0.04765625 0.0890625
6 0.80625 0.19921875 0.0453125 0.1421875
4 0.32421875 0.88671875 0.04140625 0.128125
4 0.4109375 0.8875 0.04140625 0.12734375
24 0.13828125 0.73125 0.0546875 0.11171875
3 0.28046875 0.8875 0.04296875 0.13125
16 0.91796875 0.88046875 0.04765625 0.12734375