0 0.134375 0.5203125 0.0828125 0.3015625
17 0.85078125 0.70625 0.053125 0.16953125
5 0.51875 0.81015625 0.04296875 0.24921875
10 0.36171875 0.1375 0.05703125 0.275
2 0.48359375 0.47578125 0.05625 0.2546875
2 0.53984375 0.46953125 0.05078125 0.24375
0 0.215625 0.51171875 0.075 0.290625
8 0.47421875 0.1390625 0.05234375 0.26953125
8 0.771875 0.14453125 0.04375 0.24375
0 0.58828125 0.4734375 0.0421875 0.21171875
8 0.52578125 0.14296875 0.046875 0.26015625
8 0.57421875 0.14609375 0.04765625 0.253125
10 0.16171875 0.1375 0.0703125 0.275
17 0.69765625 0.771875 0.0328125 0.15703125
2 0.74375 0.45078125 0.03203125 0.19765625
18 0.7734375 0.75 0.040625 0.146875
10 0.62734375 0.1375 0.05078125 0.26796875
2 0.42265625 0.484375 0.0609375 0.26171875
10 0.23359375 0.1375 0.065625 0.275
10 0.678125 0.1390625 0.04609375 0.26015625
1 0.3578125 0.49140625 0.06484375 0.265625
5 0.37734375 0.8671875 0.05 0.265625
10 0.72578125 0.14140625 0.04375 0.253125
0 0.63046875 0.465625 0.03984375 0.21171875
5 0.4734375 0.825 0.04375 0.25625
10 0.08515625 0.13828125 0.07734375 0.27578125
18 0.73359375 0.759375 0.034375 0.15078125
8 0.41875 0.13828125 0.05390625 0.2734375
1 0.28984375 0.49765625 0.0671875 0.275
5 0.26484375 0.88359375 0.0578125 0.2328125
1 0.709375 0.45625 0.03515625 0.20234375
8 0.81328125 0.14609375 0.0359375 0.2359375
10 0.3 0.13828125 0.0609375 0.27578125
5 0.3234375 0.8734375 0.053125 0.253125
5 0.20546875 0.89140625 0.059375 0.2171875
8 0.85390625 0.14921875 0.0421875 0.23359375
5 0.42734375 0.8453125 0.0453125 0.26640625
1 0.67109375 0.4609375 0.0390625 0.20703125
2 0.77890625 0.44609375 0.0359375 0.19453125
2 0.84453125 0.4359375 0.03125 0.184375
24 0.61328125 0.8 0.04375 0.15625
24 0.65859375 0.79140625 0.03984375 0.15703125
2 0.81328125 0.44140625 0.0296875 0.18828125
8 0.89375 0.159375 0.03515625 0.2078125
2 0.87421875 0.434375 0.02734375 0.1734375