19 0.65703125 0.51640625 0.0703125 0.24140625
1 0.7171875 0.53515625 0.04609375 0.20703125
8 0.28046875 0.20859375 0.05078125 0.23046875
8 0.2265625 0.2046875 0.053125 0.23203125
2 0.77265625 0.24140625 0.046875 0.2203125
8 0.1890625 0.509375 0.06171875 0.24375
1 0.76328125 0.53828125 0.0453125 0.20546875
2 0.86484375 0.24765625 0.0453125 0.2171875
17 0.61640625 0.25703125 0.05390625 0.171875
8 0.334375 0.21171875 0.05234375 0.2296875
10 0.0578125 0.19296875 0.05625 0.2375
8 0.315625 0.51328125 0.06015625 0.24296875
2 0.72421875 0.23828125 0.04609375 0.22421875
17 0.3828125 0.51953125 0.0671875 0.2359375
1 0.85234375 0.53984375 0.0421875 0.2015625
8 0.17109375 0.20078125 0.053125 0.2359375
17 0.44921875 0.234375 0.05625 0.2
17 0.390625 0.23046875 0.0546875 0.1984375
10 0.11484375 0.19609375 0.05390625 0.2359375
1 0.8078125 0.53828125 0.0421875 0.2015625
17 0.45234375 0.5203125 0.065625 0.23203125
10 0.05703125 0.50703125 0.0609375 0.253125
2 0.9109375 0.246875 0.0453125 0.2203125
17 0.67265625 0.2609375 0.053125 0.16953125
10 0.121875 0.50859375 0.0640625 0.24921875
8 0.25234375 0.51171875 0.0609375 0.2453125
18 0.5203125 0.5234375 0.0640625 0.2296875
2 0.81953125 0.24375 0.04296875 0.21875
18 0.58671875 0.52421875 0.06328125 0.2265625
1 0.896875 0.5390625 0.04609375 0.2
18 0.50546875 0.23828125 0.05234375 0.19765625
18 0.5609375 0.2421875 0.053125 0.19609375
11 0.00859375 0.17109375 0.0171875 0.2734375
4 0.07421875 0.9875 0.06171875 0.025
18 0.990625 0.78984375 0.01796875 0.16796875
4 0.13828125 0.98671875 0.065625 0.0265625