8 0.41796875 0.6140625 0.05703125 0.175
8 0.35546875 0.62265625 0.0640625 0.1859375
10 0.31796875 0.346875 0.053125 0.17578125
5 0.68828125 0.73828125 0.028125 0.140625
8 0.47421875 0.603125 0.05234375 0.16796875
18 0.58359375 0.58671875 0.04921875 0.14921875
11 0.2515625 0.0828125 0.07890625 0.165625
17 0.5296875 0.59453125 0.0546875 0.1609375
10 0.2578125 0.34296875 0.0625 0.18203125
8 0.475 0.35703125 0.04765625 0.15234375
8 0.37421875 0.3515625 0.05625 0.16484375
8 0.4265625 0.3546875 0.046875 0.15703125
11 0.4421875 0.1078125 0.05859375 0.19375
18 0.61484375 0.37421875 0.03828125 0.121875
18 0.5703125 0.37265625 0.0453125 0.125
16 0.28671875 0.8796875 0.07578125 0.21484375
2 0.67265625 0.571875 0.03828125 0.13671875
11 0.325 0.08984375 0.06171875 0.1796875
16 0.41171875 0.83671875 0.04921875 0.19765625
3 0.74296875 0.71796875 0.03046875 0.12890625
16 0.4625 0.8203125 0.05078125 0.18828125
0 0.6484375 0.371875 0.028125 0.125
8 0.28359375 0.6296875 0.075 0.1953125
16 0.509375 0.803125 0.04296875 0.18125
3 0.715625 0.72578125 0.02265625 0.1359375
0 0.678125 0.37265625 0.0296875 0.12421875
18 0.63046875 0.57890625 0.04296875 0.13984375
0 0.7078125 0.56484375 0.03046875 0.13203125
17 0.5234375 0.3703125 0.0453125 0.12890625
16 0.55234375 0.78828125 0.04140625 0.16875
16 0.59375 0.775 0.04140625 0.1640625
16 0.35625 0.85859375 0.06171875 0.20703125
0 0.70859375 0.37421875 0.03046875 0.12109375
12 0.59921875 0.15078125 0.0453125 0.17265625
16 0.63203125 0.7609375 0.034375 0.15625
17 0.68046875 0.209375 0.04140625 0.09296875
11 0.38515625 0.09765625 0.05078125 0.19375
0 0.740625 0.56015625 0.034375 0.125
11 0.00703125 0.33828125 0.01328125 0.1578125
5 0.66171875 0.74921875 0.025 0.14765625
18 0.9296875 0.96953125 0.084375 0.0609375
9 0.9484375 0.54453125 0.01875 0.0953125