1 0.29765625 0.47421875 0.0609375 0.2546875
5 0.51484375 0.76171875 0.0421875 0.23046875
2 0.47890625 0.4546875 0.053125 0.2359375
2 0.421875 0.46171875 0.0578125 0.2453125
10 0.3609375 0.13671875 0.053125 0.265625
10 0.24140625 0.1359375 0.0609375 0.271875
10 0.1765625 0.13671875 0.0640625 0.2734375
17 0.68671875 0.73203125 0.03203125 0.146875
8 0.76171875 0.13359375 0.04375 0.23984375
0 0.15625 0.49375 0.075 0.275
18 0.76171875 0.7125 0.0390625 0.13828125
5 0.2796875 0.84609375 0.053125 0.25625
0 0.5796875 0.45234375 0.03984375 0.2
8 0.56640625 0.1390625 0.046875 0.2453125
8 0.46875 0.13828125 0.05 0.25625
0 0.23125 0.4875 0.06796875 0.2625
2 0.5328125 0.44765625 0.05 0.2265625
18 0.72265625 0.71875 0.034375 0.14296875
5 0.471875 0.77578125 0.0421875 0.23203125
17 0.840625 0.6734375 0.053125 0.16171875
10 0.66796875 0.1296875 0.04609375 0.2546875
10 0.1078125 0.13828125 0.0703125 0.27578125
8 0.84609375 0.134375 0.04296875 0.225
5 0.3328125 0.82734375 0.04921875 0.25234375
8 0.415625 0.13828125 0.05234375 0.26015625
5 0.428125 0.7921875 0.04296875 0.23828125
10 0.303125 0.1359375 0.05703125 0.2703125
2 0.7328125 0.42890625 0.03203125 0.18828125
0 0.62109375 0.44453125 0.03984375 0.2
5 0.38125 0.81171875 0.04609375 0.24375
8 0.51796875 0.13828125 0.04609375 0.25078125
8 0.80390625 0.13359375 0.03671875 0.23359375
10 0.6171875 0.1296875 0.05 0.25859375
5 0.225 0.85859375 0.053125 0.26171875
10 0.715625 0.13046875 0.04375 0.24765625
1 0.36171875 0.46640625 0.06015625 0.2453125
1 0.6609375 0.43828125 0.03671875 0.19765625
24 0.6484375 0.7484375 0.03828125 0.1453125
2 0.76875 0.42265625 0.0359375 0.18671875
2 0.80234375 0.41953125 0.03125 0.1796875
24 0.6046875 0.75703125 0.04296875 0.1453125
2 0.834375 0.41484375 0.03203125 0.17734375
1 0.69765625 0.434375 0.034375 0.19296875
24 0.55859375 0.76796875 0.03984375 0.14140625
8 0.88671875 0.14765625 0.0359375 0.2