10 0.23984375 0.6171875 0.08828125 0.18984375
8 0.34609375 0.38671875 0.0640625 0.1796875
8 0.409375 0.38984375 0.05859375 0.16875
8 0.484375 0.59296875 0.06796875 0.16328125
2 0.91796875 0.403125 0.028125 0.1171875
8 0.41015625 0.59921875 0.075 0.17265625
17 0.65390625 0.409375 0.0546875 0.11796875
10 0.14140625 0.62734375 0.1 0.203125
1 0.8421875 0.553125 0.03828125 0.121875
1 0.8796875 0.5484375 0.0359375 0.11796875
8 0.27421875 0.38515625 0.0734375 0.184375
10 0.1984375 0.3828125 0.075 0.19296875
10 0.11484375 0.3796875 0.08515625 0.20390625
17 0.5359375 0.39921875 0.05859375 0.14296875
17 0.55234375 0.58984375 0.06640625 0.1453125
8 0.32890625 0.60625 0.08125 0.18203125
17 0.5953125 0.40078125 0.0546875 0.13828125
17 0.70078125 0.41015625 0.0375 0.115625
2 0.95234375 0.5421875 0.03359375 0.11328125
18 0.74296875 0.56484375 0.05625 0.1296875
18 0.78515625 0.4046875 0.0375 0.1171875
1 0.8546875 0.40234375 0.03046875 0.1203125
17 0.68359375 0.5703125 0.05703125 0.13671875
0 0.88671875 0.40234375 0.03203125 0.11875
1 0.821875 0.40234375 0.03359375 0.1203125
17 0.47265625 0.39765625 0.0640625 0.15078125
18 0.74296875 0.40859375 0.04765625 0.128125
0 0.91640625 0.5453125 0.0359375 0.11484375
4 0.96875 0.70703125 0.03203125 0.146875
2 0.9453125 0.40390625 0.02421875 0.1140625
17 0.62109375 0.584375 0.06640625 0.14375
4 0.9921875 0.7015625 0.015625 0.1375
24 0.87265625 0.26171875 0.03828125 0.109375
4 0.99140625 0.540625 0.0171875 0.11328125