19 0.6671875 0.53359375 0.06875 0.24140625
17 0.4640625 0.54375 0.06484375 0.2296875
1 0.77421875 0.553125 0.0453125 0.20546875
10 0.1359375 0.5390625 0.06484375 0.24921875
8 0.2921875 0.23828125 0.05078125 0.225
8 0.23828125 0.2359375 0.05234375 0.2265625
8 0.20234375 0.53828125 0.0609375 0.24375
2 0.77734375 0.25703125 0.046875 0.2171875
17 0.45703125 0.259375 0.0546875 0.19609375
2 0.86796875 0.26171875 0.04375 0.21328125
8 0.328125 0.53984375 0.059375 0.23984375
10 0.071875 0.228125 0.0546875 0.23046875
8 0.265625 0.53828125 0.06015625 0.24140625
8 0.34453125 0.240625 0.05078125 0.22421875
10 0.0703125 0.53828125 0.0609375 0.2546875
2 0.82265625 0.259375 0.0421875 0.21328125
17 0.62265625 0.278125 0.05234375 0.16796875
17 0.39921875 0.25703125 0.05390625 0.1921875
2 0.7296875 0.25625 0.0453125 0.21875
1 0.8625 0.55234375 0.040625 0.2
8 0.184375 0.23359375 0.053125 0.2265625
17 0.39453125 0.54296875 0.065625 0.234375
1 0.728125 0.55234375 0.0453125 0.20703125
18 0.53125 0.54296875 0.0640625 0.2296875
1 0.90703125 0.55078125 0.04375 0.1984375
10 0.128125 0.2296875 0.053125 0.2296875
1 0.81875 0.55234375 0.0421875 0.2015625
17 0.67734375 0.2796875 0.053125 0.1703125
18 0.51328125 0.2609375 0.053125 0.1921875
2 0.9140625 0.26171875 0.04375 0.2203125
18 0.56796875 0.2640625 0.05234375 0.190625
18 0.59765625 0.54375 0.06328125 0.2265625
6 0.36328125 0.0109375 0.04609375 0.02109375
16 0.01015625 0.784375 0.0203125 0.1625
6 0.3140625 0.009375 0.04765625 0.01875
4 0.97734375 0.03671875 0.0453125 0.0734375
6 0.4109375 0.01171875 0.046875 0.0234375