10 0.21953125 0.5421875 0.08828125 0.1859375
17 0.57421875 0.3265625 0.05625 0.1421875
8 0.38828125 0.525 0.0734375 0.17109375
8 0.2453125 0.30625 0.075 0.19296875
10 0.16875 0.30234375 0.07734375 0.20234375
8 0.38515625 0.31328125 0.06015625 0.17578125
8 0.3078125 0.53125 0.08125 0.1796875
8 0.46171875 0.5203125 0.065625 0.15703125
10 0.1203125 0.5515625 0.1 0.196875
18 0.71796875 0.4921875 0.0546875 0.12734375
17 0.6328125 0.3359375 0.0546875 0.12109375
1 0.834375 0.3296875 0.0296875 0.121875
8 0.3203125 0.30859375 0.06953125 0.18828125
2 0.89765625 0.33046875 0.028125 0.11796875
17 0.5296875 0.51484375 0.065625 0.14375
10 0.08125 0.29921875 0.08828125 0.209375
17 0.6609375 0.49765625 0.05625 0.13203125
17 0.45078125 0.32109375 0.0640625 0.1546875
1 0.85234375 0.478125 0.034375 0.1140625
17 0.51484375 0.32421875 0.05859375 0.14765625
4 0.96171875 0.62421875 0.025 0.11796875
2 0.9234375 0.471875 0.03203125 0.11171875
0 0.86640625 0.3296875 0.03203125 0.12109375
18 0.765625 0.33203125 0.0359375 0.1203125
17 0.6796875 0.3375 0.0375 0.11875
4 0.93203125 0.62578125 0.03203125 0.12265625
17 0.59765625 0.509375 0.06640625 0.140625
18 0.721875 0.33671875 0.04765625 0.134375
4 0.984375 0.6203125 0.02109375 0.1140625
1 0.815625 0.48203125 0.0375 0.11796875
1 0.80234375 0.3296875 0.034375 0.12578125
2 0.92421875 0.33203125 0.02421875 0.11171875
0 0.88828125 0.475 0.034375 0.11328125