16 0.2484375 0.8765625 0.08125 0.22578125
8 0.315625 0.61171875 0.06796875 0.1890625
17 0.5015625 0.58671875 0.05703125 0.16171875
8 0.434375 0.3453125 0.05078125 0.15390625
8 0.44296875 0.59453125 0.0546875 0.17109375
2 0.65078125 0.5625 0.04140625 0.1390625
3 0.7328125 0.7140625 0.03359375 0.134375
11 0.26796875 0.08125 0.0671875 0.1625
5 0.675 0.734375 0.03046875 0.146875
8 0.32734375 0.33671875 0.05859375 0.16796875
8 0.3828125 0.340625 0.04921875 0.1578125
10 0.26796875 0.33203125 0.05703125 0.17578125
10 0.20234375 0.32734375 0.06953125 0.18515625
8 0.3828125 0.60390625 0.06015625 0.17890625
8 0.23828125 0.621875 0.08125 0.20078125
11 0.19296875 0.075 0.07734375 0.15
16 0.484375 0.7984375 0.0453125 0.1890625
0 0.68828125 0.5578125 0.03203125 0.1328125
18 0.5578125 0.578125 0.05234375 0.153125
16 0.3796875 0.834375 0.053125 0.2046875
0 0.61875 0.359375 0.03046875 0.12734375
17 0.4859375 0.35703125 0.04765625 0.1296875
0 0.64921875 0.3609375 0.0296875 0.12421875
16 0.5296875 0.7828125 0.046875 0.1796875
5 0.64609375 0.7453125 0.028125 0.15
11 0.39375 0.09765625 0.0625 0.18828125
16 0.434375 0.815625 0.053125 0.2
0 0.7234375 0.55390625 0.0359375 0.125
16 0.57421875 0.76875 0.04296875 0.17421875
18 0.5359375 0.36015625 0.046875 0.12578125
0 0.68125 0.36171875 0.034375 0.12109375
18 0.58203125 0.36328125 0.04140625 0.12421875
3 0.70234375 0.72421875 0.025 0.13828125
16 0.321875 0.85546875 0.0640625 0.21484375
11 0.33203125 0.08828125 0.0546875 0.1765625
9 0.9640625 0.53671875 0.02265625 0.090625
16 0.6140625 0.75625 0.0375 0.1640625
9 0.94296875 0.53984375 0.0203125 0.09609375
12 0.559375 0.13984375 0.0453125 0.17109375
18 0.6078125 0.5703125 0.04375 0.1453125
17 0.64609375 0.203125 0.04375 0.08515625