8 0.303125 0.365625 0.0546875 0.12734375
5 0.74921875 0.8625 0.03984375 0.12265625
17 0.68671875 0.7 0.06796875 0.12109375
5 0.5859375 0.86640625 0.04140625 0.125
5 0.62734375 0.86796875 0.03984375 0.125
1 0.515625 0.19375 0.0453125 0.12421875
1 0.23828125 0.1796875 0.05859375 0.1390625
2 0.35703125 0.184375 0.05703125 0.1390625
5 0.66875 0.86484375 0.03828125 0.12578125
11 0.734375 0.3671875 0.046875 0.1328125
5 0.54375 0.865625 0.03984375 0.12578125
2 0.41640625 0.18515625 0.05625 0.140625
24 0.20390625 0.7125 0.05078125 0.109375
2 0.5640625 0.1953125 0.046875 0.12265625
18 0.4890625 0.7078125 0.05859375 0.115625
11 0.68203125 0.3671875 0.0546875 0.1328125
17 0.4296875 0.709375 0.05625 0.11328125
18 0.55234375 0.709375 0.05703125 0.11015625
12 0.884375 0.3671875 0.053125 0.1328125
17 0.146875 0.55078125 0.04765625 0.08515625
10 0.18984375 0.3640625 0.0546875 0.128125
17 0.303125 0.54921875 0.04765625 0.08671875
3 0.1578125 0.86875 0.04375 0.12578125
17 0.82890625 0.70078125 0.06171875 0.12109375
8 0.36015625 0.3671875 0.05234375 0.12578125
17 0.61640625 0.70078125 0.0640625 0.121875
2 0.2984375 0.18203125 0.05625 0.13828125
0 0.1203125 0.17734375 0.06015625 0.13828125
10 0.1328125 0.3625 0.053125 0.12890625
1 0.46953125 0.19296875 0.04375 0.12421875
4 0.50234375 0.865625 0.04140625 0.12578125
4 0.459375 0.8671875 0.03984375 0.12734375
8 0.63203125 0.37578125 0.04140625 0.1140625
5 0.8375 0.86328125 0.046875 0.12265625
5 0.79140625 0.86328125 0.03984375 0.12265625
17 0.2515625 0.55 0.04921875 0.0859375
17 0.85546875 0.54609375 0.04765625 0.09375
6 0.903125 0.190625 0.06171875 0.1390625
17 0.75390625 0.5453125 0.05078125 0.0953125
18 0.50234375 0.5453125 0.046875 0.09765625
17 0.6484375 0.54140625 0.04375 0.09296875
17 0.1984375 0.55 0.05078125 0.0859375
17 0.70078125 0.54375 0.05078125 0.09375
2 0.65625 0.1953125 0.04140625 0.12578125
2 0.61171875 0.1953125 0.0453125 0.125
3 0.24609375 0.8703125 0.04140625 0.12734375
10 0.246875 0.365625 0.053125 0.128125
8 0.58828125 0.3765625 0.04296875 0.11328125
1 0.1796875 0.178125 0.05625 0.13671875
12 0.784375 0.36640625 0.04921875 0.13515625
17 0.80625 0.54609375 0.046875 0.09375
8 0.54296875 0.37578125 0.04296875 0.11171875
5 0.70859375 0.86328125 0.03828125 0.12421875
18 0.453125 0.54453125 0.04765625 0.096875
18 0.40390625 0.54375 0.046875 0.09765625
4 0.4171875 0.86953125 0.03984375 0.12265625
10 0.4984375 0.37578125 0.04296875 0.11171875
17 0.6015625 0.5453125 0.046875 0.0953125
17 0.36953125 0.71015625 0.05625 0.11484375
17 0.76171875 0.703125 0.06640625 0.121875
17 0.55234375 0.54609375 0.046875 0.0953125
10 0.45390625 0.37421875 0.04296875 0.11328125
24 0.25859375 0.7140625 0.05078125 0.1078125
6 0.75703125 0.18671875 0.05234375 0.1421875
10 0.409375 0.37421875 0.04296875 0.11328125
18 0.35390625 0.5453125 0.04765625 0.09609375
4 0.3328125 0.86875 0.04140625 0.125
6 0.85 0.190625 0.04296875 0.1390625
24 0.31328125 0.7140625 0.05078125 0.11015625
6 0.703125 0.18671875 0.05078125 0.1421875
12 0.8328125 0.3671875 0.0453125 0.134375
4 0.375 0.8703125 0.03984375 0.121875
6 0.80625 0.18828125 0.04375 0.140625
24 0.14765625 0.71640625 0.0546875 0.1109375
3 0.20234375 0.86953125 0.04140625 0.12578125
16 0.91640625 0.86171875 0.04765625 0.12421875
3 0.2890625 0.86875 0.04140625 0.12734375
16 0.99140625 0.8609375 0.0171875 0.12109375