3 0.1078125 0.8875 0.07109375 0.22421875
8 0.6984375 0.49140625 0.0515625 0.2265625
1 0.12109375 0.56171875 0.07109375 0.26640625
17 0.5328125 0.1765625 0.0671875 0.27578125
4 0.034375 0.8953125 0.06796875 0.20859375
2 0.4140625 0.52109375 0.0640625 0.265625
17 0.60078125 0.18125 0.0625 0.26171875
4 0.35625 0.86640625 0.0515625 0.26640625
17 0.85390625 0.21796875 0.03671875 0.1859375
2 0.4796875 0.515625 0.0609375 0.25859375
8 0.64296875 0.49921875 0.0515625 0.23828125
16 0.859375 0.7296875 0.04921875 0.215625
4 0.3 0.87109375 0.05703125 0.2578125
10 0.5890625 0.50234375 0.05078125 0.24140625
17 0.81328125 0.215625 0.0421875 0.19375
16 0.7421875 0.75078125 0.0421875 0.215625
3 0.23984375 0.87734375 0.0609375 0.24453125
10 0.5375 0.515625 0.04921875 0.23203125
1 0.19765625 0.54765625 0.0734375 0.2734375
18 0.37578125 0.16953125 0.0796875 0.2875
0 0.2734375 0.5375 0.07109375 0.2734375
3 0.175 0.8828125 0.0625 0.234375
0 0.3453125 0.525 0.06796875 0.27421875
22 0.12578125 0.16796875 0.08203125 0.28359375
5 0.4078125 0.84921875 0.04921875 0.26640625
16 0.62734375 0.7828125 0.04296875 0.23046875
17 0.8953125 0.22890625 0.04296875 0.1625
16 0.8328125 0.94765625 0.0375 0.1046875
24 0.8421875 0.48125 0.04609375 0.1984375
5 0.4578125 0.83515625 0.046875 0.26171875
18 0.66328125 0.20625 0.05546875 0.20859375
18 0.71640625 0.21015625 0.046875 0.20234375
22 0.21171875 0.1640625 0.08671875 0.29765625
16 0.69609375 0.75859375 0.0484375 0.21953125
18 0.4578125 0.17265625 0.07421875 0.28359375
24 0.7953125 0.48671875 0.04140625 0.2078125
22 0.29375 0.16796875 0.0765625 0.28828125
16 0.503125 0.8171875 0.04140625 0.25234375
16 0.7953125 0.9578125 0.0375 0.084375
24 0.89453125 0.478125 0.05 0.19453125
17 0.93515625 0.23203125 0.03203125 0.15625
24 0.74921875 0.49375 0.04609375 0.21171875
18 0.76640625 0.2125 0.0484375 0.2
16 0.54453125 0.80859375 0.0390625 0.23203125
16 0.81015625 0.7359375 0.046875 0.2125
16 0.6140625 0.98203125 0.03203125 0.0359375
16 0.7296875 0.97734375 0.040625 0.04453125
16 0.6625 0.97890625 0.05703125 0.0421875
16 0.6890625 0.98203125 0.03828125 0.0359375
16 0.6375 0.98046875 0.0234375 0.03828125
16 0.5921875 0.98359375 0.02890625 0.03203125