10 0.25390625 0.59296875 0.0796875 0.31015625
8 0.15703125 0.5734375 0.0953125 0.36171875
10 0.39453125 0.5875 0.059375 0.28203125
10 0.3296875 0.5921875 0.06328125 0.29609375
1 0.459375 0.57265625 0.0640625 0.2984375
10 0.05078125 0.5859375 0.1015625 0.3984375
2 0.5203125 0.56953125 0.0578125 0.2859375
0 0.578125 0.56953125 0.05703125 0.26953125
2 0.6265625 0.575 0.0375 0.23828125
2 0.6640625 0.57578125 0.0375 0.228125
1 0.70078125 0.57421875 0.0359375 0.21640625
1 0.7390625 0.5734375 0.03828125 0.21015625
17 0.9390625 0.553125 0.03359375 0.1859375
17 0.8828125 0.57109375 0.0296875 0.1703125
12 0.92734375 0.8578125 0.0375 0.26796875
8 0.98828125 0.253125 0.0234375 0.17421875