8 0.4328125 0.428125 0.04140625 0.1984375
12 0.13984375 0.70859375 0.07421875 0.3140625
8 0.4546875 0.70546875 0.046875 0.23046875
11 0.1609375 0.3609375 0.07578125 0.28203125
12 0.21328125 0.70625 0.06953125 0.2984375
11 0.31328125 0.3859375 0.0734375 0.25546875
12 0.28203125 0.6984375 0.0625 0.28828125
11 0.2375 0.3765625 0.07109375 0.2625
10 0.34296875 0.70234375 0.05390625 0.26015625
0 0.6921875 0.69296875 0.0328125 0.184375
1 0.78203125 0.6890625 0.025 0.16796875
8 0.5453125 0.7015625 0.0390625 0.2140625
0 0.7203125 0.47890625 0.0234375 0.15390625
10 0.65859375 0.6953125 0.0296875 0.19140625
8 0.38828125 0.421875 0.04609375 0.20546875
8 0.5015625 0.70234375 0.04296875 0.221875
12 0.05078125 0.715625 0.09921875 0.33203125
1 0.75546875 0.690625 0.02578125 0.1734375
2 0.81015625 0.49453125 0.01796875 0.13828125
8 0.54609375 0.4484375 0.03359375 0.18046875
8 0.47421875 0.43515625 0.0375 0.1921875
10 0.61328125 0.459375 0.02890625 0.1703125
8 0.51171875 0.44140625 0.0328125 0.1859375
10 0.58046875 0.45390625 0.03203125 0.1765625
11 0.06796875 0.340625 0.10390625 0.31015625
10 0.62421875 0.6984375 0.0359375 0.2
2 0.80703125 0.6875 0.02421875 0.1640625
10 0.5859375 0.69921875 0.0375 0.20625
2 0.8515625 0.5 0.02421875 0.13203125
10 0.64375 0.4640625 0.02890625 0.16796875
8 0.40078125 0.71171875 0.05390625 0.23359375
0 0.69609375 0.47421875 0.0234375 0.1578125
0 0.72578125 0.69296875 0.03203125 0.18046875
17 0.91484375 0.69609375 0.0296875 0.11796875
10 0.671875 0.46953125 0.02421875 0.16171875
2 0.8296875 0.49765625 0.01953125 0.134375
2 0.83203125 0.6875 0.0234375 0.1578125
1 0.74375 0.48359375 0.021875 0.15
18 0.94140625 0.6921875 0.01796875 0.11015625
1 0.76640625 0.4859375 0.02109375 0.14609375
11 0.140625 0.96171875 0.0828125 0.0765625
1 0.7890625 0.490625 0.021875 0.14375
17 0.890625 0.6984375 0.01640625 0.11953125
11 0.221875 0.95390625 0.071875 0.0921875
17 0.871875 0.703125 0.021875 0.1140625
12 0.296875 0.946875 0.0703125 0.10625
18 0.9625 0.69140625 0.02109375 0.1078125
11 0.4453125 0.93203125 0.0671875 0.1359375
11 0.04921875 0.96953125 0.08359375 0.06015625
11 0.37265625 0.93828125 0.07109375 0.1234375