2 0.521875 0.61796875 0.05703125 0.28984375
1 0.459375 0.61640625 0.065625 0.29765625
1 0.70703125 0.6328125 0.0359375 0.21953125
0 0.58125 0.61953125 0.0578125 0.2765625
10 0.39375 0.63046875 0.059375 0.2859375
10 0.2546875 0.6296875 0.078125 0.30859375
10 0.3296875 0.63046875 0.06328125 0.29453125
2 0.63046875 0.63125 0.0375 0.2421875
10 0.0515625 0.60390625 0.103125 0.4078125
8 0.15859375 0.60546875 0.0953125 0.3578125
2 0.66953125 0.63203125 0.0375 0.23046875
17 0.95625 0.6234375 0.034375 0.1921875
17 0.8953125 0.63515625 0.03046875 0.184375
1 0.7453125 0.63203125 0.03828125 0.21640625
18 0.86171875 0.6421875 0.03359375 0.1796875
24 0.784375 0.62890625 0.03671875 0.21640625
24 0.8234375 0.62890625 0.034375 0.20859375