0 0.175 0.5234375 0.0875 0.19296875
8 0.2546875 0.29296875 0.06640625 0.16953125
0 0.41484375 0.52890625 0.06796875 0.171875
8 0.5015625 0.32109375 0.0625 0.15390625
2 0.7765625 0.53671875 0.0515625 0.146875
8 0.32109375 0.3015625 0.0625 0.1609375
2 0.8265625 0.53671875 0.04453125 0.1421875
17 0.42578125 0.73359375 0.07578125 0.1578125
8 0.44140625 0.315625 0.0515625 0.15390625
10 0.184375 0.2828125 0.065625 0.175
0 0.484375 0.53046875 0.0640625 0.1671875
10 0.1078125 0.27578125 0.0796875 0.17890625
17 0.11640625 0.7953125 0.08359375 0.15390625
1 0.725 0.5359375 0.0484375 0.14921875
0 0.26171875 0.52421875 0.078125 0.1875
0 0.07890625 0.5203125 0.09453125 0.2015625
1 0.66953125 0.53359375 0.0578125 0.153125
17 0.2796875 0.775 0.0796875 0.15546875
12 0.93359375 0.371875 0.05625 0.125
0 0.61171875 0.53359375 0.05234375 0.1578125
8 0.62890625 0.3390625 0.0578125 0.1390625
10 0.740625 0.3515625 0.05 0.13203125
8 0.56640625 0.328125 0.06015625 0.15
10 0.790625 0.35859375 0.04453125 0.12578125
12 0.8796875 0.3671875 0.04609375 0.1234375
0 0.5515625 0.53203125 0.0625 0.16328125
18 0.5921875 0.7328125 0.0640625 0.15546875
8 0.384375 0.309375 0.05859375 0.15703125
10 0.68671875 0.34609375 0.05234375 0.134375
2 0.87578125 0.5375 0.05 0.13828125
0 0.340625 0.5265625 0.07421875 0.1796875
17 0.19765625 0.7734375 0.071875 0.153125
10 0.83515625 0.36328125 0.04140625 0.12421875
18 0.65859375 0.7265625 0.06015625 0.14921875
17 0.3515625 0.74765625 0.0625 0.14609375
18 0.51484375 0.73671875 0.08359375 0.16171875
4 0.45859375 0.93203125 0.06796875 0.1359375