10 0.078125 0.2890625 0.078125 0.17421875
1 0.73125 0.53671875 0.05234375 0.1546875
17 0.10546875 0.809375 0.0859375 0.1609375
2 0.7875 0.5375 0.05625 0.1515625
0 0.05859375 0.5328125 0.09375 0.2015625
2 0.8953125 0.5359375 0.05546875 0.1453125
8 0.29453125 0.309375 0.0625 0.1578125
0 0.47578125 0.5359375 0.06796875 0.1703125
10 0.15546875 0.29375 0.06640625 0.171875
8 0.2265625 0.303125 0.06640625 0.1625
2 0.8421875 0.53671875 0.0484375 0.1484375
12 0.88828125 0.35859375 0.05 0.12890625
10 0.840625 0.3546875 0.04375 0.12890625
0 0.3265625 0.53515625 0.0765625 0.18359375
0 0.1546875 0.5328125 0.08984375 0.1953125
10 0.7921875 0.3515625 0.0484375 0.1296875
0 0.24375 0.534375 0.08046875 0.1890625
10 0.68046875 0.33984375 0.05625 0.14140625
0 0.6109375 0.53671875 0.05625 0.1625
8 0.359375 0.31484375 0.06171875 0.1546875
10 0.73828125 0.34609375 0.05390625 0.1359375
0 0.54609375 0.5359375 0.06796875 0.1671875
8 0.4203125 0.3203125 0.05390625 0.15078125
0 0.403125 0.534375 0.0703125 0.1765625
17 0.42890625 0.7453125 0.0796875 0.16640625
8 0.484375 0.32265625 0.065625 0.1546875
1 0.67265625 0.5359375 0.06171875 0.15859375
8 0.6171875 0.33515625 0.06171875 0.1453125
17 0.2734375 0.78984375 0.08046875 0.1625
4 0.46953125 0.940625 0.0734375 0.11796875
8 0.5515625 0.32890625 0.0640625 0.15078125
18 0.60234375 0.74296875 0.06953125 0.16328125
17 0.18984375 0.7890625 0.07421875 0.1546875
12 0.9484375 0.36328125 0.0640625 0.12890625
18 0.6734375 0.7359375 0.065625 0.15703125
18 0.52109375 0.74921875 0.0859375 0.1671875
17 0.35 0.76171875 0.06953125 0.15078125
12 0.99140625 0.36796875 0.01640625 0.12578125