2 0.79140625 0.4828125 0.0671875 0.2703125
1 0.69296875 0.16484375 0.05078125 0.24140625
2 0.8671875 0.4828125 0.078125 0.2859375
0 0.7234375 0.4828125 0.0640625 0.25390625
1 0.6421875 0.17734375 0.046875 0.228125
2 0.80625 0.13515625 0.06171875 0.26171875
5 0.96171875 0.853125 0.07109375 0.29375
1 0.5515625 0.48203125 0.04453125 0.21953125
0 0.65859375 0.48203125 0.05859375 0.24140625
8 0.4796875 0.221875 0.03359375 0.1921875
1 0.746875 0.1515625 0.05390625 0.2484375
16 0.58125 0.9640625 0.040625 0.071875
3 0.5734375 0.75703125 0.03671875 0.23828125
2 0.871875 0.128125 0.06640625 0.25625
1 0.5953125 0.190625 0.04296875 0.21953125
1 0.6015625 0.48125 0.05078125 0.23046875
1 0.509375 0.48125 0.03828125 0.21171875
2 0.9484375 0.121875 0.07890625 0.2421875
8 0.5171875 0.21171875 0.0375 0.20234375
8 0.4265625 0.48046875 0.0375 0.1921875
8 0.41640625 0.2375 0.0265625 0.178125
8 0.390625 0.48046875 0.03046875 0.1875
16 0.40078125 0.92578125 0.0453125 0.1484375
1 0.5546875 0.20234375 0.034375 0.20625
3 0.53515625 0.74765625 0.0375 0.23203125
2 0.95234375 0.48125 0.084375 0.30234375
16 0.44921875 0.934375 0.0453125 0.1296875
8 0.46796875 0.48125 0.04140625 0.2015625
4 0.37265625 0.70703125 0.02421875 0.19375
5 0.89296875 0.8453125 0.0609375 0.29375
5 0.83046875 0.8265625 0.059375 0.28046875
17 0.14921875 0.30859375 0.0265625 0.121875
16 0.50625 0.94609375 0.046875 0.1078125
17 0.19140625 0.4828125 0.034375 0.13984375
8 0.38671875 0.24375 0.0296875 0.17578125
8 0.35703125 0.4796875 0.0328125 0.18203125
5 0.76953125 0.8109375 0.05703125 0.26953125
16 0.30703125 0.89453125 0.0265625 0.1625
4 0.39921875 0.7140625 0.02890625 0.19609375
8 0.4453125 0.23046875 0.03046875 0.184375
10 0.28046875 0.26953125 0.0234375 0.15390625
4 0.34765625 0.7 0.025 0.184375
16 0.33984375 0.90625 0.03828125 0.16796875
17 0.2203125 0.4984375 0.021875 0.10390625
8 0.3546875 0.25859375 0.0296875 0.15546875
16 0.62265625 0.97265625 0.0421875 0.0546875
18 0.1546875 0.48203125 0.0328125 0.1359375
16 0.66875 0.9796875 0.046875 0.040625
8 0.3265625 0.26640625 0.025 0.14765625
10 0.32578125 0.47890625 0.0265625 0.1734375
4 0.32109375 0.69375 0.0265625 0.18046875
8 0.30234375 0.2640625 0.0203125 0.1578125
16 0.71953125 0.9890625 0.0546875 0.021875
18 0.196875 0.9734375 0.0390625 0.05234375
17 0.24296875 0.4984375 0.0203125 0.10390625
3 0.6140625 0.76953125 0.0421875 0.2515625
3 0.4984375 0.73828125 0.03359375 0.2234375