11 0.14921875 0.26171875 0.07109375 0.26640625
11 0.28828125 0.29609375 0.06640625 0.24140625
12 0.1265625 0.58203125 0.0671875 0.28046875
12 0.2546875 0.5828125 0.05703125 0.25546875
0 0.61796875 0.60390625 0.02890625 0.16171875
11 0.0640625 0.23359375 0.09609375 0.29453125
12 0.19296875 0.58359375 0.06171875 0.265625
8 0.4359375 0.35546875 0.034375 0.178125
8 0.48984375 0.60078125 0.0359375 0.1875
2 0.740625 0.60546875 0.0203125 0.13984375
2 0.71875 0.60546875 0.02109375 0.1421875
8 0.46953125 0.36484375 0.0296875 0.171875
8 0.4515625 0.60078125 0.0375 0.19375
11 0.21953125 0.28125 0.065625 0.25
8 0.36171875 0.6015625 0.04921875 0.20546875
10 0.52578125 0.6015625 0.03359375 0.1796875
8 0.41015625 0.6 0.0421875 0.20234375
1 0.6734375 0.60546875 0.0234375 0.15234375
12 0.0453125 0.58203125 0.0875 0.29453125
8 0.50078125 0.3734375 0.03046875 0.16640625
1 0.696875 0.60546875 0.02109375 0.14609375
8 0.35703125 0.3375 0.04140625 0.19140625
0 0.6328125 0.40859375 0.0203125 0.14375
0 0.64765625 0.6046875 0.0265625 0.15625
10 0.53046875 0.38046875 0.028125 0.1640625
0 0.65390625 0.41328125 0.02109375 0.14140625
10 0.5890625 0.603125 0.02578125 0.16796875
10 0.309375 0.58671875 0.04921875 0.2359375
8 0.3984375 0.3453125 0.03671875 0.184375
2 0.73125 0.43359375 0.01640625 0.12578125
2 0.7484375 0.4375 0.01640625 0.121875
10 0.56015625 0.60234375 0.0296875 0.1734375
10 0.559375 0.38828125 0.02578125 0.15859375
10 0.58671875 0.39453125 0.02578125 0.15546875
2 0.76796875 0.44140625 0.02109375 0.121875
1 0.67421875 0.41875 0.01796875 0.13828125
1 0.69375 0.4234375 0.01796875 0.13359375
10 0.61171875 0.4015625 0.0203125 0.1484375
17 0.8109375 0.61953125 0.02578125 0.1015625
18 0.834375 0.61875 0.01640625 0.09609375
1 0.71328125 0.428125 0.01796875 0.13046875
18 0.90625 0.609375 0.0140625 0.1
17 0.78984375 0.62109375 0.0140625 0.10234375
18 0.8515625 0.61953125 0.01640625 0.0921875
17 0.77421875 0.6234375 0.01796875 0.0984375
24 0.88828125 0.471875 0.015625 0.1015625
18 0.915625 0.60859375 0.01328125 0.0984375
18 0.8609375 0.61953125 0.01640625 0.0921875