19 0.078125 0.53046875 0.059375 0.25859375
15 0.3203125 0.90234375 0.065625 0.19453125
15 0.2421875 0.909375 0.0671875 0.18046875
10 0.240625 0.56875 0.07109375 0.29609375
15 0.384375 0.896875 0.0578125 0.20234375
18 0.1359375 0.2140625 0.0625 0.24375
24 0.5609375 0.21484375 0.06796875 0.2734375
15 0.1671875 0.91953125 0.07109375 0.16015625
18 0.20625 0.2171875 0.071875 0.24609375
8 0.5171875 0.55390625 0.0578125 0.25625
19 0.02265625 0.53125 0.0453125 0.25859375
4 0.7578125 0.8015625 0.04453125 0.21015625
1 0.9453125 0.525 0.0515625 0.2140625
2 0.76328125 0.5515625 0.040625 0.21015625
8 0.38671875 0.56171875 0.065625 0.2734375
24 0.48828125 0.209375 0.06796875 0.2796875
0 0.621875 0.55859375 0.0484375 0.22578125
17 0.2734375 0.2375 0.05390625 0.21171875
8 0.45390625 0.55859375 0.0625 0.26640625
8 0.15546875 0.5671875 0.0921875 0.31796875
17 0.3359375 0.2375 0.06796875 0.215625
0 0.571875 0.56015625 0.046875 0.23046875
17 0.41328125 0.24140625 0.0765625 0.215625
0 0.71953125 0.553125 0.0421875 0.2125
8 0.315625 0.56640625 0.0703125 0.284375
4 0.7140625 0.8078125 0.04140625 0.20859375
24 0.68828125 0.22578125 0.05859375 0.25625
2 0.89609375 0.5296875 0.04453125 0.2203125
24 0.80625 0.234375 0.05 0.24375
17 0.06171875 0.20859375 0.078125 0.25625
3 0.6734375 0.815625 0.03671875 0.215625
15 0.08828125 0.91953125 0.0765625 0.16015625
5 0.58828125 0.834375 0.04453125 0.23203125
24 0.86171875 0.25859375 0.0546875 0.19765625
24 0.74921875 0.23046875 0.0578125 0.25
0 0.6734375 0.55546875 0.046875 0.21796875
17 0.01015625 0.203125 0.0203125 0.26640625
0 0.85078125 0.53203125 0.04296875 0.22421875
0 0.80546875 0.53671875 0.0421875 0.22578125
22 0.43828125 0.8578125 0.05 0.22421875
24 0.6265625 0.2203125 0.05703125 0.26796875
3 0.6328125 0.825 0.04296875 0.2265625
16 0.8015625 0.79296875 0.0421875 0.20234375
24 0.94453125 0.26640625 0.0484375 0.184375
5 0.540625 0.84921875 0.046875 0.2265625
5 0.48984375 0.85546875 0.05078125 0.234375
24 0.978125 0.2671875 0.0265625 0.18046875
24 0.9078125 0.26484375 0.0328125 0.18203125
17 0.78671875 0.97734375 0.046875 0.04453125
24 0.99609375 0.26640625 0.0078125 0.18359375
17 0.68046875 0.98671875 0.0453125 0.0265625