3 0.2359375 0.87109375 0.0625 0.2578125
4 0.4078125 0.83359375 0.0515625 0.271875
8 0.721875 0.43046875 0.0546875 0.22578125
16 0.74453125 0.7046875 0.04921875 0.23203125
3 0.17109375 0.8765625 0.0671875 0.24609375
17 0.8578125 0.14140625 0.03828125 0.18046875
2 0.44296875 0.4828125 0.06171875 0.25546875
4 0.35390625 0.8484375 0.05546875 0.2765625
8 0.6671875 0.4421875 0.0515625 0.2359375
2 0.5046875 0.4734375 0.0609375 0.24765625
4 0.09765625 0.8875 0.0796875 0.22421875
1 0.16796875 0.5421875 0.065625 0.25234375
24 0.87109375 0.40859375 0.0484375 0.2015625
18 0.384375 0.15078125 0.07421875 0.265625
17 0.9015625 0.1484375 0.0453125 0.15859375
17 0.534375 0.1390625 0.06640625 0.26015625
10 0.56171875 0.46953125 0.05 0.22421875
0 0.309375 0.50859375 0.06796875 0.2625
5 0.4578125 0.8140625 0.0484375 0.26796875
16 0.7921875 0.69609375 0.0453125 0.228125
18 0.46171875 0.14375 0.0734375 0.2640625
10 0.61328125 0.4515625 0.05078125 0.2359375
17 0.815625 0.14453125 0.04453125 0.18984375
1 0.23828125 0.5234375 0.0703125 0.265625
5 0.50703125 0.79609375 0.0484375 0.265625
16 0.90703125 0.921875 0.03828125 0.15625
16 0.7609375 0.9578125 0.040625 0.084375
16 0.915625 0.66640625 0.053125 0.22578125
18 0.715625 0.14921875 0.0484375 0.19765625
0 0.3765625 0.49375 0.065625 0.26015625
3 0.296875 0.86328125 0.059375 0.2734375
17 0.94296875 0.14765625 0.034375 0.15546875
16 0.86875 0.93359375 0.03828125 0.13046875
16 0.8625 0.6734375 0.05 0.2234375
17 0.60078125 0.1375 0.06171875 0.2484375
24 0.82265625 0.41796875 0.04453125 0.20625
22 0.2328125 0.1640625 0.078125 0.26796875
18 0.66171875 0.15078125 0.0546875 0.20390625
16 0.8 0.9515625 0.03671875 0.09453125
16 0.67734375 0.73203125 0.046875 0.24375
16 0.71953125 0.9578125 0.0390625 0.084375
22 0.3078125 0.16015625 0.0703125 0.26015625
24 0.775 0.4265625 0.046875 0.21171875
22 0.15625 0.1828125 0.0765625 0.2484375
16 0.55078125 0.77890625 0.04140625 0.2578125
18 0.76640625 0.1453125 0.05 0.19453125
16 0.5921875 0.765625 0.040625 0.24140625
16 0.6859375 0.96171875 0.03046875 0.0765625
24 0.92578125 0.4 0.05390625 0.1984375
16 0.6328125 0.7515625 0.0390625 0.23203125
16 0.653125 0.971875 0.03828125 0.05625