2 0.78984375 0.5078125 0.06796875 0.27578125
8 0.51328125 0.23359375 0.0375 0.2015625
2 0.9515625 0.50859375 0.084375 0.30625
8 0.47578125 0.24375 0.03359375 0.19375
2 0.86640625 0.50859375 0.078125 0.29453125
2 0.94453125 0.13359375 0.07890625 0.26640625
0 0.7203125 0.50546875 0.0640625 0.26015625
1 0.74296875 0.17109375 0.05390625 0.2515625
2 0.80234375 0.1578125 0.06171875 0.26171875
2 0.86796875 0.1421875 0.06640625 0.2734375
3 0.53203125 0.775 0.03828125 0.234375
1 0.6375 0.2 0.046875 0.228125
5 0.96328125 0.86875 0.0703125 0.2625
1 0.590625 0.2125 0.0421875 0.21953125
1 0.5484375 0.5046875 0.04453125 0.2234375
1 0.55078125 0.225 0.034375 0.20546875
0 0.65625 0.50546875 0.059375 0.24453125
1 0.6890625 0.1875 0.05 0.23984375
8 0.46484375 0.503125 0.04140625 0.20546875
8 0.3546875 0.5015625 0.0328125 0.18203125
1 0.50546875 0.503125 0.0375 0.2125
1 0.5984375 0.50390625 0.0515625 0.2359375
4 0.36875 0.73515625 0.02421875 0.18984375
5 0.8953125 0.86328125 0.06171875 0.2734375
3 0.57109375 0.78359375 0.03671875 0.2421875
8 0.3875 0.5015625 0.03046875 0.18984375
8 0.41328125 0.25859375 0.0265625 0.18046875
8 0.4234375 0.50234375 0.03828125 0.19609375
17 0.1890625 0.503125 0.03359375 0.1421875
5 0.83203125 0.85625 0.0609375 0.2875
4 0.3953125 0.74140625 0.02890625 0.19765625
8 0.44296875 0.25078125 0.02890625 0.1859375
16 0.3015625 0.91953125 0.028125 0.15859375
5 0.7703125 0.84140625 0.0578125 0.278125
18 0.153125 0.50234375 0.0328125 0.1375
16 0.44921875 0.9484375 0.0515625 0.1015625
10 0.278125 0.290625 0.021875 0.15546875
8 0.38359375 0.26484375 0.0296875 0.178125
16 0.50390625 0.96171875 0.046875 0.0765625
16 0.3359375 0.92421875 0.03828125 0.1515625
16 0.396875 0.9390625 0.04453125 0.121875
17 0.21796875 0.51875 0.021875 0.10546875
17 0.1484375 0.328125 0.0265625 0.121875
8 0.35234375 0.2796875 0.0296875 0.15625
8 0.3 0.2859375 0.01953125 0.15625
4 0.34375 0.725 0.02421875 0.1875
17 0.240625 0.51875 0.02109375 0.10546875
8 0.3234375 0.28359375 0.02421875 0.15546875
3 0.4953125 0.76484375 0.0328125 0.22421875
3 0.6125 0.7984375 0.0421875 0.2578125
16 0.58046875 0.97890625 0.05078125 0.0421875
18 0.2109375 0.31875 0.0171875 0.121875
10 0.3234375 0.5 0.0265625 0.17578125
18 0.2296875 0.3109375 0.0171875 0.13046875