10 0.165625 0.70234375 0.08359375 0.33203125
17 0.37265625 0.34765625 0.07890625 0.21796875
24 0.528125 0.3296875 0.071875 0.271875
8 0.2515625 0.6984375 0.0796875 0.3234375
4 0.70703125 0.93125 0.046875 0.1375
18 0.08125 0.31796875 0.0640625 0.2421875
24 0.4515625 0.31953125 0.0734375 0.28046875
8 0.41015625 0.69375 0.0703125 0.3015625
17 0.22578125 0.34296875 0.05546875 0.20625
2 0.75390625 0.69140625 0.04296875 0.234375
18 0.15546875 0.321875 0.078125 0.24375
8 0.48125 0.69140625 0.065625 0.29140625
24 0.78671875 0.35859375 0.05390625 0.2421875
8 0.3328125 0.696875 0.07578125 0.31015625
0 0.80078125 0.6796875 0.04609375 0.2515625
2 0.8984375 0.67109375 0.04609375 0.24140625
17 0.290625 0.34453125 0.0734375 0.2125
0 0.59765625 0.6984375 0.053125 0.25234375
0 0.6546875 0.6953125 0.053125 0.24140625
8 0.0671875 0.69765625 0.103125 0.35625
17 0.02265625 0.30859375 0.0453125 0.25546875
1 0.94921875 0.66953125 0.053125 0.23203125
24 0.7265625 0.3515625 0.0609375 0.2484375
0 0.5421875 0.69921875 0.053125 0.2578125
0 0.70625 0.69453125 0.046875 0.2375
24 0.66171875 0.34453125 0.06171875 0.25625
24 0.846875 0.38359375 0.05703125 0.2
3 0.615625 0.93671875 0.05 0.1265625
4 0.75625 0.928125 0.0515625 0.14375
0 0.84921875 0.67578125 0.046875 0.24453125
24 0.93671875 0.39453125 0.0609375 0.1859375
5 0.565625 0.93984375 0.046875 0.1203125
3 0.6625 0.93359375 0.040625 0.13203125
24 0.596875 0.33828125 0.059375 0.2640625
16 0.8046875 0.92578125 0.046875 0.1484375
17 0.23671875 0.97890625 0.0765625 0.0421875
22 0.38359375 0.9546875 0.0671875 0.090625
17 0.15859375 0.98359375 0.0734375 0.03203125
17 0.315625 0.984375 0.071875 0.03046875
5 0.509375 0.95078125 0.0515625 0.0984375