10 0.08046875 0.3375 0.1109375 0.43828125
8 0.44375 0.35 0.08046875 0.35859375
10 0.36015625 0.3578125 0.07890625 0.34921875
8 0.5828125 0.36015625 0.05390625 0.31796875
10 0.27734375 0.35234375 0.08046875 0.375
10 0.1875 0.34765625 0.09375 0.4015625
5 0.68359375 0.346875 0.053125 0.31484375
8 0.5203125 0.35390625 0.0671875 0.33828125
8 0.6328125 0.3625 0.046875 0.2984375
3 0.890625 0.37734375 0.05390625 0.23984375
5 0.7234375 0.3515625 0.040625 0.3046875
5 0.8359375 0.36953125 0.06171875 0.26640625
3 0.93515625 0.38046875 0.03984375 0.2265625
5 0.77109375 0.359375 0.06796875 0.2890625
4 0.97109375 0.38515625 0.03828125 0.2109375
10 0.00859375 0.3453125 0.0171875 0.44765625
4 0.99296875 0.38828125 0.0140625 0.1953125