2 0.12734375 0.415625 0.06328125 0.246875
3 0.15546875 0.8953125 0.04453125 0.16640625
0 0.190625 0.41796875 0.0578125 0.2328125
8 0.353125 0.14296875 0.0546875 0.24453125
8 0.16484375 0.1171875 0.06796875 0.2328125
8 0.29453125 0.128125 0.05625 0.25234375
1 0.30625 0.42734375 0.05 0.2
3 0.059375 0.9171875 0.0484375 0.165625
8 0.40703125 0.15703125 0.04921875 0.2359375
3 0.19921875 0.88203125 0.03984375 0.15625
1 0.3578125 0.42578125 0.046875 0.20625
24 0.340625 0.65234375 0.04609375 0.1703125
24 0.290625 0.659375 0.04765625 0.17578125
3 0.10859375 0.90703125 0.04609375 0.16640625
2 0.4015625 0.43671875 0.0375 0.178125
24 0.23671875 0.6671875 0.05390625 0.1828125
8 0.09140625 0.1125 0.071875 0.22421875
10 0.59140625 0.2109375 0.0296875 0.1796875
1 0.56796875 0.4390625 0.0328125 0.1515625
8 0.23203125 0.121875 0.0609375 0.240625
2 0.05625 0.4140625 0.071875 0.25078125
8 0.4921875 0.18671875 0.0375 0.19921875
8 0.56015625 0.203125 0.0328125 0.1875
8 0.52734375 0.19453125 0.03203125 0.19453125
3 0.01640625 0.921875 0.0328125 0.15625
24 0.11640625 0.68359375 0.059375 0.19921875
0 0.25078125 0.4328125 0.05625 0.1953125
8 0.45234375 0.17578125 0.03984375 0.21171875
24 0.178125 0.675 0.05546875 0.190625
2 0.43828125 0.43671875 0.0359375 0.1734375
10 0.62109375 0.21640625 0.0296875 0.17578125
0 0.4734375 0.4375 0.03203125 0.16796875
18 0.92265625 0.4546875 0.02109375 0.09609375
0 0.50625 0.44296875 0.0328125 0.153125
0 0.53671875 0.44296875 0.028125 0.1484375
24 0.54375 0.63984375 0.03828125 0.121875
24 0.3875 0.646875 0.04140625 0.16328125
17 0.8671875 0.4546875 0.028125 0.10078125
16 0.35078125 0.8359375 0.03125 0.13515625
17 0.84140625 0.45390625 0.021875 0.10390625
16 0.48203125 0.80546875 0.0359375 0.13203125
17 0.815625 0.44375 0.03046875 0.12578125
24 0.50546875 0.64375 0.034375 0.125
16 0.38203125 0.82734375 0.0296875 0.12578125
17 0.8921875 0.45390625 0.0203125 0.09921875
24 0.04921875 0.68984375 0.065625 0.2109375
18 0.94375 0.45625 0.0203125 0.090625
24 0.42890625 0.6421875 0.03828125 0.15546875
16 0.315625 0.84921875 0.03671875 0.14453125
16 0.278125 0.859375 0.0375 0.14921875
17 0.9546875 0.46015625 0.02109375 0.08828125
2 0.0078125 0.42109375 0.01484375 0.24765625
24 0.46796875 0.64609375 0.03671875 0.1296875
24 0.00703125 0.69921875 0.01328125 0.20859375
18 0.90703125 0.45390625 0.0109375 0.0984375
16 0.4484375 0.8125 0.0328125 0.13671875