0 0.54921875 0.48671875 0.04375 0.1921875
10 0.328125 0.49140625 0.040625 0.18828125
17 0.63828125 0.8359375 0.046875 0.17578125
10 0.5046875 0.4875 0.04140625 0.18984375
8 0.09921875 0.49296875 0.0421875 0.19453125
17 0.68828125 0.84296875 0.0453125 0.146875
17 0.53984375 0.8328125 0.0453125 0.17578125
8 0.23671875 0.490625 0.04140625 0.18984375
17 0.19921875 0.82734375 0.05 0.17109375
17 0.734375 0.840625 0.0421875 0.15390625
17 0.3484375 0.8265625 0.04609375 0.17265625
17 0.29921875 0.828125 0.046875 0.16875
17 0.58828125 0.8359375 0.046875 0.17734375
17 0.39609375 0.828125 0.04453125 0.17265625
8 0.14375 0.4921875 0.04375 0.1921875
17 0.25 0.828125 0.04609375 0.16875
17 0.7828125 0.83828125 0.0515625 0.14921875
8 0.19140625 0.4921875 0.0453125 0.190625
17 0.8421875 0.83125 0.05703125 0.15625
10 0.415625 0.4890625 0.0421875 0.19296875
10 0.371875 0.48984375 0.04140625 0.1921875
16 0.79921875 0.45859375 0.04765625 0.25078125
17 0.490625 0.83125 0.04609375 0.178125
17 0.44296875 0.82890625 0.04453125 0.1828125
8 0.2828125 0.4921875 0.04609375 0.1921875
18 0.1375 0.8171875 0.06328125 0.20703125
24 0.64921875 0.48125 0.0546875 0.20234375
10 0.46015625 0.48828125 0.04140625 0.18984375
3 0.75234375 0.4609375 0.0421875 0.2453125
24 0.59609375 0.49609375 0.04609375 0.17109375
3 0.70390625 0.4609375 0.05 0.24453125
16 0.85078125 0.45859375 0.053125 0.25078125
16 0.990625 0.51328125 0.01796875 0.1328125
18 0.23203125 0.9859375 0.06171875 0.028125