10 0.34921875 0.39609375 0.07734375 0.34921875
8 0.43203125 0.38515625 0.07890625 0.35859375
10 0.17421875 0.3875 0.096875 0.4109375
10 0.06484375 0.3828125 0.11484375 0.446875
8 0.56875 0.3921875 0.05390625 0.31328125
10 0.2671875 0.39140625 0.0828125 0.38046875
8 0.50625 0.3875 0.06484375 0.33671875
8 0.61875 0.39375 0.0453125 0.29765625
5 0.7015625 0.38203125 0.040625 0.3
3 0.86640625 0.403125 0.0484375 0.23359375
5 0.81484375 0.3984375 0.05625 0.25546875
5 0.66484375 0.378125 0.0453125 0.31171875
3 0.90859375 0.40625 0.03828125 0.22109375
4 0.9453125 0.4109375 0.0359375 0.2015625
4 0.990625 0.41640625 0.01875 0.18515625
5 0.74921875 0.38984375 0.065625 0.28359375
17 0.02890625 0.85703125 0.0578125 0.2859375
4 0.971875 0.41484375 0.021875 0.1875