10 0.115625 0.17734375 0.0546875 0.24921875
18 0.459375 0.8734375 0.06796875 0.240625
17 0.24296875 0.8734375 0.06953125 0.240625
17 0.38828125 0.53828125 0.05625 0.20234375
17 0.09375 0.87109375 0.06953125 0.2421875
8 0.17265625 0.18125 0.053125 0.246875
12 0.5765625 0.184375 0.07265625 0.28203125
18 0.80625 0.87578125 0.06328125 0.23046875
17 0.265625 0.534375 0.0609375 0.20625
18 0.1390625 0.53046875 0.059375 0.20625
11 0.64765625 0.18671875 0.0625 0.284375
17 0.3875 0.87109375 0.06796875 0.2421875
8 0.228125 0.184375 0.053125 0.240625
11 0.784375 0.19453125 0.06875 0.28125
18 0.20234375 0.5328125 0.0578125 0.2046875
17 0.16796875 0.8734375 0.071875 0.24296875
11 0.71328125 0.1921875 0.065625 0.278125
17 0.315625 0.871875 0.06875 0.23984375
17 0.72578125 0.528125 0.06796875 0.23984375
17 0.51328125 0.51875 0.0671875 0.2421875
17 0.328125 0.53671875 0.0578125 0.2046875
10 0.0578125 0.1703125 0.0546875 0.253125
11 0.9546875 0.20390625 0.053125 0.28359375
17 0.87734375 0.8671875 0.07265625 0.24921875
17 0.44765625 0.5390625 0.05703125 0.20234375
0 0.4953125 0.190625 0.06796875 0.2640625
17 0.5828125 0.521875 0.065625 0.23984375
0 0.3578125 0.178125 0.065625 0.26953125
0 0.4265625 0.184375 0.0640625 0.27421875
17 0.6546875 0.52578125 0.06953125 0.23984375
18 0.59921875 0.87265625 0.065625 0.23359375
18 0.73828125 0.8765625 0.06484375 0.23046875
18 0.53046875 0.8703125 0.065625 0.240625
11 0.9015625 0.20234375 0.0515625 0.28359375
18 0.66953125 0.8765625 0.065625 0.23125
11 0.846875 0.19921875 0.05390625 0.28125
0 0.28984375 0.17109375 0.065625 0.2734375
5 0.909375 0.51875 0.06171875 0.2671875
11 0.990625 0.19765625 0.01875 0.23359375
5 0.85078125 0.51875 0.05546875 0.26640625
3 0.79453125 0.52265625 0.059375 0.26171875
16 0.08125 0.53046875 0.05 0.1921875