10 0.65078125 0.21796875 0.06796875 0.16328125
8 0.440625 0.215625 0.065625 0.16328125
5 0.72265625 0.8796875 0.04765625 0.121875
13 0.60625 0.728125 0.065625 0.121875
5 0.675 0.87734375 0.04609375 0.1171875
6 0.15078125 0.7171875 0.06796875 0.11484375
8 0.22890625 0.2140625 0.06484375 0.1625
5 0.57890625 0.8734375 0.04375 0.1140625
8 0.51171875 0.215625 0.06796875 0.16328125
10 0.58125 0.2171875 0.06484375 0.1625
4 0.29375 0.8734375 0.04765625 0.12578125
13 0.67109375 0.72734375 0.05546875 0.11640625
8 0.29765625 0.21484375 0.0671875 0.16171875
8 0.51015625 0.57265625 0.05234375 0.125
10 0.76875 0.575 0.0484375 0.1265625
10 0.796875 0.221875 0.06953125 0.15703125
8 0.35625 0.39921875 0.06328125 0.15078125
10 0.940625 0.22578125 0.0625 0.15
6 0.221875 0.71953125 0.065625 0.115625
8 0.09453125 0.39609375 0.06328125 0.15078125
5 0.62578125 0.87578125 0.04609375 0.11640625
3 0.2 0.86953125 0.04296875 0.125
10 0.66640625 0.575 0.0484375 0.12578125
4 0.48359375 0.87265625 0.04609375 0.11875
10 0.87109375 0.22578125 0.06953125 0.15078125
10 0.62578125 0.40234375 0.06328125 0.15
10 0.72265625 0.21796875 0.0671875 0.16328125
17 0.7265625 0.72890625 0.05234375 0.103125
8 0.36953125 0.215625 0.06796875 0.1625
4 0.43671875 0.87265625 0.0453125 0.11796875
10 0.82109375 0.57578125 0.05 0.12578125
8 0.1578125 0.396875 0.05703125 0.15
10 0.82734375 0.4046875 0.0671875 0.15078125
8 0.15859375 0.2140625 0.06953125 0.1625
8 0.49140625 0.40546875 0.06328125 0.14140625
8 0.2546875 0.5703125 0.0484375 0.1296875
8 0.30625 0.571875 0.05 0.12578125
8 0.35859375 0.571875 0.05 0.1265625
5 0.8234375 0.8765625 0.04765625 0.11484375
10 0.75859375 0.403125 0.06171875 0.1484375
8 0.10390625 0.56953125 0.05078125 0.12734375
10 0.56328125 0.57265625 0.05 0.12578125
10 0.69296875 0.403125 0.06171875 0.1484375
10 0.71796875 0.575 0.0484375 0.12578125
10 0.5578125 0.40234375 0.06328125 0.146875
8 0.42421875 0.40078125 0.06328125 0.14921875
8 0.2875 0.3984375 0.065625 0.153125
17 0.784375 0.734375 0.05546875 0.1015625
8 0.21953125 0.39765625 0.0625 0.1515625
5 0.53203125 0.8734375 0.04609375 0.11640625
4 0.390625 0.871875 0.04140625 0.11875
4 0.34296875 0.8734375 0.04765625 0.1234375
8 0.0875 0.2140625 0.065625 0.1625
10 0.61484375 0.5734375 0.04765625 0.12578125
8 0.4078125 0.57109375 0.04609375 0.12734375
8 0.4578125 0.5734375 0.0484375 0.125
5 0.77421875 0.88046875 0.0484375 0.12265625
10 0.8734375 0.575 0.05 0.12421875
10 0.8984375 0.40625 0.065625 0.14921875
4 0.2453125 0.871875 0.04609375 0.1265625
8 0.20234375 0.571875 0.05078125 0.12734375
17 0.8421875 0.7328125 0.0546875 0.1015625
3 0.15078125 0.86953125 0.05 0.1265625
8 0.153125 0.5703125 0.04296875 0.1265625
13 0.396875 0.721875 0.06953125 0.11875
13 0.53828125 0.72578125 0.06015625 0.115625
8 0.7109375 0.9859375 0.065625 0.028125
8 0.503125 0.984375 0.0671875 0.03125
8 0.4375 0.98359375 0.0484375 0.03203125
8 0.56953125 0.98515625 0.06484375 0.0296875
8 0.790625 0.98515625 0.0625 0.0296875
8 0.63984375 0.98515625 0.0734375 0.0296875
8 0.38125 0.98359375 0.03671875 0.0328125
8 0.33828125 0.98359375 0.034375 0.0328125
8 0.74609375 0.98671875 0.05703125 0.0265625