10 0.3546875 0.68046875 0.059375 0.26953125
17 0.56015625 0.24921875 0.0734375 0.25234375
17 0.70390625 0.71640625 0.05390625 0.1875
8 0.5828125 0.69140625 0.0546875 0.240625
10 0.41484375 0.68203125 0.05625 0.2640625
17 0.63828125 0.2625 0.07265625 0.246875
10 0.1859375 0.6546875 0.0921875 0.32734375
10 0.4734375 0.68671875 0.0546875 0.2578125
10 0.0875 0.65078125 0.09375 0.33828125
17 0.64453125 0.71640625 0.05703125 0.1921875
18 0.8171875 0.7109375 0.04765625 0.20234375
10 0.528125 0.68828125 0.05 0.24921875
18 0.709375 0.27578125 0.06328125 0.2421875
8 0.27890625 0.6609375 0.084375 0.31796875
17 0.8359375 0.31875 0.0421875 0.1921875
17 0.8828125 0.32734375 0.04609375 0.18828125
18 0.7625 0.7125 0.05625 0.20234375
18 0.7796875 0.28671875 0.06484375 0.23828125
17 0.92890625 0.33515625 0.040625 0.18515625
17 0.96328125 0.3421875 0.028125 0.17734375
21 0.484375 0.2328125 0.06875 0.2578125
21 0.396875 0.21796875 0.0890625 0.26796875
19 0.30234375 0.1890625 0.096875 0.3078125
19 0.1890625 0.165625 0.1109375 0.30234375