10 0.20546875 0.24375 0.06484375 0.253125
2 0.478125 0.30703125 0.03359375 0.18203125
8 0.26640625 0.27265625 0.05 0.20703125
18 0.9171875 0.51640625 0.021875 0.1296875
0 0.6421875 0.3234375 0.03125 0.175
3 0.1109375 0.8203125 0.0546875 0.23828125
8 0.315625 0.28046875 0.04453125 0.2015625
7 0.70625 0.3328125 0.03359375 0.1640625
2 0.54453125 0.315625 0.03125 0.1734375
16 0.5296875 0.9265625 0.03046875 0.146875
10 0.40078125 0.29609375 0.0390625 0.190625
24 0.4625 0.55703125 0.03828125 0.146875
7 0.6734375 0.328125 0.03125 0.1703125
3 0.16484375 0.809375 0.0484375 0.22890625
3 0.21484375 0.8 0.04609375 0.2234375
10 0.359375 0.2890625 0.03984375 0.1953125
2 0.57578125 0.3203125 0.0296875 0.1703125
8 0.13359375 0.2625 0.0671875 0.209375
16 0.60390625 0.90546875 0.03671875 0.15546875
0 0.44140625 0.3015625 0.0375 0.18515625
3 0.04921875 0.83125 0.0609375 0.24921875
16 0.49921875 0.92890625 0.0296875 0.1421875
24 0.50234375 0.54140625 0.0375 0.16640625
0 0.60859375 0.31953125 0.03359375 0.178125
24 0.41953125 0.55859375 0.04140625 0.153125
24 0.540625 0.5390625 0.0359375 0.1609375
2 0.51171875 0.31171875 0.03203125 0.178125
8 0.0609375 0.259375 0.07109375 0.2015625
18 0.9625 0.51328125 0.02109375 0.12421875
24 0.57734375 0.53828125 0.034375 0.15703125
3 0.34609375 0.77421875 0.0375 0.20234375
18 0.940625 0.51484375 0.02109375 0.12734375
24 0.27734375 0.56484375 0.04921875 0.165625
17 0.80859375 0.54140625 0.01875 0.10859375
16 0.175 0.5671875 0.0515625 0.17578125
17 0.71328125 0.5546875 0.0296875 0.1078125
18 0.984375 0.5125 0.0203125 0.1203125
24 0.32890625 0.56171875 0.0453125 0.1609375
4 0.6375 0.7203125 0.02578125 0.15703125
17 0.85234375 0.5265625 0.021875 0.12734375
4 0.6109375 0.7265625 0.025 0.15703125
17 0.74140625 0.553125 0.025 0.10390625
17 0.8296875 0.5390625 0.021875 0.1078125
3 0.2609375 0.790625 0.04140625 0.21640625
3 0.3046875 0.78203125 0.04140625 0.209375
17 0.87421875 0.525 0.02109375 0.12421875
17 0.89609375 0.52265625 0.0203125 0.125
17 0.76640625 0.55078125 0.021875 0.1015625
17 0.78828125 0.54375 0.0203125 0.1109375
24 0.37421875 0.56015625 0.04140625 0.15546875
16 0.22578125 0.565625 0.046875 0.1703125
4 0.52109375 0.74140625 0.0296875 0.17109375
4 0.6625 0.7140625 0.0234375 0.1515625
4 0.48984375 0.746875 0.03046875 0.178125
4 0.55234375 0.7359375 0.03125 0.1640625
10 0.8015625 0.14296875 0.03203125 0.16171875
4 0.5828125 0.7296875 0.028125 0.15859375
3 0.421875 0.76015625 0.034375 0.1921875
22 0.64453125 0.5375 0.03359375 0.15078125
16 0.1609375 0.98125 0.04765625 0.03671875
10 0.01015625 0.23046875 0.0203125 0.240625
22 0.67734375 0.5359375 0.03046875 0.14609375
16 0.1109375 0.9875 0.04609375 0.02421875
16 0.46953125 0.93359375 0.0296875 0.1328125
3 0.38515625 0.7671875 0.03671875 0.1953125
22 0.61171875 0.54609375 0.0296875 0.1375