17 0.546875 0.2140625 0.075 0.2625
10 0.16484375 0.63359375 0.09609375 0.33671875
10 0.4 0.659375 0.05703125 0.2640625
10 0.06015625 0.6296875 0.1015625 0.35390625
10 0.33828125 0.65703125 0.0609375 0.27421875
10 0.45859375 0.66015625 0.05546875 0.2578125
10 0.5140625 0.6609375 0.04921875 0.24921875
8 0.5671875 0.6625 0.053125 0.240625
17 0.68515625 0.68671875 0.05 0.18671875
17 0.62578125 0.23203125 0.071875 0.25078125
17 0.6296875 0.68671875 0.05546875 0.18984375
8 0.2609375 0.63671875 0.08671875 0.3265625
17 0.8640625 0.3 0.04453125 0.18671875
17 0.81875 0.28515625 0.04140625 0.20234375
17 0.90703125 0.3078125 0.0390625 0.184375
18 0.740625 0.68046875 0.0546875 0.2015625
18 0.79453125 0.6796875 0.046875 0.19765625
3 0.14140625 0.9625 0.0734375 0.075
18 0.6953125 0.24765625 0.0609375 0.240625
3 0.01640625 0.97109375 0.0328125 0.0578125
17 0.9390625 0.31328125 0.02578125 0.1796875
18 0.7625 0.259375 0.06328125 0.23828125
7 0.28671875 0.9578125 0.0640625 0.084375
17 0.46484375 0.9828125 0.0515625 0.034375