24 0.4078125 0.4984375 0.0578125 0.2015625
2 0.0328125 0.18984375 0.0640625 0.27578125
0 0.41484375 0.20625 0.06796875 0.253125
24 0.3671875 0.76640625 0.05703125 0.2109375
0 0.15859375 0.19375 0.0578125 0.27109375
10 0.63125 0.215625 0.06015625 0.2453125
8 0.82578125 0.22421875 0.0609375 0.2359375
24 0.48984375 0.7671875 0.05625 0.209375
10 0.56484375 0.2140625 0.06484375 0.246875
24 0.428125 0.76875 0.05703125 0.2140625
24 0.303125 0.76796875 0.06015625 0.20859375
0 0.21953125 0.19609375 0.059375 0.26953125
10 0.49453125 0.21171875 0.06875 0.24765625
17 0.528125 0.4953125 0.05625 0.196875
0 0.34453125 0.203125 0.06484375 0.25703125
24 0.46796875 0.49765625 0.05625 0.19765625
17 0.7015625 0.50234375 0.0578125 0.178125
17 0.8375 0.496875 0.0640625 0.18671875
24 0.17578125 0.77265625 0.0609375 0.209375
24 0.28203125 0.496875 0.06015625 0.196875
8 0.95703125 0.234375 0.06328125 0.2375
17 0.76796875 0.49765625 0.0671875 0.190625
17 0.6421875 0.525 0.05390625 0.13671875
8 0.69765625 0.21796875 0.06484375 0.246875
8 0.89140625 0.22890625 0.06328125 0.22890625
24 0.3453125 0.4984375 0.0578125 0.2
0 0.096875 0.1890625 0.0625 0.2734375
8 0.7625 0.22109375 0.06171875 0.24296875
24 0.5515625 0.76171875 0.0578125 0.2046875
0 0.28046875 0.1984375 0.0578125 0.2640625
17 0.5859375 0.50859375 0.05390625 0.16875
24 0.215625 0.496875 0.0625 0.196875
24 0.1109375 0.77265625 0.0609375 0.209375
18 0.90859375 0.528125 0.065625 0.12265625
13 0.6265625 0.75546875 0.07578125 0.19765625
24 0.2390625 0.7703125 0.05703125 0.209375
13 0.7046875 0.75546875 0.071875 0.19765625
8 0.9921875 0.23984375 0.015625 0.240625
13 0.8625 0.7546875 0.06171875 0.1953125