8 0.50703125 0.246875 0.065625 0.15625
8 0.43828125 0.246875 0.065625 0.15625
8 0.1578125 0.24375 0.06796875 0.159375
5 0.575 0.9015625 0.0453125 0.11796875
5 0.67109375 0.90390625 0.04609375 0.11953125
10 0.68515625 0.42890625 0.06171875 0.14375
8 0.22890625 0.2453125 0.06484375 0.159375
5 0.71953125 0.90546875 0.0484375 0.1234375
10 0.61953125 0.42890625 0.0625 0.1453125
17 0.721875 0.75234375 0.05 0.10625
6 0.14140625 0.74609375 0.06796875 0.11640625
5 0.81953125 0.9 0.0453125 0.115625
10 0.575 0.24765625 0.06328125 0.15625
10 0.74921875 0.42890625 0.06015625 0.14375
5 0.62265625 0.903125 0.04609375 0.11953125
8 0.296875 0.2453125 0.065625 0.15703125
4 0.2359375 0.90546875 0.04765625 0.13125
5 0.528125 0.90234375 0.04609375 0.11953125
10 0.6421875 0.2484375 0.065625 0.15703125
10 0.85546875 0.25703125 0.0671875 0.14375
4 0.4796875 0.903125 0.04765625 0.12421875
8 0.50625 0.596875 0.05234375 0.12578125
10 0.66171875 0.5984375 0.0484375 0.125
10 0.71171875 0.5984375 0.04765625 0.125
8 0.403125 0.59609375 0.04609375 0.1296875
8 0.3671875 0.24609375 0.06796875 0.1578125
8 0.08828125 0.2421875 0.06484375 0.1609375
10 0.9203125 0.25546875 0.05703125 0.1484375
8 0.35390625 0.59765625 0.05 0.12734375
10 0.784375 0.253125 0.0671875 0.15
10 0.559375 0.596875 0.05 0.1265625
8 0.353125 0.42421875 0.0625 0.14921875
10 0.61015625 0.59765625 0.0484375 0.1265625
8 0.15546875 0.42421875 0.0578125 0.1484375
10 0.553125 0.43046875 0.0625 0.140625
8 0.4859375 0.43359375 0.06328125 0.13125
6 0.2125 0.74765625 0.065625 0.11796875
8 0.453125 0.5984375 0.05 0.1265625
10 0.71171875 0.25 0.06484375 0.15703125
10 0.81640625 0.4296875 0.06484375 0.14609375
10 0.7625 0.5984375 0.0484375 0.12578125
17 0.83515625 0.75625 0.05078125 0.1
8 0.21796875 0.42421875 0.06171875 0.15078125
17 0.77890625 0.7578125 0.05546875 0.1015625
5 0.7703125 0.90546875 0.0484375 0.12421875
8 0.28515625 0.425 0.065625 0.14921875
13 0.6015625 0.75234375 0.0671875 0.1234375
4 0.43125 0.903125 0.04609375 0.12578125
8 0.3015625 0.59765625 0.05078125 0.128125
10 0.81328125 0.5984375 0.0484375 0.12421875
4 0.38515625 0.90390625 0.04375 0.125
10 0.884375 0.4328125 0.0625 0.14140625
8 0.4203125 0.428125 0.06328125 0.14375
8 0.09140625 0.4234375 0.06328125 0.14921875
8 0.196875 0.596875 0.05078125 0.13046875
10 0.8640625 0.59765625 0.05 0.12421875
13 0.66640625 0.7515625 0.05546875 0.11796875
8 0.24921875 0.596875 0.05 0.13046875
4 0.33671875 0.90546875 0.04765625 0.128125
8 0.09765625 0.596875 0.05234375 0.13046875
3 0.13984375 0.90390625 0.053125 0.13125
4 0.28671875 0.90546875 0.0484375 0.13046875
8 0.14765625 0.59609375 0.04375 0.13046875
3 0.1890625 0.90390625 0.04375 0.1265625
13 0.39140625 0.7484375 0.06953125 0.11953125