8 0.18671875 0.53515625 0.0578125 0.24296875
10 0.36875 0.54765625 0.053125 0.2328125
19 0.33359375 0.821875 0.08671875 0.20703125
8 0.12734375 0.52890625 0.05703125 0.24453125
10 0.603125 0.56484375 0.06875 0.22421875
10 0.675 0.5703125 0.0671875 0.22109375
10 0.42421875 0.5515625 0.05390625 0.2328125
17 0.63359375 0.8328125 0.06875 0.19296875
24 0.17890625 0.81484375 0.059375 0.20234375
10 0.4796875 0.5546875 0.05234375 0.22890625
8 0.74609375 0.578125 0.065625 0.21875
8 0.95234375 0.5890625 0.06484375 0.21640625
10 0.5359375 0.559375 0.05546875 0.22890625
18 0.7 0.840625 0.0578125 0.2
24 0.24609375 0.82265625 0.0671875 0.20859375
1 0.0609375 0.52578125 0.06875 0.2421875
8 0.2484375 0.5390625 0.06015625 0.23984375
17 0.8703125 0.865625 0.0546875 0.153125
18 0.75703125 0.86015625 0.0515625 0.16171875
17 0.8125 0.875 0.0546875 0.1328125
8 0.88203125 0.58359375 0.06953125 0.215625
8 0.8125 0.57890625 0.0625 0.21875
8 0.3109375 0.54375 0.059375 0.2359375
24 0.0453125 0.809375 0.06484375 0.20625
24 0.1140625 0.81015625 0.0625 0.2046875
17 0.5609375 0.8625 0.0671875 0.1375
5 0.378125 0.9890625 0.05 0.021875
24 0.0046875 0.8125 0.009375 0.19921875
5 0.44140625 0.98984375 0.053125 0.01953125
5 0.321875 0.9890625 0.06015625 0.021875