19 0.35703125 0.8359375 0.084375 0.20234375
10 0.38203125 0.56640625 0.0515625 0.22578125
24 0.2078125 0.8359375 0.05546875 0.19765625
10 0.6109375 0.5703125 0.065625 0.21875
24 0.271875 0.840625 0.06484375 0.2015625
8 0.15 0.5625 0.05546875 0.23515625
8 0.95546875 0.5765625 0.0640625 0.215625
8 0.2078125 0.56484375 0.0546875 0.2375
8 0.75078125 0.575 0.0640625 0.21875
10 0.5453125 0.56796875 0.0546875 0.2234375
10 0.68125 0.57265625 0.065625 0.21640625
8 0.3265625 0.56640625 0.05546875 0.228125
10 0.43671875 0.56640625 0.0515625 0.2265625
24 0.08046875 0.83671875 0.0625 0.19921875
8 0.26640625 0.5640625 0.05625 0.2328125
17 0.884375 0.846875 0.0546875 0.16640625
18 0.715625 0.8359375 0.05625 0.19765625
17 0.65078125 0.83125 0.06796875 0.19296875
10 0.48984375 0.5671875 0.0515625 0.2234375
1 0.0875 0.56171875 0.0640625 0.23515625
8 0.884375 0.575 0.06953125 0.2140625
8 0.815625 0.5734375 0.06015625 0.21328125
24 0.14609375 0.834375 0.06015625 0.19921875
17 0.82734375 0.85625 0.0546875 0.1515625
18 0.771875 0.84140625 0.0515625 0.1875
17 0.5796875 0.85234375 0.0671875 0.1609375
10 0.99453125 0.57890625 0.01015625 0.21875
16 0.86875 0.98515625 0.0515625 0.02890625
6 0.92265625 0.984375 0.0546875 0.03125
8 0.759375 0.98828125 0.0484375 0.0234375