12 0.18828125 0.24140625 0.0734375 0.2765625
16 0.54453125 0.8625 0.04921875 0.24453125
16 0.646875 0.86484375 0.0515625 0.24453125
16 0.23984375 0.85546875 0.053125 0.24296875
16 0.3421875 0.859375 0.0515625 0.2453125
12 0.2671875 0.246875 0.07734375 0.27109375
17 0.0734375 0.565625 0.071875 0.2453125
10 0.5421875 0.26875 0.05390625 0.2453125
8 0.48359375 0.26484375 0.05625 0.25078125
10 0.42109375 0.25078125 0.06171875 0.271875
3 0.8109375 0.86875 0.0515625 0.2359375
16 0.4453125 0.85859375 0.04765625 0.23984375
2 0.78203125 0.275 0.0546875 0.25
8 0.35234375 0.24609375 0.06953125 0.271875
17 0.15 0.56796875 0.075 0.2453125
24 0.821875 0.59453125 0.06171875 0.23125
2 0.8375 0.27578125 0.05390625 0.25078125
16 0.39453125 0.85859375 0.04921875 0.2421875
24 0.8875 0.59296875 0.06171875 0.2265625
11 0.0453125 0.221875 0.06328125 0.30703125
16 0.49453125 0.86171875 0.04765625 0.24296875
17 0.28984375 0.603125 0.05 0.1828125
16 0.5953125 0.8625 0.0484375 0.2453125
1 0.95546875 0.28046875 0.05546875 0.2453125
11 0.11328125 0.23125 0.06953125 0.29375
17 0.34296875 0.6109375 0.05390625 0.16875
3 0.7078125 0.86640625 0.05546875 0.24453125
24 0.95234375 0.590625 0.06328125 0.23125
24 0.75859375 0.59375 0.059375 0.22890625
1 0.89609375 0.27734375 0.05703125 0.25
0 0.60625 0.25546875 0.065625 0.27578125
0 0.72578125 0.27421875 0.05390625 0.24921875
3 0.86484375 0.86953125 0.0546875 0.23984375
17 0.45625 0.615625 0.05703125 0.165625
0 0.66875 0.27109375 0.05546875 0.25078125
16 0.2921875 0.85859375 0.0484375 0.2453125
3 0.7609375 0.86796875 0.04609375 0.2375
24 0.69453125 0.6078125 0.0578125 0.19453125
18 0.22578125 0.5703125 0.07109375 0.24765625
24 0.575 0.61015625 0.05546875 0.18515625
24 0.634375 0.60859375 0.0546875 0.1921875
18 0.515625 0.61640625 0.05546875 0.17265625
16 0.14296875 0.88046875 0.04609375 0.1796875
24 0.99453125 0.5921875 0.01015625 0.23359375
11 0.0078125 0.21953125 0.01484375 0.309375
16 0.1890625 0.8828125 0.0421875 0.1828125