7 0.68203125 0.3828125 0.03125 0.17109375
7 0.715625 0.3875 0.03359375 0.16875
10 0.2015625 0.27578125 0.06953125 0.2640625
2 0.58359375 0.37109375 0.03046875 0.1734375
8 0.1265625 0.29296875 0.0703125 0.21796875
10 0.3625 0.32890625 0.04140625 0.20390625
3 0.0234375 0.88125 0.04609375 0.2375
8 0.26484375 0.309375 0.053125 0.215625
8 0.3171875 0.3203125 0.04609375 0.20703125
10 0.40546875 0.33828125 0.03984375 0.196875
2 0.51875 0.35859375 0.0328125 0.18046875
8 0.0484375 0.27890625 0.0765625 0.22421875
17 0.81328125 0.60390625 0.01875 0.11015625
0 0.61640625 0.3703125 0.034375 0.18203125
18 0.921875 0.58046875 0.021875 0.1328125
2 0.48359375 0.3515625 0.034375 0.18671875
18 0.965625 0.57890625 0.02109375 0.125
18 0.94375 0.5796875 0.0203125 0.128125
17 0.9 0.5859375 0.0203125 0.1296875
3 0.13984375 0.87421875 0.05390625 0.246875
3 0.08046875 0.88046875 0.06015625 0.23828125
24 0.5421875 0.59453125 0.03671875 0.16796875
2 0.55234375 0.365625 0.03203125 0.17734375
24 0.46171875 0.6109375 0.03984375 0.153125
0 0.44609375 0.34609375 0.0390625 0.18984375
24 0.41640625 0.61171875 0.04453125 0.15703125
24 0.32109375 0.6125 0.04765625 0.16875
17 0.834375 0.603125 0.02265625 0.10859375
17 0.85703125 0.59140625 0.02109375 0.12734375
18 0.98671875 0.57890625 0.01796875 0.121875
17 0.878125 0.58828125 0.02109375 0.12578125
24 0.5796875 0.59453125 0.0359375 0.1640625
0 0.65 0.37578125 0.03046875 0.17734375
16 0.49375 0.965625 0.03125 0.06796875
24 0.503125 0.596875 0.0390625 0.17578125
17 0.7171875 0.6125 0.0296875 0.1109375
24 0.2671875 0.6140625 0.05390625 0.178125
16 0.52578125 0.9625 0.03125 0.075
3 0.19375 0.86484375 0.04921875 0.2375
17 0.77109375 0.6125 0.02265625 0.10546875
17 0.79296875 0.60546875 0.0203125 0.11328125
17 0.746875 0.6140625 0.025 0.1078125
4 0.61015625 0.79140625 0.02578125 0.16796875
4 0.63671875 0.78671875 0.028125 0.16796875
24 0.3703125 0.61171875 0.04453125 0.1640625
3 0.24296875 0.85703125 0.0453125 0.22890625
10 0.8125 0.203125 0.0328125 0.15703125
4 0.66328125 0.78046875 0.02421875 0.159375
3 0.33359375 0.840625 0.03984375 0.21328125
3 0.290625 0.8484375 0.04453125 0.21953125
16 0.5984375 0.95078125 0.0421875 0.0984375
16 0.46015625 0.9703125 0.03359375 0.059375
4 0.55 0.8 0.03203125 0.1734375
4 0.58203125 0.79609375 0.0296875 0.16875
3 0.4140625 0.825 0.03671875 0.2
22 0.64921875 0.59453125 0.03359375 0.15625
22 0.68203125 0.59296875 0.03046875 0.1515625
4 0.51796875 0.80703125 0.03046875 0.1796875
16 0.21328125 0.6125 0.0484375 0.18203125
22 0.61484375 0.5984375 0.03125 0.14921875