17 0.39140625 0.65625 0.0359375 0.12578125
16 0.20859375 0.63984375 0.0265625 0.146875
17 0.42890625 0.65703125 0.03671875 0.12578125
22 0.5015625 0.66171875 0.0328125 0.12265625
16 0.23671875 0.640625 0.02890625 0.1484375
13 0.8171875 0.67109375 0.03671875 0.13515625
17 0.35390625 0.6546875 0.0359375 0.12578125
22 0.5359375 0.6625 0.0328125 0.125
3 0.07265625 0.39140625 0.02421875 0.14375
16 0.01484375 0.63046875 0.02890625 0.1484375
8 0.55 0.425 0.03359375 0.13046875
10 0.35546875 0.4203125 0.025 0.1171875
16 0.06953125 0.6328125 0.0296875 0.1484375
5 0.12734375 0.39453125 0.0265625 0.14609375
4 0.21171875 0.3984375 0.028125 0.14609375
2 0.88046875 0.44765625 0.0265625 0.1171875
0 0.70390625 0.43125 0.0359375 0.1328125
8 0.41640625 0.41875 0.03046875 0.128125
10 0.48203125 0.421875 0.03125 0.128125
22 0.46640625 0.6609375 0.03359375 0.12265625
16 0.26484375 0.6421875 0.0265625 0.146875
0 0.79765625 0.44375 0.02578125 0.11484375
2 0.90703125 0.44921875 0.025 0.11484375
16 0.6203125 0.66875 0.02890625 0.1203125
5 0.09921875 0.3921875 0.0265625 0.14609375
8 0.3015625 0.41875 0.02578125 0.11484375
10 0.515625 0.4234375 0.03203125 0.128125
16 0.18125 0.63828125 0.02578125 0.146875
16 0.0421875 0.63125 0.025 0.14921875
2 0.85234375 0.44765625 0.02578125 0.1125
4 0.24375 0.4015625 0.03359375 0.14609375
10 0.66328125 0.4328125 0.0359375 0.12265625
0 0.76953125 0.4421875 0.0265625 0.115625
13 0.85546875 0.67265625 0.0359375 0.1375
5 0.15546875 0.39609375 0.028125 0.146875
8 0.5875 0.425 0.03671875 0.1328125
8 0.44921875 0.4203125 0.03125 0.128125
0 0.825 0.4453125 0.0265625 0.11328125
4 0.18359375 0.39765625 0.02578125 0.14609375
16 0.32109375 0.64375 0.02890625 0.146875
8 0.384375 0.4171875 0.03046875 0.12734375
3 0.0453125 0.38984375 0.028125 0.14453125
0 0.7390625 0.4375 0.03125 0.12265625
10 0.62578125 0.425 0.0359375 0.134375
16 0.29296875 0.64296875 0.0265625 0.146875
10 0.3296875 0.4203125 0.025 0.11484375
16 0.15390625 0.63671875 0.0265625 0.1484375
8 0.275 0.41796875 0.02578125 0.11328125
16 0.64921875 0.66953125 0.0296875 0.11953125
13 0.89296875 0.67578125 0.0359375 0.1390625
3 0.01796875 0.3890625 0.02421875 0.14375
13 0.78046875 0.66875 0.034375 0.1375
16 0.59140625 0.67578125 0.028125 0.103125
16 0.565625 0.67578125 0.0234375 0.1015625
16 0.1 0.63515625 0.0296875 0.1484375
16 0.128125 0.63515625 0.0234375 0.146875