4 0.76015625 0.815625 0.0234375 0.14375
8 0.42890625 0.61796875 0.0390625 0.165625
8 0.46875 0.6203125 0.03828125 0.1609375
4 0.7828125 0.8140625 0.021875 0.13984375
2 0.75234375 0.64375 0.0234375 0.12421875
8 0.33515625 0.60859375 0.04765625 0.184375
8 0.2828125 0.60703125 0.053125 0.18828125
18 0.90625 0.65546875 0.02109375 0.0984375
8 0.54140625 0.63359375 0.0296875 0.1390625
4 0.80390625 0.81171875 0.0203125 0.13671875
0 0.77890625 0.63984375 0.02578125 0.13046875
10 0.57265625 0.63671875 0.03046875 0.134375
17 0.83046875 0.6421875 0.02421875 0.125
2 0.728125 0.64375 0.02265625 0.12265625
17 0.8828125 0.64609375 0.02421875 0.1171875
10 0.384375 0.61171875 0.04609375 0.178125
10 0.603125 0.6375 0.028125 0.1328125
17 0.85625 0.64296875 0.02578125 0.12421875
10 0.50703125 0.62421875 0.0359375 0.15546875
0 0.6828125 0.64296875 0.02265625 0.125
17 0.94296875 0.65546875 0.01875 0.09609375
18 0.925 0.65625 0.015625 0.096875
0 0.7046875 0.64296875 0.021875 0.12265625
0 0.8046875 0.640625 0.02421875 0.1296875
9 0.63359375 0.640625 0.0296875 0.1296875
9 0.659375 0.64140625 0.02265625 0.12734375
13 0.090625 0.58359375 0.06875 0.2328125
13 0.02578125 0.57421875 0.0515625 0.2453125
4 0.828125 0.809375 0.028125 0.13671875
13 0.15703125 0.590625 0.06015625 0.215625
3 0.7359375 0.81875 0.02578125 0.14609375