22 0.5171875 0.70859375 0.0328125 0.125
5 0.11484375 0.45859375 0.02578125 0.14375
10 0.525 0.46796875 0.0328125 0.12734375
22 0.55234375 0.70859375 0.0328125 0.12265625
17 0.44453125 0.7078125 0.0375 0.128125
16 0.3359375 0.69765625 0.028125 0.14921875
2 0.86484375 0.4765625 0.0265625 0.11484375
17 0.40625 0.7078125 0.0359375 0.12734375
13 0.8390625 0.7046875 0.0375 0.1390625
5 0.14140625 0.459375 0.02578125 0.1421875
5 0.16953125 0.45859375 0.0265625 0.1421875
16 0.19765625 0.69921875 0.02578125 0.1484375
16 0.6375 0.7109375 0.02890625 0.121875
16 0.25234375 0.7 0.028125 0.14921875
16 0.28046875 0.7 0.02578125 0.1484375
8 0.45859375 0.46796875 0.03046875 0.12578125
16 0.0875 0.69765625 0.0296875 0.146875
0 0.78125 0.47421875 0.0265625 0.11484375
10 0.6734375 0.46796875 0.03671875 0.12734375
17 0.36875 0.7078125 0.0359375 0.128125
16 0.22421875 0.7 0.0265625 0.1484375
8 0.59609375 0.465625 0.03671875 0.1328125
16 0.06015625 0.696875 0.025 0.1484375
4 0.22421875 0.45859375 0.0265625 0.14375
10 0.490625 0.46796875 0.03046875 0.12578125
22 0.48203125 0.70859375 0.03359375 0.12578125
8 0.39453125 0.46875 0.03046875 0.12578125
10 0.33984375 0.47421875 0.025 0.1125
16 0.3078125 0.69765625 0.0265625 0.14921875
2 0.921875 0.4765625 0.0265625 0.1171875
0 0.809375 0.47421875 0.02578125 0.11484375
16 0.11796875 0.69921875 0.02890625 0.1484375
16 0.0328125 0.69765625 0.02890625 0.146875
8 0.559375 0.4671875 0.03359375 0.13046875
16 0.1703125 0.6984375 0.02578125 0.14921875
16 0.609375 0.7203125 0.028125 0.10078125
4 0.196875 0.45859375 0.025 0.1421875
8 0.4265625 0.46796875 0.03046875 0.12734375
10 0.63515625 0.4640625 0.03671875 0.1375
0 0.75078125 0.47109375 0.03125 0.12265625
10 0.365625 0.47421875 0.02421875 0.11328125
13 0.878125 0.70625 0.03671875 0.1375
3 0.0890625 0.459375 0.0234375 0.14140625
2 0.89375 0.47578125 0.028125 0.115625
8 0.31328125 0.47421875 0.025 0.1125
0 0.83671875 0.47421875 0.0265625 0.115625
8 0.28671875 0.47421875 0.025 0.1125
16 0.1453125 0.69765625 0.0234375 0.1484375
0 0.71484375 0.46796875 0.0359375 0.12734375
3 0.0359375 0.45859375 0.025 0.14140625
16 0.5828125 0.71953125 0.025 0.103125
3 0.0625 0.459375 0.02578125 0.14140625
4 0.25546875 0.46015625 0.0328125 0.1421875
13 0.91640625 0.7078125 0.0375 0.13984375
16 0.6671875 0.709375 0.03046875 0.121875
13 0.8015625 0.70390625 0.0359375 0.13984375