8 0.13828125 0.234375 0.06328125 0.2546875
24 0.15703125 0.79453125 0.05703125 0.196875
3 0.15078125 0.96640625 0.04453125 0.0671875
8 0.31953125 0.2609375 0.05234375 0.2265625
8 0.56640625 0.309375 0.03046875 0.16796875
8 0.42265625 0.2796875 0.0453125 0.21328125
18 0.93203125 0.5171875 0.0171875 0.09375
1 0.38359375 0.5296875 0.0421875 0.19296875
2 0.42421875 0.53671875 0.0359375 0.17109375
8 0.26328125 0.25234375 0.05546875 0.23515625
8 0.3734375 0.27109375 0.04921875 0.215625
2 0.10390625 0.53984375 0.065625 0.23515625
10 0.5953125 0.31328125 0.0265625 0.16328125
2 0.16875 0.53671875 0.059375 0.23125
8 0.50234375 0.3 0.034375 0.18203125
8 0.5359375 0.3046875 0.0296875 0.1734375
1 0.33515625 0.5359375 0.046875 0.1875
24 0.21640625 0.78359375 0.053125 0.18828125
8 0.20234375 0.24453125 0.059375 0.24296875
8 0.465625 0.2953125 0.03671875 0.18515625
0 0.28359375 0.54296875 0.05234375 0.18671875
3 0.1953125 0.9609375 0.04140625 0.07734375
24 0.27109375 0.77265625 0.05 0.18203125
0 0.22734375 0.534375 0.0546875 0.21640625
2 0.459375 0.53515625 0.03359375 0.165625
0 0.49296875 0.5328125 0.03046875 0.15859375
10 0.6234375 0.3171875 0.0265625 0.1609375
24 0.5671875 0.7265625 0.03671875 0.121875
17 0.825 0.5171875 0.02578125 0.11796875
3 0.10234375 0.97421875 0.04765625 0.05078125
18 0.95 0.51875 0.01640625 0.0890625
24 0.32265625 0.76171875 0.0453125 0.17578125
1 0.58125 0.528125 0.0296875 0.1484375
17 0.9015625 0.51796875 0.01796875 0.09921875
0 0.525 0.53359375 0.03125 0.15078125
17 0.85 0.52265625 0.021875 0.10390625
24 0.3703125 0.75078125 0.04453125 0.1703125
17 0.9796875 0.5234375 0.01484375 0.0796875
17 0.884375 0.52109375 0.015625 0.0984375
17 0.87109375 0.52109375 0.01796875 0.10078125
16 0.51328125 0.8984375 0.03359375 0.13671875
24 0.49453125 0.7359375 0.0359375 0.13203125
3 0.23671875 0.95390625 0.0390625 0.09140625
0 0.553125 0.53203125 0.025 0.14375
24 0.53125 0.73203125 0.0328125 0.12734375
24 0.45625 0.73515625 0.0375 0.15546875
24 0.415625 0.74296875 0.040625 0.1640625
16 0.41484375 0.925 0.02890625 0.13203125
3 0.053125 0.98125 0.04765625 0.03671875
24 0.09375 0.8046875 0.0625 0.20859375
16 0.35 0.9375 0.034375 0.125
16 0.38359375 0.93359375 0.03203125 0.1328125
17 0.965625 0.52109375 0.01484375 0.0859375
24 0.61953125 0.6953125 0.040625 0.1390625
18 0.91640625 0.51796875 0.0125 0.096875
24 0.02890625 0.81875 0.05703125 0.21875
16 0.31328125 0.94375 0.0359375 0.1125
4 0.01328125 0.9875 0.0265625 0.0234375
19 0.85625 0.65546875 0.0265625 0.11484375
8 0.7015625 0.68203125 0.03046875 0.13515625
16 0.275 0.94921875 0.03671875 0.10078125
16 0.4796875 0.90703125 0.03125 0.1375
6 0.821875 0.6640625 0.03671875 0.10859375