12 0.19375 0.23671875 0.07578125 0.27890625
10 0.55078125 0.271875 0.05234375 0.2453125
16 0.3421875 0.8625 0.0515625 0.24921875
1 0.89921875 0.28984375 0.05546875 0.2421875
16 0.5453125 0.86640625 0.0484375 0.246875
8 0.49296875 0.26796875 0.05703125 0.25078125
16 0.2390625 0.85859375 0.05390625 0.2453125
17 0.1515625 0.56640625 0.07578125 0.24921875
2 0.8421875 0.28671875 0.05234375 0.2453125
24 0.63828125 0.6125 0.05390625 0.1921875
17 0.0734375 0.5625 0.0734375 0.24921875
17 0.29140625 0.603125 0.05 0.18671875
1 0.95625 0.29140625 0.05390625 0.2421875
16 0.39453125 0.8609375 0.04921875 0.2453125
12 0.27421875 0.24453125 0.0796875 0.271875
16 0.4453125 0.86171875 0.0484375 0.24296875
24 0.8875 0.6015625 0.0609375 0.22421875
24 0.8234375 0.60078125 0.0609375 0.2328125
11 0.05 0.2140625 0.0640625 0.31171875
16 0.64765625 0.86953125 0.0515625 0.24453125
10 0.43046875 0.2515625 0.06328125 0.2734375
3 0.80859375 0.87578125 0.0484375 0.23828125
2 0.78828125 0.28671875 0.05390625 0.24453125
8 0.3609375 0.246875 0.06875 0.27421875
16 0.4953125 0.86484375 0.04765625 0.24453125
17 0.4609375 0.61875 0.0578125 0.16796875
0 0.7328125 0.28203125 0.053125 0.2421875
17 0.34609375 0.6125 0.0546875 0.1703125
16 0.29140625 0.8609375 0.0484375 0.24765625
0 0.6140625 0.2625 0.0671875 0.2734375
11 0.11796875 0.22421875 0.06953125 0.2984375
24 0.69765625 0.61328125 0.0578125 0.19453125
24 0.7609375 0.59921875 0.0578125 0.22890625
3 0.76015625 0.875 0.0453125 0.2375
18 0.22890625 0.5703125 0.07109375 0.24921875
24 0.578125 0.61484375 0.0546875 0.184375
0 0.6765625 0.278125 0.0546875 0.2453125
18 0.5203125 0.6203125 0.0546875 0.17109375
24 0.95078125 0.59921875 0.0609375 0.23046875
3 0.7078125 0.87265625 0.0546875 0.2453125
16 0.59609375 0.8671875 0.0484375 0.246875
16 0.13984375 0.88125 0.0453125 0.18203125
3 0.86171875 0.87578125 0.0546875 0.23828125
24 0.99296875 0.59921875 0.0140625 0.2296875
16 0.18671875 0.884375 0.0453125 0.184375
11 0.0078125 0.20859375 0.01484375 0.3203125
16 0.08828125 0.8828125 0.05234375 0.184375