16 0.85703125 0.45234375 0.05390625 0.2546875
17 0.84296875 0.834375 0.05625 0.159375
8 0.2234375 0.47421875 0.04375 0.196875
17 0.1796875 0.82421875 0.053125 0.178125
17 0.73359375 0.84453125 0.0421875 0.153125
8 0.12578125 0.471875 0.0453125 0.20390625
10 0.31796875 0.47578125 0.04375 0.19765625
17 0.2328125 0.82578125 0.0484375 0.178125
8 0.175 0.47265625 0.046875 0.19921875
17 0.33515625 0.82578125 0.0484375 0.178125
10 0.5015625 0.47421875 0.04375 0.19921875
17 0.28359375 0.82578125 0.0484375 0.17578125
8 0.07734375 0.471875 0.0453125 0.20390625
17 0.6859375 0.84453125 0.046875 0.15390625
0 0.5484375 0.47578125 0.04453125 0.19921875
10 0.45625 0.475 0.04375 0.19765625
17 0.584375 0.83828125 0.0484375 0.18046875
3 0.75703125 0.45234375 0.04453125 0.25
17 0.4828125 0.8296875 0.0484375 0.18515625
18 0.11484375 0.81171875 0.0671875 0.215625
17 0.43359375 0.82734375 0.04609375 0.190625
17 0.53359375 0.83359375 0.04765625 0.1828125
17 0.6359375 0.83828125 0.04765625 0.17734375
10 0.3640625 0.4765625 0.04375 0.196875
17 0.38515625 0.828125 0.04609375 0.17578125
8 0.2703125 0.47578125 0.046875 0.196875
17 0.78359375 0.84140625 0.053125 0.153125
24 0.65078125 0.47265625 0.05546875 0.20625
10 0.409375 0.47578125 0.04453125 0.19921875
16 0.80546875 0.4515625 0.04921875 0.2546875
3 0.70703125 0.45234375 0.05234375 0.25
24 0.59609375 0.4859375 0.046875 0.17578125
16 0.9921875 0.515625 0.015625 0.140625
5 0.5640625 0.99140625 0.0515625 0.0171875
5 0.509375 0.99140625 0.04609375 0.0171875