24 0.1546875 0.821875 0.0625 0.22109375
24 0.46015625 0.54609375 0.0578125 0.2
24 0.41484375 0.828125 0.06015625 0.2234375
24 0.20390625 0.5375 0.0625 0.20234375
24 0.3984375 0.54609375 0.059375 0.20234375
0 0.34140625 0.24609375 0.06484375 0.2578125
24 0.5421875 0.8234375 0.0609375 0.21796875
2 0.0296875 0.22421875 0.059375 0.2734375
10 0.56171875 0.26484375 0.0640625 0.2453125
17 0.52109375 0.5453125 0.05625 0.2015625
24 0.2859375 0.82265625 0.0609375 0.21875
8 0.82578125 0.2859375 0.0609375 0.2328125
24 0.35078125 0.82421875 0.059375 0.21875
24 0.478125 0.82734375 0.06015625 0.22109375
10 0.49140625 0.2625 0.06796875 0.24296875
24 0.33515625 0.54375 0.059375 0.20234375
13 0.621875 0.8203125 0.0796875 0.21171875
10 0.628125 0.26875 0.0609375 0.246875
0 0.215625 0.23515625 0.059375 0.271875
0 0.09296875 0.2265625 0.06171875 0.27421875
24 0.2703125 0.5390625 0.0609375 0.2
17 0.7 0.55703125 0.06015625 0.190625
8 0.69453125 0.2765625 0.065625 0.2421875
8 0.7609375 0.28046875 0.0625 0.23515625
24 0.2203125 0.82265625 0.06015625 0.21875
0 0.4109375 0.2515625 0.06796875 0.25234375
0 0.27578125 0.23828125 0.059375 0.26953125
8 0.89296875 0.29140625 0.06484375 0.2265625
17 0.76796875 0.5546875 0.0703125 0.19921875
13 0.70390625 0.82265625 0.0765625 0.2109375
17 0.840625 0.5546875 0.06796875 0.19921875
0 0.1546875 0.23125 0.05703125 0.27421875
18 0.9140625 0.56484375 0.06875 0.1828125
17 0.63828125 0.5625 0.05625 0.17578125
8 0.96171875 0.29765625 0.065625 0.23984375
17 0.5796875 0.55 0.05546875 0.1953125
13 0.86875 0.82734375 0.065625 0.20625
24 0.13515625 0.5375 0.06328125 0.20390625
24 0.0875 0.81796875 0.0640625 0.22109375