2 0.68671875 0.6375 0.0296875 0.1515625
10 0.2296875 0.6078125 0.065625 0.24296875
17 0.84296875 0.634375 0.03125 0.14609375
4 0.725 0.840625 0.028125 0.1703125
8 0.34921875 0.61875 0.053125 0.21171875
18 0.90078125 0.64765625 0.0234375 0.11328125
10 0.4015625 0.62109375 0.0484375 0.20234375
8 0.2921875 0.61484375 0.05546875 0.21953125
2 0.7171875 0.6375 0.0296875 0.15078125
8 0.08046875 0.60546875 0.07890625 0.25546875
4 0.75234375 0.83515625 0.028125 0.1640625
4 0.77734375 0.8328125 0.02421875 0.159375
8 0.1578125 0.603125 0.0703125 0.253125
9 0.6015625 0.6390625 0.02890625 0.15703125
8 0.44765625 0.6328125 0.0390625 0.17734375
17 0.8109375 0.63359375 0.03046875 0.15078125
10 0.48671875 0.634375 0.03828125 0.1703125
17 0.8734375 0.6359375 0.02890625 0.13984375
10 0.528125 0.63515625 0.03671875 0.165625
9 0.56796875 0.6375 0.03828125 0.16328125
0 0.78046875 0.6328125 0.02890625 0.15546875
0 0.63046875 0.6390625 0.028125 0.15390625
0 0.65859375 0.6375 0.02578125 0.1515625
17 0.9421875 0.64453125 0.021875 0.1125
0 0.74921875 0.6328125 0.03203125 0.15859375
18 0.921875 0.64609375 0.01796875 0.1125
3 0.66640625 0.84453125 0.02421875 0.178125
3 0.69453125 0.84296875 0.03125 0.17578125
3 0.63359375 0.8484375 0.040625 0.184375