10 0.11796875 0.1765625 0.053125 0.240625
18 0.14296875 0.51640625 0.05703125 0.196875
17 0.325 0.521875 0.05625 0.1953125
17 0.3140625 0.84140625 0.065625 0.22421875
11 0.63046875 0.1859375 0.06171875 0.278125
8 0.17265625 0.1796875 0.05234375 0.2359375
17 0.26484375 0.51875 0.059375 0.196875
17 0.24453125 0.84140625 0.065625 0.22421875
17 0.10234375 0.840625 0.06796875 0.228125
17 0.1734375 0.8421875 0.06953125 0.228125
17 0.43984375 0.5234375 0.05546875 0.19296875
17 0.7046875 0.51484375 0.06484375 0.228125
18 0.45078125 0.840625 0.0640625 0.2265625
18 0.778125 0.8421875 0.06015625 0.21640625
12 0.5609375 0.1828125 0.0703125 0.27421875
0 0.48359375 0.1875 0.06328125 0.25546875
18 0.20390625 0.51796875 0.05703125 0.1953125
10 0.0609375 0.16953125 0.05390625 0.24453125
17 0.38203125 0.5234375 0.0546875 0.19296875
17 0.38359375 0.840625 0.06484375 0.228125
0 0.41796875 0.184375 0.0625 0.2625
8 0.22734375 0.184375 0.05234375 0.23515625
17 0.84609375 0.8328125 0.06875 0.2328125
11 0.69375 0.190625 0.06171875 0.27109375
0 0.353125 0.17734375 0.06328125 0.2640625
17 0.56875 0.5078125 0.0625 0.228125
11 0.92421875 0.2046875 0.053125 0.27421875
11 0.7609375 0.1953125 0.065625 0.26953125
17 0.6359375 0.5125 0.065625 0.22890625
18 0.7140625 0.8421875 0.0609375 0.21796875
18 0.65 0.84296875 0.0625 0.21796875
17 0.50234375 0.50546875 0.0640625 0.23125
0 0.28671875 0.17265625 0.06328125 0.26484375
18 0.5171875 0.83828125 0.0625 0.2234375
18 0.58359375 0.83984375 0.0625 0.22109375
5 0.87734375 0.50546875 0.05625 0.253125
11 0.821875 0.2 0.0515625 0.271875
5 0.82265625 0.50625 0.05234375 0.2546875
11 0.87265625 0.20234375 0.04765625 0.27578125