5 0.8203125 0.6734375 0.05859375 0.17578125
3 0.3515625 0.67109375 0.05625 0.17421875
3 0.409375 0.67109375 0.05546875 0.1734375
3 0.4671875 0.6703125 0.05625 0.1734375
3 0.23359375 0.67109375 0.05859375 0.1734375
3 0.29296875 0.671875 0.05625 0.1734375
5 0.64140625 0.671875 0.05625 0.17578125
17 0.23203125 0.4859375 0.07578125 0.1453125
17 0.1515625 0.4859375 0.078125 0.14609375
17 0.6296875 0.49921875 0.0640625 0.1203125
5 0.58359375 0.671875 0.05546875 0.1734375
18 0.49921875 0.4984375 0.0625 0.11953125
8 0.68828125 0.30390625 0.05234375 0.128125
10 0.85234375 0.30390625 0.0515625 0.1265625
18 0.434375 0.4984375 0.06015625 0.1203125
17 0.5640625 0.49921875 0.05859375 0.11953125
8 0.23984375 0.3 0.05390625 0.13203125
10 0.74375 0.30390625 0.05234375 0.128125
5 0.5265625 0.67109375 0.05546875 0.17421875
13 0.771875 0.48125 0.065625 0.15859375
10 0.90859375 0.303125 0.05546875 0.128125
5 0.70234375 0.6734375 0.06015625 0.1765625
13 0.84140625 0.48125 0.06796875 0.1609375
8 0.06640625 0.29921875 0.0578125 0.1296875
3 0.171875 0.6703125 0.05859375 0.1734375
5 0.76171875 0.671875 0.05390625 0.175
8 0.578125 0.30390625 0.0484375 0.128125
16 0.1125 0.6703125 0.05625 0.175
8 0.125 0.29921875 0.05546875 0.13203125
5 0.93671875 0.671875 0.0640625 0.17109375
16 0.0515625 0.6703125 0.06171875 0.17421875
18 0.30546875 0.4984375 0.0625 0.12109375
13 0.91640625 0.48046875 0.07578125 0.16171875
8 0.1828125 0.29921875 0.05546875 0.13046875
8 0.35390625 0.3015625 0.0578125 0.13046875
8 0.525 0.303125 0.05234375 0.1296875
8 0.46953125 0.303125 0.05234375 0.1265625
17 0.06796875 0.48515625 0.08203125 0.14609375
18 0.36953125 0.4984375 0.0625 0.12109375
8 0.29609375 0.3015625 0.05390625 0.12890625
8 0.6328125 0.3046875 0.05546875 0.128125
10 0.9640625 0.30390625 0.05 0.128125
8 0.41328125 0.303125 0.05546875 0.128125
10 0.7984375 0.30390625 0.0515625 0.1265625
5 0.8765625 0.67265625 0.0515625 0.17109375
16 0.009375 0.6671875 0.01875 0.16875