9 0.2078125 0.58046875 0.07578125 0.1703125
8 0.27734375 0.5703125 0.05625 0.16171875
16 0.16796875 0.778125 0.06640625 0.1484375
16 0.28359375 0.75078125 0.0515625 0.1375
8 0.43359375 0.3734375 0.04765625 0.14296875
0 0.4484375 0.54921875 0.0515625 0.140625
2 0.5828125 0.5328125 0.03984375 0.125
18 0.6953125 0.5203125 0.04140625 0.109375
1 0.63046875 0.37890625 0.03046875 0.12109375
10 0.38359375 0.371875 0.04765625 0.15
8 0.55859375 0.3765625 0.03359375 0.1296875
10 0.33125 0.3703125 0.05234375 0.15703125
17 0.778125 0.51171875 0.04140625 0.1
2 0.6234375 0.5296875 0.0375 0.12109375
8 0.3375 0.5625 0.0578125 0.153125
10 0.20859375 0.36484375 0.06171875 0.16796875
10 0.27265625 0.3671875 0.05859375 0.1625
8 0.48125 0.375 0.04375 0.13828125
16 0.2296875 0.76640625 0.05234375 0.14140625
16 0.33671875 0.1828125 0.0625 0.15078125
10 0.1515625 0.35546875 0.04609375 0.15546875
18 0.75234375 0.3859375 0.0265625 0.09609375
1 0.59453125 0.378125 0.0359375 0.12578125
24 0.5125 0.19765625 0.06015625 0.16640625
10 0.39453125 0.5546875 0.05 0.146875
8 0.5234375 0.37578125 0.0359375 0.13359375
1 0.54140625 0.5375 0.03984375 0.1296875
23 0.36484375 0.884375 0.0421875 0.1046875
24 0.44921875 0.1890625 0.05625 0.16640625
1 0.4984375 0.54296875 0.04453125 0.13359375
16 0.33359375 0.73828125 0.0484375 0.13046875
3 0.57265625 0.68046875 0.03359375 0.109375
3 0.5375 0.6875 0.03203125 0.1109375
23 0.315625 0.90234375 0.0484375 0.1078125
1 0.66171875 0.3796875 0.0296875 0.11640625
23 0.20859375 0.9390625 0.0578125 0.11796875
16 0.21171875 0.16328125 0.0703125 0.1609375
23 0.403125 0.86796875 0.03359375 0.0984375
24 0.56953125 0.20703125 0.05 0.15859375
2 0.69296875 0.38046875 0.03046875 0.11328125
23 0.26484375 0.9171875 0.04609375 0.10546875
16 0.3859375 0.72734375 0.05390625 0.134375
23 0.44140625 0.8546875 0.03828125 0.09609375
16 0.46171875 0.7078125 0.03828125 0.12109375
17 0.78125 0.38671875 0.028125 0.0921875
16 0.39453125 0.1890625 0.05 0.1515625
18 0.65703125 0.525 0.03046875 0.1125
16 0.2765625 0.17578125 0.0578125 0.1546875
2 0.7234375 0.38203125 0.028125 0.10546875
18 0.73671875 0.51640625 0.0359375 0.1046875
16 0.01640625 0.8203125 0.0328125 0.165625
16 0.50078125 0.6984375 0.03828125 0.1140625
16 0.4265625 0.7171875 0.0296875 0.1234375