17 0.55546875 0.51640625 0.06171875 0.121875
3 0.3953125 0.68984375 0.05546875 0.17109375
13 0.7671875 0.4984375 0.0640625 0.16328125
17 0.62265625 0.5171875 0.0640625 0.1234375
3 0.3375 0.6890625 0.05859375 0.17109375
13 0.91328125 0.4984375 0.078125 0.1671875
18 0.4890625 0.51484375 0.0625 0.12421875
18 0.4234375 0.5140625 0.0625 0.12578125
3 0.21640625 0.6890625 0.05859375 0.171875
8 0.22265625 0.3078125 0.05625 0.1359375
3 0.2765625 0.6890625 0.0578125 0.171875
8 0.34140625 0.3109375 0.06015625 0.13359375
5 0.81015625 0.69375 0.0578125 0.17578125
5 0.57109375 0.690625 0.05546875 0.171875
8 0.57265625 0.3140625 0.0515625 0.1328125
8 0.0421875 0.3046875 0.05859375 0.1359375
10 0.9125 0.31640625 0.05546875 0.134375
10 0.74296875 0.315625 0.05390625 0.13359375
17 0.215625 0.50078125 0.0796875 0.1515625
8 0.6859375 0.315625 0.05390625 0.13359375
18 0.35703125 0.5140625 0.0625 0.12578125
5 0.51328125 0.690625 0.05625 0.1734375
13 0.8375 0.49921875 0.06796875 0.1640625
3 0.4546875 0.68984375 0.0578125 0.171875
5 0.92578125 0.69375 0.0640625 0.16953125
8 0.51640625 0.3125 0.05546875 0.134375
8 0.403125 0.31171875 0.05625 0.13359375
10 0.7984375 0.3171875 0.05390625 0.1328125
10 0.85546875 0.31640625 0.05234375 0.1328125
5 0.7515625 0.69296875 0.05390625 0.17421875
8 0.10234375 0.30390625 0.05625 0.1390625
5 0.63046875 0.69140625 0.0578125 0.17421875
8 0.1625 0.30703125 0.0578125 0.1359375
16 0.09453125 0.68828125 0.05625 0.1734375
5 0.6921875 0.69296875 0.06015625 0.175
8 0.28046875 0.309375 0.05546875 0.13359375
10 0.96875 0.31796875 0.0515625 0.13359375
18 0.290625 0.51328125 0.0625 0.12578125
8 0.628125 0.31484375 0.05546875 0.1328125
17 0.1328125 0.49765625 0.0796875 0.1546875
8 0.46015625 0.31328125 0.05390625 0.13359375
3 0.15546875 0.6890625 0.05859375 0.171875
17 0.0453125 0.49921875 0.0859375 0.15
5 0.86640625 0.6921875 0.0515625 0.17109375
16 0.03359375 0.68828125 0.0625 0.1734375