9 0.284375 0.5765625 0.07421875 0.1734375
8 0.50234375 0.35 0.05 0.15703125
18 0.8484375 0.33828125 0.0296875 0.10703125
1 0.675 0.34140625 0.03828125 0.134375
3 0.62890625 0.6640625 0.03359375 0.1109375
2 0.66953125 0.50546875 0.0421875 0.13203125
18 0.78984375 0.484375 0.04453125 0.1140625
10 0.26328125 0.35703125 0.0640625 0.17890625
8 0.353125 0.56328125 0.0578125 0.165625
8 0.63671875 0.34453125 0.0359375 0.1390625
10 0.4484375 0.35078125 0.0515625 0.16171875
10 0.33046875 0.35546875 0.06171875 0.171875
1 0.7125 0.33984375 0.034375 0.1328125
16 0.3859375 0.1515625 0.06640625 0.1640625
10 0.3921875 0.35390625 0.05546875 0.16640625
8 0.41484375 0.5515625 0.05859375 0.15859375
16 0.31875 0.146875 0.0640625 0.16953125
10 0.4734375 0.540625 0.05234375 0.15078125
8 0.55234375 0.346875 0.04609375 0.15
1 0.58046875 0.521875 0.04453125 0.140625
24 0.57578125 0.15078125 0.06640625 0.184375
2 0.78203125 0.3359375 0.034375 0.125
16 0.3765625 0.74140625 0.0515625 0.1359375
16 0.3234375 0.7578125 0.05234375 0.13671875
2 0.7125 0.49921875 0.04140625 0.128125
8 0.59765625 0.3453125 0.03984375 0.1453125
23 0.46640625 0.8640625 0.03984375 0.0984375
3 0.66484375 0.65546875 0.0359375 0.11328125
23 0.31640625 0.9234375 0.05390625 0.1078125
16 0.2640625 0.771875 0.0625 0.14453125
16 0.553125 0.68984375 0.03984375 0.11953125
16 0.42578125 0.725 0.04765625 0.12890625
1 0.74765625 0.3390625 0.03203125 0.12890625
23 0.53984375 0.8328125 0.0375 0.090625
10 0.20390625 0.34296875 0.0484375 0.1515625
1 0.6265625 0.51328125 0.04140625 0.13671875
23 0.36953125 0.8984375 0.04453125 0.096875
24 0.6390625 0.15703125 0.05546875 0.17578125
0 0.52890625 0.5296875 0.05234375 0.146875
24 0.50703125 0.1453125 0.06015625 0.18671875
23 0.41796875 0.8828125 0.04609375 0.10078125
16 0.24453125 0.140625 0.08359375 0.175
17 0.878125 0.4703125 0.04375 0.10703125
17 0.8796875 0.3375 0.03046875 0.1
23 0.50390625 0.84609375 0.03203125 0.09453125
16 0.4765625 0.71171875 0.05234375 0.13046875
2 0.81640625 0.3359375 0.03046875 0.11796875
16 0.4484375 0.15234375 0.05390625 0.16953125
18 0.7484375 0.49375 0.03203125 0.11796875
24 0.915625 0.19765625 0.03203125 0.1109375
24 0.84296875 0.1921875 0.03984375 0.11640625
3 0.6953125 0.646875 0.02578125 0.1078125
24 0.88125 0.196875 0.03203125 0.11171875
24 0.6890625 0.16484375 0.03828125 0.16171875