17 0.5703125 0.9109375 0.040625 0.13984375
8 0.3421875 0.63203125 0.04453125 0.19453125
1 0.25 0.61953125 0.0453125 0.20390625
2 0.20078125 0.6140625 0.05 0.21171875
8 0.428125 0.64296875 0.03828125 0.18359375
8 0.38671875 0.6390625 0.0421875 0.18828125
17 0.27890625 0.8984375 0.05390625 0.178125
18 0.4859375 0.90625 0.04140625 0.15
17 0.61171875 0.9109375 0.03671875 0.13984375
17 0.33828125 0.89765625 0.04921875 0.1734375
10 0.578125 0.66015625 0.0328125 0.1703125
17 0.21640625 0.89921875 0.0625 0.18359375
2 0.1484375 0.60625 0.053125 0.215625
18 0.52890625 0.90546875 0.0390625 0.14609375
17 0.13828125 0.88046875 0.08046875 0.234375
10 0.46875 0.6484375 0.0390625 0.1796875
1 0.296875 0.625 0.04453125 0.2
10 0.50703125 0.6515625 0.03671875 0.17578125
10 0.54375 0.65625 0.034375 0.1734375