17 0.6015625 0.58359375 0.0671875 0.21640625
2 0.23125 0.62578125 0.04140625 0.1765625
0 0.275 0.61953125 0.04453125 0.184375
0 0.27890625 0.384375 0.04453125 0.19453125
1 0.1921875 0.62734375 0.0359375 0.1703125
0 0.3234375 0.61484375 0.05078125 0.18828125
16 0.48203125 0.5921875 0.053125 0.2
16 0.3765625 0.60546875 0.05 0.18984375
4 0.1796875 0.8515625 0.03828125 0.1859375
2 0.203125 0.39921875 0.03203125 0.19453125
17 0.559375 0.31015625 0.0765625 0.2359375
0 0.23671875 0.39296875 0.0375 0.19609375
1 0.16953125 0.40703125 0.034375 0.18984375
10 0.13671875 0.4140625 0.03203125 0.1875
8 0.11953125 0.63671875 0.034375 0.15859375
4 0.21796875 0.85234375 0.0375 0.1921875
8 0.07578125 0.43203125 0.025 0.1734375
5 0.146875 0.85078125 0.03203125 0.18046875
8 0.0828125 0.64375 0.03359375 0.15
10 0.10390625 0.42265625 0.0328125 0.1796875
10 0.15546875 0.63046875 0.034375 0.16640625
8 0.0484375 0.4390625 0.028125 0.16796875
16 0.36015625 0.85234375 0.034375 0.21171875
16 0.53046875 0.8578125 0.05078125 0.2296875
5 0.1171875 0.85234375 0.03359375 0.17578125
16 0.53828125 0.5875 0.05390625 0.20859375
16 0.5796875 0.85859375 0.046875 0.234375
16 0.790625 0.865625 0.06640625 0.2640625
17 0.946875 0.98203125 0.071875 0.0359375
16 0.73046875 0.8640625 0.0546875 0.25546875
17 0.87734375 0.9796875 0.0671875 0.040625
16 0.4296875 0.5984375 0.053125 0.19609375