2 0.09140625 0.7015625 0.02578125 0.1421875
8 0.2203125 0.70078125 0.02578125 0.14453125
18 0.30546875 0.90625 0.03203125 0.1265625
17 0.3765625 0.91640625 0.03203125 0.12578125
8 0.19296875 0.70078125 0.02578125 0.14375
1 0.140625 0.7 0.025 0.1421875
18 0.340625 0.9046875 0.03359375 0.1359375
10 0.3390625 0.69453125 0.0296875 0.1515625
17 0.17265625 0.89140625 0.03359375 0.12578125
17 0.13828125 0.890625 0.03203125 0.12421875
10 0.24921875 0.6984375 0.028125 0.14765625
17 0.20625 0.89453125 0.0296875 0.128125
10 0.30703125 0.69609375 0.02890625 0.1484375
17 0.1 0.88125 0.0390625 0.13984375
22 0.503125 0.8984375 0.04453125 0.178125
10 0.278125 0.696875 0.02578125 0.14765625
17 0.41328125 0.91953125 0.0375 0.128125
8 0.1671875 0.70078125 0.02421875 0.14140625
1 0.11640625 0.7 0.021875 0.14140625
22 0.54921875 0.90546875 0.04296875 0.18203125
2 0.06640625 0.70078125 0.02109375 0.1375
21 0.2703125 0.9078125 0.03359375 0.121875
21 0.2375 0.9015625 0.0296875 0.12578125