2 0.44453125 0.5546875 0.05703125 0.21015625
17 0.81953125 0.3984375 0.05859375 0.178125
16 0.64921875 0.5859375 0.04453125 0.184375
8 0.2171875 0.2359375 0.05390625 0.2015625
0 0.578125 0.3359375 0.0421875 0.18828125
16 0.603125 0.5796875 0.04609375 0.19140625
10 0.3328125 0.25 0.05546875 0.23359375
17 0.7921875 0.615625 0.0484375 0.1734375
2 0.48828125 0.30078125 0.04609375 0.21640625
16 0.55078125 0.8328125 0.046875 0.23359375
4 0.31953125 0.82890625 0.0515625 0.25
0 0.5015625 0.565625 0.05390625 0.20234375
16 0.696875 0.59453125 0.046875 0.18203125
1 0.4390625 0.2828125 0.05078125 0.221875
0 0.5546875 0.575 0.05078125 0.19609375
0 0.534375 0.31640625 0.04453125 0.20859375
8 0.27578125 0.24375 0.0546875 0.2125
1 0.384375 0.5453125 0.059375 0.21015625
8 0.18671875 0.5125 0.06953125 0.2296875
10 0.38671875 0.26640625 0.05 0.23046875
16 0.8484375 0.84140625 0.046875 0.1984375
5 0.209375 0.82421875 0.06171875 0.2640625
16 0.61796875 0.3515625 0.0375 0.17421875
16 0.63515625 0.83671875 0.0453125 0.2234375
8 0.25703125 0.5171875 0.0609375 0.23203125
16 0.74453125 0.83984375 0.04140625 0.20625
16 0.59453125 0.83515625 0.0390625 0.228125
16 0.8109375 0.8421875 0.0296875 0.19609375
16 0.78046875 0.84140625 0.034375 0.1984375
16 0.74375 0.6046875 0.04609375 0.178125