2 0.37109375 0.3734375 0.05 0.12578125
11 0.37890625 0.7078125 0.05 0.1578125
1 0.35 0.53125 0.05625 0.1375
17 0.565625 0.3859375 0.04375 0.10703125
12 0.4328125 0.696875 0.05234375 0.15390625
2 0.409375 0.528125 0.0578125 0.1328125
1 0.26796875 0.3671875 0.05625 0.134375
0 0.21484375 0.53515625 0.071875 0.153125
11 0.32109375 0.72578125 0.05859375 0.14453125
8 0.709375 0.51328125 0.03359375 0.1015625
18 0.5265625 0.52109375 0.05625 0.1234375
0 0.2859375 0.5328125 0.065625 0.1453125
0 0.21171875 0.36171875 0.05234375 0.13828125
18 0.609375 0.38828125 0.03984375 0.10390625
4 0.70625 0.653125 0.02578125 0.11640625
1 0.321875 0.36953125 0.04609375 0.12890625
3 0.675 0.65703125 0.034375 0.125
10 0.7421875 0.3953125 0.02421875 0.0890625
2 0.4203125 0.37734375 0.04609375 0.1203125
18 0.64921875 0.38984375 0.0359375 0.10078125
8 0.84140625 0.40390625 0.02421875 0.07578125
8 0.67265625 0.515625 0.0375 0.10703125
3 0.64140625 0.66328125 0.03203125 0.13046875
18 0.46796875 0.5234375 0.05546875 0.128125
17 0.51953125 0.38359375 0.04375 0.11171875
10 0.775 0.51484375 0.03046875 0.08828125
10 0.76953125 0.3984375 0.02578125 0.084375
10 0.803125 0.51328125 0.0234375 0.0859375
8 0.79375 0.39921875 0.0203125 0.08359375
17 0.47109375 0.38046875 0.05 0.1140625
10 0.71640625 0.3953125 0.02578125 0.090625
10 0.83046875 0.5140625 0.028125 0.07890625
8 0.81640625 0.4015625 0.021875 0.07890625
8 0.74296875 0.51328125 0.028125 0.09609375
4 0.7359375 0.6515625 0.0296875 0.11171875
6 0.2453125 0.734375 0.0875 0.1625
17 0.58359375 0.5203125 0.05 0.1171875
3 0.60546875 0.66796875 0.0375 0.134375
21 0.6859375 0.3921875 0.034375 0.096875