17 0.6375 0.353125 0.04375 0.0984375
8 0.80859375 0.65859375 0.06171875 0.125
8 0.75078125 0.646875 0.04765625 0.11953125
17 0.684375 0.3515625 0.04765625 0.10078125
17 0.4265625 0.6546875 0.03046875 0.071875
2 0.534375 0.46953125 0.02578125 0.1
10 0.653125 0.4828125 0.0296875 0.11640625
10 0.7625 0.49609375 0.034375 0.13046875
10 0.809375 0.5 0.05390625 0.1390625
17 0.74453125 0.34921875 0.04765625 0.10546875
10 0.66171875 0.62265625 0.03828125 0.10390625
8 0.70390625 0.634375 0.04140625 0.109375
8 0.62109375 0.478125 0.03046875 0.1125
8 0.5890625 0.47578125 0.03046875 0.10859375
10 0.6875 0.48671875 0.034375 0.1234375
10 0.72578125 0.490625 0.0359375 0.1265625
17 0.59375 0.35546875 0.03984375 0.09296875
17 0.525 0.35703125 0.028125 0.0875
17 0.49453125 0.3578125 0.03046875 0.08359375
17 0.44453125 0.359375 0.0234375 0.07578125
0 0.39140625 0.4546875 0.01796875 0.08046875
17 0.46171875 0.6625 0.034375 0.06953125
18 0.69765625 0.7671875 0.05 0.10390625
2 0.51015625 0.4671875 0.021875 0.0984375
0 0.4109375 0.45703125 0.01953125 0.0828125
17 0.4203125 0.3609375 0.0234375 0.071875
17 0.55625 0.35703125 0.03046875 0.0890625
17 0.46640625 0.35859375 0.0203125 0.07890625
2 0.4734375 0.571875 0.0234375 0.08203125
2 0.5 0.578125 0.0265625 0.084375
2 0.38203125 0.54921875 0.01953125 0.07109375
0 0.43046875 0.45859375 0.01953125 0.0828125
8 0.56015625 0.4734375 0.0234375 0.103125
1 0.44921875 0.46015625 0.01796875 0.0875
0 0.3734375 0.453125 0.01640625 0.0765625
17 0.3953125 0.6421875 0.0265625 0.06796875
10 0.621875 0.6125 0.0359375 0.1015625
1 0.528125 0.5859375 0.02578125 0.08828125
2 0.4234375 0.55859375 0.01953125 0.078125
2 0.446875 0.5640625 0.02421875 0.0796875
1 0.4875 0.4640625 0.01953125 0.09453125
17 0.39453125 0.3640625 0.02421875 0.0671875
2 0.40234375 0.553125 0.01953125 0.075
1 0.46875 0.4625 0.01796875 0.090625
10 0.5875 0.60390625 0.0296875 0.0953125
17 0.38046875 0.365625 0.02578125 0.06328125
1 0.55625 0.59296875 0.028125 0.09296875