18 0.33359375 0.6515625 0.0359375 0.10546875
18 0.53671875 0.70859375 0.0578125 0.13671875
1 0.4734375 0.209375 0.0375 0.134375
0 0.58125 0.36953125 0.05390625 0.134375
17 0.42265625 0.67578125 0.04375 0.125
18 0.31328125 0.51328125 0.0296875 0.0734375
8 0.3359375 0.21953125 0.0296875 0.11796875
17 0.47578125 0.690625 0.05625 0.13203125
17 0.2515625 0.49921875 0.0296875 0.075
10 0.39140625 0.3609375 0.0421875 0.11171875
8 0.36640625 0.2171875 0.028125 0.12109375
2 0.55859375 0.2015625 0.0421875 0.1484375
1 0.4359375 0.36328125 0.04140625 0.11796875
18 0.665625 0.753125 0.0734375 0.146875
11 0.41796875 0.82578125 0.0421875 0.10859375
17 0.3515625 0.51953125 0.04375 0.0765625
18 0.59765625 0.7296875 0.05625 0.14140625
8 0.3984375 0.21328125 0.03359375 0.128125
0 0.6390625 0.371875 0.05625 0.140625
2 0.51484375 0.2046875 0.04375 0.14296875
1 0.5296875 0.36640625 0.04453125 0.1296875
6 0.63046875 0.91875 0.05 0.12421875
0 0.70703125 0.37421875 0.07421875 0.14453125
6 0.57421875 0.89296875 0.0578125 0.12109375
0 0.71796875 0.1921875 0.06640625 0.1609375
10 0.2421875 0.225 0.0265625 0.10859375
17 0.2828125 0.50546875 0.0296875 0.0734375
8 0.24765625 0.35234375 0.03359375 0.1
1 0.48203125 0.3640625 0.04609375 0.125
10 0.30234375 0.2203125 0.03359375 0.115625
12 0.465625 0.84296875 0.04609375 0.1171875
0 0.60703125 0.19921875 0.0484375 0.15
6 0.521875 0.8671875 0.04375 0.11796875
0 0.6578125 0.19609375 0.0484375 0.1546875
10 0.27109375 0.2234375 0.028125 0.1125
1 0.43515625 0.2109375 0.034375 0.13203125
17 0.2984375 0.640625 0.03046875 0.10078125
17 0.26640625 0.6296875 0.03203125 0.0953125
10 0.35078125 0.35859375 0.03359375 0.1078125
8 0.3140625 0.35703125 0.0359375 0.10546875
11 0.3828125 0.80703125 0.02578125 0.1078125