2 0.378125 0.66484375 0.04765625 0.1125
11 0.2015625 0.371875 0.08984375 0.1375
8 0.56328125 0.6203125 0.0359375 0.09609375
11 0.2921875 0.371875 0.08046875 0.13046875
17 0.5390625 0.36640625 0.04453125 0.103125
1 0.33046875 0.52421875 0.0578125 0.1296875
8 0.428125 0.653125 0.0484375 0.10703125
8 0.5234375 0.63046875 0.04140625 0.1
0 0.265625 0.53203125 0.0640625 0.13671875
2 0.4734375 0.50546875 0.03828125 0.12109375
17 0.44140625 0.3671875 0.0515625 0.1109375
0 0.546875 0.4953125 0.03359375 0.1125
8 0.47734375 0.6421875 0.04453125 0.10390625
18 0.63984375 0.36328125 0.0359375 0.09296875
6 0.02890625 0.73828125 0.05625 0.178125
2 0.3234375 0.6796875 0.05625 0.121875
2 0.51171875 0.5 0.03359375 0.11640625
0 0.58046875 0.49140625 0.03203125 0.10859375
0 0.19296875 0.5390625 0.07421875 0.14453125
8 0.61328125 0.48671875 0.03046875 0.10390625
1 0.26328125 0.69453125 0.0578125 0.12578125
1 0.3859375 0.5171875 0.04765625 0.12890625
17 0.4921875 0.3671875 0.04609375 0.10703125
8 0.64609375 0.48203125 0.03046875 0.1015625
10 0.67578125 0.5953125 0.03046875 0.0828125
10 0.70625 0.47421875 0.028125 0.096875
10 0.64375 0.603125 0.028125 0.08828125
1 0.1953125 0.70859375 0.0703125 0.13671875
1 0.43203125 0.51171875 0.04140625 0.121875
18 0.6765625 0.36328125 0.034375 0.0890625
10 0.60546875 0.6125 0.03984375 0.090625
8 0.6765625 0.478125 0.0265625 0.1
10 0.759375 0.46875 0.02421875 0.0921875
10 0.73359375 0.4703125 0.02421875 0.09609375
18 0.59296875 0.36484375 0.05234375 0.096875
17 0.7484375 0.3625 0.034375 0.08359375
10 0.8078125 0.4640625 0.0234375 0.08671875
17 0.71328125 0.36328125 0.034375 0.0859375
10 0.78359375 0.465625 0.021875 0.08828125
10 0.7078125 0.58828125 0.028125 0.08203125
16 0.9296875 0.41796875 0.02421875 0.103125
16 0.9109375 0.41953125 0.0125 0.1046875
1 0.06015625 0.2703125 0.11015625 0.1828125