8 0.5375 0.30625 0.04609375 0.140625
8 0.56953125 0.48828125 0.03046875 0.11796875
8 0.25546875 0.50078125 0.05625 0.1515625
10 0.6015625 0.4859375 0.03046875 0.1140625
2 0.71015625 0.6203125 0.028125 0.10390625
8 0.365625 0.49609375 0.04453125 0.1390625
8 0.4921875 0.30078125 0.04375 0.14609375
17 0.29609375 0.7171875 0.05625 0.11953125
8 0.25390625 0.2703125 0.078125 0.1765625
8 0.19453125 0.50390625 0.05859375 0.1578125
8 0.4125 0.49375 0.04609375 0.13359375
8 0.4546875 0.4921875 0.034375 0.1296875
8 0.3140625 0.49921875 0.05546875 0.14296875
10 0.70546875 0.3234375 0.03359375 0.121875
8 0.4421875 0.29375 0.0515625 0.1546875
8 0.53515625 0.4890625 0.034375 0.1234375
10 0.7859375 0.4765625 0.01953125 0.09453125
8 0.4953125 0.49140625 0.0421875 0.1265625
2 0.73671875 0.61640625 0.0234375 0.10078125
17 0.23359375 0.7296875 0.065625 0.12421875
8 0.62890625 0.31484375 0.03984375 0.1328125
10 0.6921875 0.48203125 0.0265625 0.10390625
8 0.58515625 0.3109375 0.04453125 0.13828125
8 0.32421875 0.2796875 0.0578125 0.16796875
1 0.6546875 0.63046875 0.028125 0.10859375
10 0.66953125 0.31953125 0.0359375 0.1265625
8 0.38515625 0.28671875 0.0578125 0.1609375
10 0.7953125 0.33359375 0.0265625 0.1109375
18 0.45703125 0.6765625 0.03984375 0.1171875
10 0.66171875 0.4828125 0.0296875 0.1078125
17 0.41171875 0.69453125 0.04765625 0.10703125
17 0.35625 0.70546875 0.05625 0.1140625
10 0.63203125 0.484375 0.0265625 0.11171875
10 0.76640625 0.478125 0.01953125 0.09609375
10 0.73671875 0.328125 0.028125 0.11796875
10 0.76640625 0.33046875 0.0296875 0.11328125
10 0.74453125 0.4796875 0.021875 0.096875
1 0.68203125 0.62578125 0.02578125 0.10703125
10 0.71953125 0.48046875 0.02421875 0.10078125
10 0.82265625 0.3359375 0.02421875 0.10859375
0 0.784375 0.60703125 0.0265625 0.0984375
10 0.80546875 0.4765625 0.01796875 0.0921875
0 0.759375 0.61171875 0.021875 0.096875
18 0.5015625 0.66875 0.04453125 0.1125
17 0.61953125 0.64453125 0.0375 0.103125
17 0.54140625 0.6578125 0.03046875 0.10859375
17 0.5796875 0.64921875 0.03984375 0.10859375
17 0.15078125 0.69921875 0.0359375 0.1109375
17 0.75859375 0.7390625 0.0515625 0.1140625