2 0.51015625 0.4203125 0.021875 0.07890625
2 0.3671875 0.5421875 0.03359375 0.1
2 0.3984375 0.5375 0.02578125 0.0953125
11 0.20390625 0.41953125 0.05625 0.1125
1 0.4828125 0.5265625 0.0234375 0.08671875
12 0.2609375 0.4203125 0.04765625 0.1046875
0 0.3921875 0.421875 0.02578125 0.08828125
2 0.4875 0.4203125 0.0203125 0.08046875
1 0.3640625 0.42109375 0.028125 0.0921875
1 0.334375 0.42109375 0.028125 0.0953125
0 0.253125 0.553125 0.03984375 0.1125
17 0.31953125 0.79453125 0.05625 0.1
0 0.29296875 0.54921875 0.0375 0.10703125
6 0.20546875 0.55390625 0.0515625 0.1265625
0 0.44375 0.42109375 0.0203125 0.08359375
2 0.46640625 0.42109375 0.021875 0.0828125
1 0.50625 0.52421875 0.0234375 0.084375
0 0.41953125 0.421875 0.02578125 0.0859375
2 0.4265625 0.53359375 0.028125 0.0921875
17 0.69453125 0.41796875 0.02421875 0.06171875
0 0.33046875 0.5453125 0.0359375 0.1015625
1 0.303125 0.4203125 0.03203125 0.096875
1 0.45546875 0.53046875 0.028125 0.0890625
8 0.56875 0.4203125 0.015625 0.07109375
8 0.53046875 0.5203125 0.0234375 0.08203125
10 0.62109375 0.41953125 0.015625 0.06796875
10 0.5859375 0.4203125 0.015625 0.0703125
17 0.66953125 0.41796875 0.0203125 0.06328125
8 0.5515625 0.4203125 0.01640625 0.0734375
8 0.5328125 0.4203125 0.01953125 0.075
8 0.55234375 0.51796875 0.01953125 0.0765625
17 0.74609375 0.41796875 0.01640625 0.0578125
17 0.65390625 0.509375 0.01796875 0.05703125
17 0.81328125 0.4171875 0.015625 0.04921875
17 0.71640625 0.41796875 0.01796875 0.059375
10 0.5734375 0.51640625 0.01796875 0.0734375
17 0.63515625 0.5140625 0.01953125 0.0578125
10 0.59375 0.51640625 0.0203125 0.0671875
10 0.60390625 0.41953125 0.01640625 0.06953125
17 0.76484375 0.41796875 0.01796875 0.0546875
17 0.65859375 0.41796875 0.01953125 0.06328125
17 0.61484375 0.5171875 0.01953125 0.0578125
3 0.4984375 0.628125 0.0203125 0.08359375
17 0.83046875 0.41796875 0.015625 0.046875
17 0.7828125 0.41796875 0.0125 0.0515625
17 0.2609375 0.8140625 0.05546875 0.10703125
17 0.67421875 0.50234375 0.0203125 0.06640625
17 0.796875 0.41796875 0.015625 0.05078125
3 0.47578125 0.6328125 0.0234375 0.0859375
17 0.6375 0.41953125 0.01640625 0.065625
17 0.73046875 0.41796875 0.01640625 0.059375
3 0.45234375 0.6390625 0.01953125 0.08671875
17 0.69453125 0.49765625 0.0203125 0.0703125
3 0.43125 0.6453125 0.021875 0.08828125