17 0.6734375 0.35078125 0.04375 0.1015625
10 0.7984375 0.49765625 0.05390625 0.13828125
8 0.696875 0.63203125 0.03984375 0.1109375
17 0.5859375 0.35546875 0.0375 0.0921875
8 0.7984375 0.65625 0.06171875 0.125
10 0.6453125 0.48125 0.0296875 0.115625
17 0.4296875 0.653125 0.0296875 0.0703125
8 0.7421875 0.64453125 0.04453125 0.11796875
17 0.62890625 0.353125 0.04140625 0.096875
17 0.7328125 0.34765625 0.04609375 0.10546875
8 0.61484375 0.4765625 0.0296875 0.1125
17 0.48984375 0.35703125 0.0296875 0.08359375
8 0.58359375 0.47421875 0.0296875 0.10859375
0 0.39296875 0.4546875 0.01640625 0.07890625
10 0.71640625 0.48828125 0.0359375 0.128125
17 0.55078125 0.35625 0.028125 0.08828125
10 0.67890625 0.484375 0.034375 0.1234375
10 0.75234375 0.49296875 0.03359375 0.13203125
2 0.53125 0.46953125 0.0234375 0.10078125
17 0.465625 0.6609375 0.0359375 0.06953125
17 0.5203125 0.35703125 0.0296875 0.08671875
18 0.6921875 0.7640625 0.0484375 0.1015625
2 0.4734375 0.5703125 0.0234375 0.08046875
2 0.49921875 0.5765625 0.0265625 0.08359375
10 0.65546875 0.61953125 0.0375 0.1046875
0 0.41171875 0.45703125 0.01796875 0.0828125
2 0.5078125 0.46640625 0.021875 0.0984375
17 0.4640625 0.35859375 0.01953125 0.07890625
17 0.44296875 0.359375 0.021875 0.0765625
17 0.41953125 0.3609375 0.021875 0.071875
8 0.55546875 0.471875 0.021875 0.103125
0 0.37578125 0.453125 0.01640625 0.07578125
0 0.43046875 0.4578125 0.01953125 0.08359375
10 0.6171875 0.609375 0.03359375 0.1015625
1 0.44921875 0.459375 0.01640625 0.08671875
1 0.5265625 0.58515625 0.02578125 0.08671875
2 0.384375 0.54765625 0.01796875 0.06796875
10 0.584375 0.60078125 0.028125 0.09609375
2 0.42421875 0.5578125 0.01796875 0.0765625
2 0.44765625 0.56328125 0.0234375 0.07890625
1 0.5546875 0.5921875 0.028125 0.0921875
17 0.39140625 0.3640625 0.0296875 0.0671875
2 0.4046875 0.5515625 0.01953125 0.07421875
1 0.4859375 0.46328125 0.01796875 0.09296875
17 0.4 0.6421875 0.0265625 0.06328125
1 0.46796875 0.46171875 0.01796875 0.0890625