8 0.253125 0.390625 0.0578125 0.15546875
2 0.53359375 0.33984375 0.034375 0.1328125
8 0.3609375 0.371875 0.04765625 0.1484375
10 0.43671875 0.51640625 0.04453125 0.12421875
8 0.1859375 0.40078125 0.06953125 0.16171875
8 0.309375 0.38203125 0.0515625 0.15078125
2 0.52109375 0.48828125 0.0375 0.115625
10 0.4078125 0.36328125 0.0421875 0.14140625
8 0.22109375 0.5859375 0.05859375 0.1359375
8 0.33671875 0.55703125 0.04609375 0.09921875
10 0.48125 0.5015625 0.03984375 0.1203125
8 0.28203125 0.56640625 0.05859375 0.12890625
10 0.4515625 0.359375 0.03984375 0.12890625
8 0.23359375 0.734375 0.06015625 0.1046875
10 0.3875 0.53046875 0.04765625 0.128125
0 0.49453125 0.35078125 0.04140625 0.1265625
0 0.56171875 0.47578125 0.03984375 0.1140625
3 0.5515625 0.5953125 0.03359375 0.0875
1 0.63828125 0.45390625 0.03046875 0.10703125
0 0.6015625 0.46484375 0.03828125 0.11171875
1 0.56953125 0.33359375 0.034375 0.125
17 0.67890625 0.31875 0.03203125 0.1
1 0.6703125 0.446875 0.03046875 0.103125
3 0.58203125 0.58203125 0.0234375 0.0796875