11 0.31171875 0.86953125 0.0578125 0.12890625
11 0.43515625 0.84453125 0.05546875 0.1234375
11 0.37421875 0.85703125 0.06171875 0.12421875
10 0.22265625 0.559375 0.0515625 0.1359375
2 0.16953125 0.7328125 0.05546875 0.1375
17 0.5390625 0.24296875 0.0859375 0.13046875
10 0.2765625 0.55546875 0.0484375 0.1328125
17 0.521875 0.4078125 0.05625 0.10390625
6 0.66953125 0.79921875 0.04453125 0.10859375
10 0.16796875 0.5609375 0.05 0.1390625
8 0.328125 0.55390625 0.05 0.12890625
0 0.4234375 0.70234375 0.04375 0.12421875
10 0.59140625 0.5375 0.04140625 0.10859375
12 0.2484375 0.8796875 0.06015625 0.1359375
8 0.5 0.54375 0.04765625 0.11328125
17 0.5765625 0.41328125 0.04453125 0.09296875
8 0.378125 0.5515625 0.04453125 0.12421875
8 0.421875 0.55 0.03828125 0.12109375
1 0.66953125 0.66484375 0.04375 0.09296875
10 0.6359375 0.53671875 0.0421875 0.10703125
17 0.62265625 0.415625 0.04140625 0.08828125
17 0.71796875 0.41875 0.05234375 0.084375
17 0.63046875 0.26015625 0.0640625 0.115625
10 0.54765625 0.53984375 0.04375 0.109375
1 0.2265625 0.72421875 0.05234375 0.1375
0 0.54375 0.68203125 0.03984375 0.0890625
0 0.4984375 0.684375 0.04765625 0.10546875
17 0.66328125 0.41796875 0.03828125 0.084375
17 0.45703125 0.40546875 0.05625 0.1046875
10 0.6796875 0.53671875 0.03984375 0.10546875
1 0.628125 0.66796875 0.0359375 0.09296875
0 0.378125 0.7171875 0.04375 0.11171875
6 0.62578125 0.80703125 0.04140625 0.1109375
12 0.18203125 0.89453125 0.06640625 0.14140625
0 0.33046875 0.7296875 0.04765625 0.10390625
1 0.2796875 0.7265625 0.05 0.1234375
8 0.45859375 0.5484375 0.03359375 0.11796875
17 0.7140625 0.2734375 0.0703125 0.10390625
6 0.53203125 0.82578125 0.05 0.115625
6 0.58125 0.81328125 0.04375 0.11796875
1 0.5875 0.68046875 0.0421875 0.07890625
0 0.45859375 0.6953125 0.0296875 0.11640625
6 0.484375 0.83515625 0.0421875 0.1171875
16 0.36171875 0.4109375 0.03984375 0.090625