8 0.340625 0.26796875 0.0578125 0.1703125
8 0.33359375 0.4890625 0.05390625 0.1453125
2 0.734375 0.6109375 0.028125 0.10390625
17 0.43359375 0.6828125 0.04765625 0.10859375
8 0.215625 0.49375 0.0578125 0.15859375
8 0.55546875 0.47890625 0.034375 0.1234375
10 0.6875 0.30703125 0.0375 0.1265625
8 0.64765625 0.303125 0.03984375 0.13359375
8 0.275 0.4921875 0.05625 0.153125
10 0.725 0.3109375 0.03359375 0.1234375
8 0.55546875 0.29453125 0.04609375 0.1421875
1 0.678125 0.6203125 0.028125 0.109375
17 0.31953125 0.70703125 0.05390625 0.1171875
8 0.51484375 0.48125 0.0421875 0.12578125
8 0.50859375 0.28828125 0.0421875 0.15
8 0.4015625 0.27578125 0.0578125 0.1625
10 0.75703125 0.3140625 0.0296875 0.11796875
8 0.43203125 0.4859375 0.04609375 0.1328125
18 0.48046875 0.665625 0.04140625 0.11640625
8 0.26875 0.26171875 0.078125 0.178125
8 0.47421875 0.48203125 0.0359375 0.12890625
1 0.70625 0.61484375 0.0265625 0.1078125
17 0.25546875 0.7203125 0.06796875 0.1234375
8 0.603125 0.29921875 0.04453125 0.1375
8 0.384375 0.48671875 0.04453125 0.1390625
8 0.45859375 0.2828125 0.05234375 0.1546875
8 0.5890625 0.47734375 0.03046875 0.11796875
10 0.7421875 0.46953125 0.02578125 0.1015625
18 0.525 0.65859375 0.04375 0.1109375
17 0.37890625 0.6953125 0.05625 0.1140625
10 0.7875 0.31796875 0.0296875 0.115625
10 0.621875 0.47578125 0.03203125 0.1140625
10 0.8171875 0.3203125 0.0265625 0.1125
10 0.76796875 0.46796875 0.0234375 0.1
10 0.68359375 0.471875 0.0296875 0.109375
10 0.653125 0.4734375 0.0265625 0.1109375
10 0.7140625 0.4703125 0.028125 0.10546875
10 0.78984375 0.4671875 0.01796875 0.096875
10 0.8453125 0.321875 0.02578125 0.11171875
10 0.809375 0.465625 0.01953125 0.09453125
2 0.7625 0.60703125 0.0234375 0.09921875
0 0.784375 0.603125 0.021875 0.09296875
17 0.60234375 0.6421875 0.03984375 0.10390625
0 0.81015625 0.5984375 0.028125 0.09296875
10 0.8296875 0.465625 0.01796875 0.0921875
17 0.5640625 0.65 0.03203125 0.10859375
17 0.64296875 0.634375 0.03828125 0.09921875
16 0.93125 0.67265625 0.0359375 0.07890625
17 0.7859375 0.72890625 0.05 0.11328125