3 0.3703125 0.31328125 0.0515625 0.196875
10 0.36796875 0.5125 0.05390625 0.1484375
10 0.234375 0.53125 0.0734375 0.16328125
17 0.70859375 0.4703125 0.04140625 0.0953125
3 0.4234375 0.31484375 0.0515625 0.190625
8 0.4625 0.50078125 0.03984375 0.1328125
10 0.30546875 0.521875 0.0640625 0.15546875
17 0.59296875 0.4796875 0.04453125 0.1203125
8 0.5 0.4953125 0.03359375 0.128125
17 0.54375 0.4859375 0.0484375 0.128125
10 0.41875 0.5078125 0.04375 0.13828125
17 0.69453125 0.321875 0.03984375 0.140625
17 0.7359375 0.3234375 0.0375 0.1296875
18 0.80859375 0.3203125 0.04453125 0.12578125
19 0.63984375 0.4734375 0.04453125 0.1171875
4 0.19296875 0.30703125 0.071875 0.2328125
4 0.31484375 0.3109375 0.05859375 0.2109375
4 0.25546875 0.3109375 0.05546875 0.21796875
17 0.76953125 0.32578125 0.028125 0.12421875
18 0.84609375 0.31796875 0.02578125 0.11953125