1 0.3375 0.44140625 0.0296875 0.09453125
2 0.3734375 0.56171875 0.034375 0.10078125
2 0.47421875 0.43984375 0.0234375 0.08203125
1 0.36796875 0.440625 0.028125 0.09140625
11 0.2015625 0.440625 0.05859375 0.1109375
2 0.40546875 0.5578125 0.0265625 0.09609375
0 0.3359375 0.565625 0.0359375 0.103125
12 0.2609375 0.440625 0.05 0.10390625
8 0.54453125 0.5390625 0.02421875 0.08359375
0 0.39765625 0.44140625 0.0265625 0.0875
2 0.4359375 0.55390625 0.0296875 0.09453125
2 0.4984375 0.4390625 0.021875 0.08046875
6 0.20625 0.57578125 0.05234375 0.125
1 0.51953125 0.54296875 0.02421875 0.08671875
1 0.30546875 0.44140625 0.03359375 0.09609375
0 0.25546875 0.57421875 0.04140625 0.11171875
17 0.69140625 0.434375 0.0234375 0.0640625
1 0.49375 0.5453125 0.02421875 0.0875
1 0.46640625 0.54921875 0.028125 0.090625
0 0.29765625 0.56953125 0.03828125 0.10546875
8 0.54453125 0.4390625 0.021875 0.075
0 0.45078125 0.43984375 0.0234375 0.08359375
10 0.61171875 0.53671875 0.0203125 0.0640625
17 0.71640625 0.43359375 0.02421875 0.06328125
3 0.5140625 0.64921875 0.021875 0.084375
17 0.32890625 0.81796875 0.05859375 0.1015625
10 0.61875 0.43671875 0.01796875 0.06953125
3 0.48984375 0.6546875 0.02421875 0.0875
10 0.58984375 0.53515625 0.01953125 0.07421875
0 0.42578125 0.440625 0.0265625 0.0859375
10 0.6375 0.4359375 0.01640625 0.06796875
8 0.565625 0.43828125 0.01796875 0.0734375
2 0.52109375 0.4390625 0.0234375 0.07890625
17 0.82890625 0.4328125 0.015625 0.0515625
8 0.5828125 0.43828125 0.01640625 0.07109375
17 0.8453125 0.4328125 0.01796875 0.05
10 0.60078125 0.4375 0.01640625 0.0703125
8 0.56875 0.5359375 0.01953125 0.0796875
17 0.77109375 0.43359375 0.01640625 0.059375
17 0.65625 0.53203125 0.0203125 0.05859375
17 0.790625 0.4328125 0.01953125 0.05703125
17 0.81328125 0.4328125 0.0140625 0.05390625
17 0.63359375 0.53515625 0.0203125 0.0609375
17 0.6984375 0.5171875 0.021875 0.071875
17 0.6765625 0.528125 0.01796875 0.05859375
17 0.86328125 0.4328125 0.01640625 0.0484375
18 0.90625 0.43203125 0.0125 0.04453125
17 0.26875 0.8375 0.0578125 0.1109375
17 0.7390625 0.43359375 0.01953125 0.06171875
3 0.46640625 0.659375 0.0203125 0.0890625
17 0.7546875 0.4328125 0.015625 0.0609375
17 0.65546875 0.4359375 0.01796875 0.065625
17 0.671875 0.43515625 0.0140625 0.0640625
3 0.44375 0.665625 0.021875 0.09296875
17 0.7203125 0.5140625 0.021875 0.0734375
15 0.32890625 0.69375 0.028125 0.1046875
18 0.91953125 0.43203125 0.01640625 0.04296875
5 0.5359375 0.64453125 0.01953125 0.0828125
15 0.29453125 0.7 0.0375 0.10703125