3 0.45 0.32265625 0.0484375 0.190625
10 0.4375 0.51328125 0.04140625 0.13828125
10 0.328125 0.52578125 0.06015625 0.15390625
8 0.51640625 0.50390625 0.03359375 0.1265625
8 0.47890625 0.5078125 0.03828125 0.13046875
10 0.25859375 0.534375 0.06953125 0.1609375
17 0.70859375 0.3359375 0.0375 0.134375
17 0.74609375 0.33671875 0.034375 0.1296875
3 0.39921875 0.32109375 0.0484375 0.1953125
17 0.7171875 0.48203125 0.03984375 0.0921875
17 0.6046875 0.48828125 0.0421875 0.11640625
10 0.38828125 0.51796875 0.05234375 0.146875
17 0.5578125 0.4953125 0.04765625 0.125
18 0.81640625 0.334375 0.0421875 0.1296875
19 0.64921875 0.4828125 0.04375 0.115625
4 0.22890625 0.31328125 0.0703125 0.22890625
4 0.34609375 0.31796875 0.05625 0.2078125
17 0.74453125 0.48046875 0.01640625 0.090625
4 0.29140625 0.315625 0.0515625 0.21796875
17 0.778125 0.33828125 0.0265625 0.12421875