2 0.46171875 0.51328125 0.03203125 0.109375
8 0.33046875 0.37421875 0.034375 0.1203125
10 0.42890625 0.51796875 0.03046875 0.1140625
2 0.49453125 0.509375 0.03046875 0.1046875
10 0.2046875 0.371875 0.04453125 0.13671875
12 0.1984375 0.5453125 0.078125 0.16171875
10 0.2515625 0.3734375 0.0421875 0.13046875
8 0.35546875 0.53046875 0.0421875 0.12421875
10 0.3953125 0.521875 0.03359375 0.11953125
12 0.26640625 0.53984375 0.05234375 0.15
0 0.459375 0.37734375 0.0265625 0.10546875
8 0.36484375 0.37578125 0.03046875 0.115625
8 0.396875 0.37578125 0.0296875 0.1125
0 0.42890625 0.3765625 0.03203125 0.10859375
2 0.5328125 0.378125 0.021875 0.09921875
1 0.48515625 0.378125 0.0234375 0.10390625
1 0.50859375 0.378125 0.0234375 0.1015625
10 0.29296875 0.3734375 0.0375 0.12578125
2 0.5546875 0.378125 0.0203125 0.09921875
17 0.6921875 0.37890625 0.0296875 0.07890625
8 0.3140625 0.53515625 0.0375 0.13203125
0 0.6015625 0.37578125 0.0203125 0.09609375
0 0.57890625 0.37578125 0.02421875 0.0984375
1 0.62265625 0.37578125 0.0203125 0.09296875
17 0.71953125 0.3796875 0.021875 0.0765625
1 0.64609375 0.37578125 0.0234375 0.090625
4 0.7015625 0.4765625 0.01796875 0.084375
24 0.553125 0.50390625 0.02421875 0.0921875
24 0.5796875 0.50078125 0.02421875 0.08828125