18 0.61484375 0.740625 0.05546875 0.13671875
6 0.5953125 0.8984375 0.05546875 0.1140625
0 0.590625 0.3953125 0.05390625 0.13046875
18 0.3515625 0.66640625 0.0359375 0.1015625
18 0.55546875 0.721875 0.0578125 0.1296875
2 0.56484375 0.23125 0.0421875 0.1453125
0 0.6484375 0.3984375 0.05625 0.134375
17 0.49453125 0.7046875 0.05546875 0.125
8 0.3421875 0.2453125 0.028125 0.1171875
10 0.4015625 0.38359375 0.04375 0.1109375
1 0.44609375 0.38671875 0.0421875 0.115625
17 0.44140625 0.6875 0.04609375 0.1203125
17 0.26484375 0.51640625 0.03046875 0.071875
8 0.40546875 0.24140625 0.034375 0.12421875
2 0.5203125 0.234375 0.0421875 0.13828125
0 0.7125 0.40078125 0.06953125 0.1390625
11 0.4390625 0.83203125 0.0421875 0.10546875
18 0.68359375 0.7640625 0.07421875 0.14140625
6 0.6515625 0.92109375 0.0484375 0.11953125
1 0.47890625 0.23671875 0.0375 0.134375
17 0.3671875 0.5359375 0.04609375 0.07578125
17 0.29609375 0.52421875 0.0296875 0.07109375
0 0.71953125 0.2265625 0.06640625 0.1578125
8 0.37265625 0.24296875 0.028125 0.12109375
1 0.44140625 0.23828125 0.034375 0.13046875
10 0.2484375 0.2484375 0.0265625 0.10859375
0 0.61015625 0.23046875 0.04453125 0.1484375
0 0.65859375 0.228125 0.05 0.1515625
1 0.5390625 0.3921875 0.04375 0.125
1 0.4921875 0.38828125 0.04609375 0.12109375
6 0.54375 0.8734375 0.0421875 0.1125
12 0.4875 0.84921875 0.0484375 0.1125
8 0.25625 0.37421875 0.0359375 0.0984375
10 0.30859375 0.24609375 0.03359375 0.1140625
18 0.32734375 0.53046875 0.0296875 0.071875
17 0.31640625 0.6546875 0.03046875 0.09921875
10 0.2765625 0.24765625 0.028125 0.1109375
11 0.4046875 0.8140625 0.02578125 0.1015625
18 0.39453125 0.6765625 0.04375 0.10390625
17 0.284375 0.64453125 0.03203125 0.0921875
8 0.29140625 0.3765625 0.0296875 0.09921875
8 0.32421875 0.37890625 0.03359375 0.103125