17 0.50703125 0.63359375 0.06015625 0.1421875
8 0.63203125 0.64921875 0.05859375 0.1625
8 0.69453125 0.6625 0.06015625 0.16171875
17 0.515625 0.46640625 0.05 0.11953125
8 0.61953125 0.46015625 0.0515625 0.1453125
17 0.4203125 0.4703125 0.0421875 0.09921875
8 0.67421875 0.459375 0.05390625 0.153125
10 0.73125 0.46171875 0.05625 0.1578125
17 0.56640625 0.4671875 0.0484375 0.1234375
2 0.20703125 0.58828125 0.03203125 0.1125
20 0.56953125 0.6421875 0.05859375 0.15
13 0.93125 0.69140625 0.08359375 0.20703125
10 0.84140625 0.68046875 0.0765625 0.18671875
2 0.21328125 0.453125 0.021875 0.1046875
2 0.23828125 0.4546875 0.028125 0.10703125
0 0.3015625 0.45546875 0.03359375 0.11171875
10 0.79375 0.4609375 0.05859375 0.16171875
17 0.37734375 0.46953125 0.03984375 0.0953125
10 0.76328125 0.67421875 0.06953125 0.1671875
0 0.26875 0.4546875 0.0296875 0.1109375
1 0.2390625 0.5921875 0.03046875 0.1140625
1 0.18984375 0.453125 0.02421875 0.10390625
18 0.465625 0.47109375 0.04375 0.1015625
0 0.1765625 0.58359375 0.02578125 0.10859375
1 0.1625 0.44921875 0.0265625 0.10390625
24 0.353125 0.61171875 0.0359375 0.1203125
13 0.98828125 0.7015625 0.0234375 0.22109375
24 0.3984375 0.61796875 0.05 0.1296875
12 0.96796875 0.9203125 0.0625 0.159375
24 0.3125 0.60703125 0.03984375 0.11640625
1 0.2734375 0.59921875 0.0359375 0.1125
18 0.45078125 0.625 0.04765625 0.13671875