10 0.7234375 0.59921875 0.0484375 0.1296875
8 0.65546875 0.44453125 0.03203125 0.1078125
0 0.384375 0.5421875 0.0203125 0.084375
10 0.78125 0.60703125 0.06171875 0.1375
8 0.5609375 0.44453125 0.028125 0.1
2 0.6078125 0.584375 0.028125 0.103125
2 0.58046875 0.57890625 0.02421875 0.103125
8 0.59140625 0.44453125 0.03046875 0.103125
10 0.72421875 0.4453125 0.03984375 0.11640625
10 0.76796875 0.4453125 0.04375 0.121875
8 0.6234375 0.44453125 0.03046875 0.1046875
10 0.68828125 0.4453125 0.028125 0.1125
8 0.6765625 0.59453125 0.03984375 0.11953125
2 0.5546875 0.57421875 0.02421875 0.0984375
8 0.6390625 0.59140625 0.03203125 0.10703125
1 0.40546875 0.5453125 0.021875 0.0875
1 0.53125 0.5703125 0.0203125 0.09453125
0 0.4890625 0.56328125 0.021875 0.090625
0 0.44609375 0.55546875 0.021875 0.084375
0 0.4671875 0.559375 0.01953125 0.08671875
17 0.284375 0.4453125 0.015625 0.0578125
17 0.26875 0.44453125 0.015625 0.05703125
1 0.51015625 0.56640625 0.01953125 0.09296875
12 0.38046875 0.434375 0.021875 0.09296875
8 0.53359375 0.44296875 0.02578125 0.0984375
12 0.40546875 0.434375 0.02578125 0.09609375
11 0.49921875 0.434375 0.03828125 0.11171875
11 0.4609375 0.434375 0.03046875 0.10703125
18 0.34609375 0.53671875 0.01796875 0.0765625
11 0.43203125 0.434375 0.02578125 0.103125
18 0.3296875 0.4453125 0.01640625 0.0609375
17 0.303125 0.4453125 0.01640625 0.059375
18 0.3296875 0.534375 0.01640625 0.07421875
1 0.4265625 0.54921875 0.015625 0.0890625
12 0.36640625 0.434375 0.01796875 0.090625
18 0.31328125 0.53125 0.0140625 0.07109375
18 0.34765625 0.44453125 0.015625 0.0671875
18 0.99375 0.84453125 0.0125 0.1453125
18 0.3140625 0.4453125 0.01171875 0.059375