10 0.79921875 0.62578125 0.06640625 0.146875
10 0.734375 0.6171875 0.05390625 0.1390625
8 0.68359375 0.6125 0.04453125 0.1296875
2 0.60703125 0.603125 0.03046875 0.11171875
10 0.78046875 0.4515625 0.04765625 0.13046875
10 0.73203125 0.4515625 0.04453125 0.12578125
2 0.5765625 0.596875 0.028125 0.1109375
8 0.55390625 0.453125 0.03046875 0.10546875
10 0.6921875 0.453125 0.03203125 0.11953125
11 0.4859375 0.4453125 0.04140625 0.11640625
8 0.62109375 0.453125 0.03203125 0.1109375
8 0.65625 0.453125 0.0359375 0.11640625
0 0.475 0.58203125 0.02421875 0.0953125
1 0.49921875 0.5859375 0.0203125 0.09921875
1 0.52265625 0.5890625 0.0234375 0.1015625
2 0.5484375 0.59296875 0.02578125 0.10703125
1 0.38671875 0.56484375 0.0234375 0.09140625
0 0.4296875 0.57578125 0.0234375 0.0875
8 0.58671875 0.453125 0.03203125 0.1078125
8 0.64140625 0.60859375 0.034375 0.11640625
0 0.4515625 0.57734375 0.0203125 0.09140625
0 0.36328125 0.56171875 0.021875 0.08828125
17 0.25546875 0.4609375 0.01640625 0.0609375
17 0.23828125 0.46015625 0.015625 0.05859375
12 0.3609375 0.44765625 0.021875 0.096875
12 0.384375 0.446875 0.0265625 0.103125
0 0.34296875 0.5578125 0.01640625 0.0859375
12 0.34296875 0.4484375 0.01953125 0.0953125
17 0.271875 0.4609375 0.0140625 0.0625
11 0.44453125 0.4453125 0.034375 0.11328125
8 0.5234375 0.4515625 0.028125 0.10546875
11 0.4125 0.446875 0.0265625 0.10703125
2 0.4078125 0.56875 0.01640625 0.0921875