2 0.3203125 0.74921875 0.06171875 0.13359375
2 0.3765625 0.73125 0.0484375 0.12421875
11 0.28984375 0.41796875 0.08359375 0.134375
11 0.19453125 0.41875 0.09375 0.14453125
8 0.4796875 0.703125 0.04609375 0.115625
17 0.440625 0.41328125 0.05234375 0.1125
17 0.5375 0.41171875 0.04453125 0.10546875
1 0.384375 0.5703125 0.0484375 0.13671875
8 0.5265625 0.6890625 0.0421875 0.10859375
1 0.25625 0.7671875 0.06171875 0.1390625
2 0.5125 0.55078125 0.03359375 0.1234375
8 0.675 0.52578125 0.02421875 0.103125
1 0.3265625 0.5796875 0.06171875 0.13828125
0 0.259375 0.5890625 0.06640625 0.14609375
18 0.67265625 0.40703125 0.03359375 0.0921875
8 0.5671875 0.67890625 0.0375 0.10390625
1 0.43203125 0.56328125 0.0421875 0.13203125
18 0.63671875 0.4078125 0.034375 0.09609375
10 0.703125 0.521875 0.028125 0.10078125
0 0.5484375 0.5453125 0.034375 0.1171875
10 0.609375 0.6671875 0.04140625 0.1
8 0.4296875 0.71796875 0.05 0.1171875
1 0.184375 0.7859375 0.0765625 0.1515625
2 0.475 0.55703125 0.03984375 0.12578125
10 0.75546875 0.51484375 0.02421875 0.0953125
0 0.18359375 0.59765625 0.078125 0.15546875
18 0.59140625 0.40859375 0.05234375 0.1
17 0.49140625 0.4125 0.04453125 0.109375
8 0.6140625 0.5359375 0.03046875 0.10859375
8 0.64609375 0.5296875 0.03046875 0.10703125
10 0.646875 0.65703125 0.028125 0.096875
0 0.58203125 0.540625 0.03203125 0.11171875
17 0.74140625 0.40703125 0.03203125 0.084375
10 0.678125 0.6484375 0.0296875 0.090625
17 0.70859375 0.40703125 0.03359375 0.08828125
10 0.73046875 0.51796875 0.0234375 0.0984375
6 0.0140625 0.821875 0.028125 0.19921875
10 0.78046875 0.51171875 0.0203125 0.09140625
10 0.709375 0.640625 0.02578125 0.08828125
1 0.05390625 0.3109375 0.1078125 0.1890625
16 0.0140625 0.6015625 0.028125 0.1671875
16 0.9140625 0.4640625 0.0234375 0.10390625
10 0.8015625 0.5109375 0.021875 0.0875
16 0.8953125 0.46640625 0.0140625 0.1078125