2 0.54140625 0.3578125 0.03203125 0.128125
8 0.32421875 0.40390625 0.05 0.1484375
10 0.49453125 0.51953125 0.03828125 0.1171875
8 0.26953125 0.4140625 0.0578125 0.15390625
2 0.5328125 0.5046875 0.0359375 0.1140625
8 0.20546875 0.425 0.06796875 0.15859375
8 0.353125 0.57890625 0.04375 0.09453125
8 0.37421875 0.39375 0.04609375 0.1453125
10 0.45078125 0.534375 0.04453125 0.125
8 0.3 0.5859375 0.05625 0.12890625
10 0.41953125 0.384375 0.04140625 0.1375
8 0.2421875 0.60703125 0.05546875 0.13671875
0 0.50234375 0.371875 0.03828125 0.1234375
10 0.46171875 0.38046875 0.03984375 0.125
10 0.40234375 0.55 0.04765625 0.12578125
0 0.571875 0.49140625 0.0375 0.1109375
3 0.565625 0.6109375 0.03203125 0.090625
1 0.646875 0.46796875 0.0296875 0.10546875
8 0.25625 0.7546875 0.05859375 0.1078125
17 0.68125 0.334375 0.03046875 0.09921875
0 0.6109375 0.4796875 0.03828125 0.1125
1 0.57578125 0.353125 0.03359375 0.12109375
3 0.59453125 0.6 0.0234375 0.08359375
12 0.7796875 0.01484375 0.06796875 0.0296875
1 0.67734375 0.4609375 0.028125 0.10078125