8 0.6546875 0.3625 0.04609375 0.16953125
10 0.7265625 0.13828125 0.0484375 0.14921875
10 0.5375 0.378125 0.0296875 0.13046875
8 0.61015625 0.36484375 0.03828125 0.1625
8 0.7046875 0.3578125 0.05 0.18046875
5 0.57578125 0.77578125 0.03203125 0.15859375
4 0.50625 0.746875 0.03203125 0.146875
5 0.6109375 0.79140625 0.0375 0.16328125
5 0.75234375 0.85078125 0.0765625 0.190625
5 0.64921875 0.81171875 0.03828125 0.171875
10 0.571875 0.37421875 0.0359375 0.14140625
5 0.69140625 0.8296875 0.04453125 0.18046875
4 0.54140625 0.76171875 0.034375 0.153125
0 0.421875 0.3875 0.02578125 0.1078125
0 0.4484375 0.38671875 0.028125 0.1109375
10 0.63359375 0.16796875 0.0421875 0.13359375
8 0.7734375 0.35546875 0.08046875 0.18828125
12 0.63359375 0.5859375 0.04453125 0.175
10 0.77734375 0.12578125 0.0484375 0.1625
10 0.50390625 0.3796875 0.03203125 0.1265625
0 0.3796875 0.3890625 0.0203125 0.10078125
10 0.67734375 0.1546875 0.04375 0.1421875
0 0.3984375 0.3890625 0.01953125 0.1015625
4 0.47734375 0.7359375 0.0234375 0.1375
17 0.2984375 0.39140625 0.01953125 0.09453125
16 0.64609375 0.9734375 0.04375 0.053125
17 0.31796875 0.390625 0.01953125 0.09609375
8 0.55546875 0.190625 0.03359375 0.12421875
8 0.59140625 0.1765625 0.03828125 0.13359375
12 0.68359375 0.5921875 0.04765625 0.184375
4 0.453125 0.7234375 0.02421875 0.13359375
16 0.60234375 0.96015625 0.0390625 0.0796875
3 0.38359375 0.68828125 0.02578125 0.12109375
12 0.58828125 0.578125 0.04140625 0.16640625
17 0.2796875 0.39296875 0.015625 0.09140625
3 0.36171875 0.68125 0.01796875 0.11796875
4 0.40859375 0.7015625 0.0234375 0.121875
17 0.2625 0.39375 0.01640625 0.0890625
3 0.3453125 0.6734375 0.01640625 0.11171875
3 0.3125 0.65859375 0.01796875 0.10546875
4 0.43046875 0.71171875 0.0203125 0.1328125
1 0.3609375 0.38984375 0.01640625 0.09921875
1 0.34140625 0.39140625 0.0234375 0.09921875
10 0.475 0.38125 0.021875 0.1234375
3 0.33046875 0.66484375 0.0203125 0.1078125
3 0.29765625 0.65390625 0.0203125 0.10390625
16 0.69453125 0.98515625 0.0515625 0.0296875
8 0.4671875 0.221875 0.028125 0.10859375