12 0.24140625 0.6015625 0.05390625 0.153125
8 0.30546875 0.4359375 0.034375 0.1171875
10 0.18046875 0.4328125 0.04453125 0.13359375
0 0.4328125 0.4375 0.0265625 0.1015625
1 0.45859375 0.4375 0.021875 0.1
12 0.17265625 0.6078125 0.078125 0.16328125
10 0.40546875 0.5765625 0.03046875 0.115625
10 0.26875 0.43515625 0.0375 0.12109375
2 0.5046875 0.4375 0.021875 0.09453125
2 0.46953125 0.56796875 0.03046875 0.10703125
8 0.33125 0.5921875 0.04375 0.121875
10 0.2265625 0.43359375 0.0421875 0.128125
8 0.37109375 0.43671875 0.0296875 0.109375
10 0.371875 0.58203125 0.03203125 0.1203125
8 0.33984375 0.4359375 0.03046875 0.1125
0 0.40234375 0.4375 0.03046875 0.10546875
2 0.4375 0.571875 0.03046875 0.11171875
0 0.54921875 0.434375 0.0234375 0.09453125
2 0.5265625 0.43671875 0.01953125 0.09453125
8 0.28828125 0.59765625 0.0359375 0.13046875
0 0.571875 0.4359375 0.0203125 0.0921875
1 0.48125 0.43828125 0.021875 0.096875
1 0.59375 0.4359375 0.01953125 0.0890625
17 0.6609375 0.43828125 0.0296875 0.075
1 0.61640625 0.4359375 0.0234375 0.0875
17 0.68671875 0.43828125 0.0203125 0.07421875