8 0.2046875 0.3390625 0.05625 0.14921875
8 0.35 0.68828125 0.04765625 0.1375
11 0.39296875 0.51640625 0.03828125 0.14140625
2 0.7046875 0.3484375 0.02421875 0.09609375
10 0.43828125 0.34453125 0.0375 0.1203125
11 0.35078125 0.51875 0.0421875 0.15
10 0.3984375 0.34375 0.04140625 0.12421875
17 0.5203125 0.353125 0.0421875 0.1015625
17 0.5609375 0.35390625 0.034375 0.09921875
8 0.2984375 0.70078125 0.0515625 0.14140625
17 0.66953125 0.4875 0.0296875 0.1015625
17 0.478125 0.353125 0.03984375 0.103125
17 0.70234375 0.48359375 0.034375 0.0984375
10 0.35546875 0.34296875 0.04140625 0.128125
17 0.76328125 0.47734375 0.02421875 0.09140625
8 0.2578125 0.340625 0.04609375 0.1390625
10 0.5265625 0.6484375 0.0359375 0.11953125
8 0.3078125 0.3421875 0.05 0.13359375
12 0.225 0.52890625 0.07578125 0.1609375
12 0.296875 0.52265625 0.05859375 0.1546875
2 0.678125 0.3484375 0.02578125 0.0984375
10 0.40078125 0.678125 0.04765625 0.13203125
17 0.73671875 0.4796875 0.0296875 0.0953125
8 0.24140625 0.7125 0.05625 0.14453125
17 0.79453125 0.475 0.034375 0.090625
10 0.446875 0.66796875 0.03984375 0.128125
11 0.43359375 0.515625 0.03828125 0.12421875
10 0.4875 0.6578125 0.0375 0.121875
10 0.56328125 0.6390625 0.03203125 0.11328125
0 0.6515625 0.3484375 0.02421875 0.1
17 0.59453125 0.35234375 0.03046875 0.0984375
0 0.625 0.34921875 0.028125 0.103125
1 0.75078125 0.34921875 0.0203125 0.09140625
1 0.72890625 0.3484375 0.021875 0.09453125
1 0.77265625 0.35 0.021875 0.09140625
21 0.51171875 0.503125 0.04140625 0.11796875
21 0.55546875 0.49921875 0.0421875 0.1140625
17 0.71953125 0.60234375 0.03359375 0.10078125
17 0.68046875 0.61171875 0.04375 0.10703125
10 0.6 0.63359375 0.0375 0.10703125
21 0.59765625 0.4953125 0.03828125 0.109375
17 0.63515625 0.4921875 0.034375 0.10703125
11 0.47109375 0.51171875 0.0359375 0.1234375