11 0.42734375 0.83984375 0.05546875 0.121875
11 0.36640625 0.85 0.06171875 0.12578125
2 0.16484375 0.72578125 0.05546875 0.1375
11 0.30390625 0.86328125 0.0578125 0.1328125
10 0.16640625 0.5546875 0.05 0.1390625
8 0.3765625 0.546875 0.04453125 0.12421875
17 0.45859375 0.403125 0.05625 0.10390625
1 0.66484375 0.66328125 0.0421875 0.09453125
17 0.5234375 0.40546875 0.05625 0.1046875
10 0.58984375 0.5359375 0.03984375 0.10859375
10 0.63359375 0.5359375 0.0421875 0.10546875
10 0.221875 0.55234375 0.0515625 0.134375
0 0.49375 0.68125 0.04609375 0.10546875
17 0.63359375 0.25859375 0.06171875 0.11640625
10 0.54609375 0.5375 0.0421875 0.1109375
0 0.41953125 0.6984375 0.0421875 0.12421875
17 0.66328125 0.4171875 0.03828125 0.084375
8 0.4203125 0.546875 0.03984375 0.12109375
17 0.54296875 0.240625 0.08359375 0.13359375
10 0.27421875 0.55078125 0.0484375 0.13203125
12 0.240625 0.87421875 0.06015625 0.13203125
0 0.3265625 0.71953125 0.04765625 0.10859375
17 0.57734375 0.41171875 0.04609375 0.09453125
10 0.67734375 0.5359375 0.03984375 0.1046875
8 0.3265625 0.54921875 0.05 0.128125
8 0.49921875 0.53984375 0.04765625 0.11328125
0 0.3734375 0.71171875 0.04453125 0.1109375
1 0.275 0.7234375 0.05 0.11640625
17 0.71875 0.41875 0.0515625 0.084375
1 0.22109375 0.71875 0.05234375 0.13671875
12 0.17265625 0.88828125 0.06796875 0.13828125
6 0.6609375 0.79765625 0.0421875 0.10546875
17 0.6234375 0.4140625 0.04140625 0.08828125
1 0.6234375 0.665625 0.034375 0.0921875
17 0.71875 0.27421875 0.06953125 0.10390625
6 0.5734375 0.8109375 0.04453125 0.11640625
6 0.52421875 0.82265625 0.05 0.11640625
0 0.5375 0.6796875 0.03984375 0.0859375
6 0.61796875 0.80390625 0.04140625 0.109375
8 0.45703125 0.54453125 0.03359375 0.11796875
0 0.45390625 0.6921875 0.0296875 0.1171875
1 0.58203125 0.67265625 0.04375 0.08828125
6 0.4765625 0.83046875 0.04140625 0.11640625