17 0.521875 0.49765625 0.0484375 0.1171875
17 0.428125 0.50078125 0.04140625 0.0984375
17 0.5125 0.6640625 0.05859375 0.14296875
17 0.5734375 0.49921875 0.0484375 0.1234375
13 0.93671875 0.72578125 0.084375 0.21171875
2 0.21640625 0.6171875 0.03046875 0.11328125
8 0.62421875 0.4921875 0.0515625 0.14453125
10 0.73359375 0.49296875 0.05625 0.15703125
8 0.6375 0.68046875 0.05859375 0.16328125
17 0.38671875 0.49921875 0.03828125 0.0953125
8 0.67890625 0.49296875 0.05234375 0.15078125
10 0.8453125 0.71328125 0.0765625 0.18671875
20 0.575 0.6734375 0.05859375 0.15
8 0.7 0.696875 0.05859375 0.159375
10 0.79453125 0.49453125 0.05859375 0.16171875
2 0.25078125 0.484375 0.02578125 0.10546875
0 0.2796875 0.48515625 0.0296875 0.10859375
1 0.203125 0.48203125 0.0234375 0.1015625
2 0.2265625 0.4828125 0.021875 0.103125
1 0.1765625 0.48046875 0.028125 0.1
10 0.76875 0.70703125 0.06953125 0.16953125
0 0.3125 0.4859375 0.03359375 0.1109375
1 0.2484375 0.621875 0.03046875 0.115625
18 0.47265625 0.50234375 0.04375 0.10078125
13 0.990625 0.73515625 0.01875 0.2203125
0 0.1875 0.61171875 0.02578125 0.10859375
24 0.36015625 0.6421875 0.0375 0.12109375
19 0.34765625 0.49765625 0.0359375 0.0921875
24 0.40546875 0.6484375 0.05 0.1296875
24 0.32109375 0.6359375 0.03828125 0.1171875