10 0.37265625 0.365625 0.03828125 0.11953125
17 0.45078125 0.37421875 0.03828125 0.09921875
8 0.20546875 0.721875 0.05390625 0.1421875
11 0.3609375 0.53203125 0.03828125 0.1359375
10 0.33125 0.3640625 0.03984375 0.12421875
17 0.4921875 0.375 0.03984375 0.096875
11 0.31953125 0.5328125 0.0421875 0.14609375
17 0.665625 0.503125 0.03359375 0.0953125
12 0.26640625 0.53671875 0.0578125 0.15
8 0.284375 0.3640625 0.04765625 0.13046875
17 0.63203125 0.50625 0.0296875 0.0984375
10 0.4484375 0.66953125 0.0375 0.11796875
8 0.3125 0.696875 0.04765625 0.13046875
17 0.53046875 0.3765625 0.034375 0.09453125
2 0.671875 0.37265625 0.0234375 0.09140625
8 0.18359375 0.3609375 0.05546875 0.14140625
10 0.4875 0.6609375 0.0359375 0.1140625
17 0.72578125 0.496875 0.02421875 0.0890625
12 0.1953125 0.5421875 0.0765625 0.1546875
17 0.5640625 0.375 0.0296875 0.0953125
8 0.2609375 0.709375 0.0515625 0.13671875
10 0.3625 0.68828125 0.04765625 0.128125
2 0.64609375 0.37265625 0.02578125 0.09609375
10 0.4125 0.3671875 0.0359375 0.115625
17 0.6984375 0.49921875 0.0296875 0.09140625
8 0.2359375 0.36171875 0.04453125 0.1359375
17 0.75546875 0.49453125 0.034375 0.0875
10 0.5234375 0.653125 0.03046875 0.109375
10 0.40859375 0.678125 0.03984375 0.121875
11 0.40078125 0.5296875 0.0375 0.12578125
1 0.7171875 0.3734375 0.0203125 0.08828125
1 0.6953125 0.371875 0.021875 0.090625
0 0.6203125 0.371875 0.02421875 0.096875
21 0.5203125 0.5171875 0.04140625 0.11171875
1 0.7390625 0.3734375 0.021875 0.0875
0 0.59453125 0.3734375 0.0265625 0.09921875
21 0.47734375 0.5203125 0.04140625 0.1140625
11 0.4375 0.5265625 0.034375 0.121875
21 0.5625 0.51328125 0.0375 0.1046875
10 0.55859375 0.646875 0.0359375 0.10390625
17 0.6390625 0.62578125 0.04375 0.10390625
21 0.5984375 0.51015625 0.03359375 0.1015625