5 0.59375 0.7765625 0.0296875 0.140625
8 0.6984375 0.3921875 0.04375 0.165625
5 0.6984375 0.82734375 0.03984375 0.16328125
8 0.7578125 0.39296875 0.06796875 0.16796875
8 0.65390625 0.39296875 0.04140625 0.15859375
0 0.46953125 0.4109375 0.02421875 0.10546875
5 0.6265625 0.7890625 0.03359375 0.14921875
8 0.61484375 0.3953125 0.03359375 0.15078125
10 0.71328125 0.19140625 0.04375 0.1453125
10 0.58046875 0.4 0.03046875 0.13828125
5 0.6609375 0.81171875 0.034375 0.15859375
5 0.75546875 0.846875 0.0703125 0.17109375
10 0.759375 0.18046875 0.04453125 0.15546875
4 0.5625 0.76328125 0.03046875 0.13671875
4 0.50390625 0.7390625 0.021875 0.125
4 0.53046875 0.7515625 0.0296875 0.13671875
16 0.62265625 0.95390625 0.0328125 0.0921875
10 0.54921875 0.403125 0.0265625 0.12890625
10 0.51953125 0.40390625 0.028125 0.1234375
10 0.6703125 0.20390625 0.03828125 0.1359375
10 0.63125 0.21328125 0.0375 0.1265625
0 0.44453125 0.41171875 0.0234375 0.10078125
0 0.4046875 0.41328125 0.01640625 0.09453125
16 0.66171875 0.96640625 0.0421875 0.0671875
0 0.421875 0.4125 0.01796875 0.096875
12 0.6421875 0.5984375 0.03984375 0.1609375
4 0.48125 0.7296875 0.0234375 0.12109375
12 0.6015625 0.590625 0.03828125 0.15390625
4 0.44296875 0.70703125 0.028125 0.11171875
17 0.3484375 0.4125 0.01640625 0.090625
3 0.41640625 0.6953125 0.0234375 0.1109375
17 0.33046875 0.41328125 0.01796875 0.0890625
3 0.33515625 0.6609375 0.01953125 0.09609375
10 0.803125 0.1828125 0.03046875 0.15390625
8 0.59375 0.2203125 0.034375 0.12421875
8 0.5609375 0.23046875 0.03046875 0.1234375
3 0.365625 0.671875 0.01640625 0.1015625
18 0.38828125 0.41328125 0.01640625 0.09296875
18 0.36953125 0.41328125 0.01953125 0.09140625
12 0.6859375 0.60546875 0.0421875 0.1703125
3 0.39609375 0.68828125 0.01640625 0.10859375
16 0.59453125 0.94140625 0.0234375 0.1171875
8 0.48125 0.2578125 0.021875 0.10390625
16 0.7125 0.98046875 0.05390625 0.03828125
3 0.34921875 0.665625 0.01640625 0.10078125
4 0.459375 0.71640625 0.01796875 0.1234375
3 0.38046875 0.68046875 0.01640625 0.103125
8 0.53125 0.2421875 0.02578125 0.11796875
17 0.3140625 0.4125 0.0125 0.08671875