11 0.35 0.71015625 0.05234375 0.17421875
4 0.6890625 0.65078125 0.02578125 0.12421875
11 0.2890625 0.73515625 0.0640625 0.1578125
18 0.503125 0.51171875 0.05859375 0.13203125
2 0.3359375 0.35078125 0.05234375 0.134375
1 0.2234375 0.34296875 0.0625 0.14453125
12 0.4078125 0.69921875 0.05625 0.1640625
2 0.38046875 0.51796875 0.0625 0.1453125
10 0.7453125 0.3859375 0.02421875 0.08671875
10 0.69453125 0.38046875 0.02578125 0.09453125
0 0.24609375 0.5234375 0.071875 0.1609375
1 0.31640625 0.52109375 0.06015625 0.15078125
3 0.6234375 0.6609375 0.03203125 0.13828125
2 0.3890625 0.35546875 0.0515625 0.13046875
10 0.8078125 0.50546875 0.028125 0.0796875
6 0.20703125 0.74296875 0.09453125 0.18046875
1 0.2828125 0.3484375 0.05 0.13671875
17 0.54140625 0.36953125 0.04453125 0.1125
18 0.58671875 0.371875 0.04140625 0.10859375
0 0.1671875 0.525 0.0796875 0.1671875
8 0.6515625 0.50546875 0.03984375 0.11328125
3 0.6578125 0.65625 0.034375 0.13203125
8 0.68984375 0.5046875 0.03359375 0.10859375
8 0.72265625 0.5046875 0.028125 0.10078125
10 0.71953125 0.384375 0.02421875 0.0890625
17 0.49375 0.36484375 0.04765625 0.1171875
8 0.8171875 0.390625 0.02578125 0.08203125
8 0.79140625 0.3890625 0.021875 0.0828125
8 0.76953125 0.3875 0.0203125 0.084375
10 0.78203125 0.50546875 0.0203125 0.08671875
0 0.16171875 0.33515625 0.0578125 0.1515625
10 0.7546875 0.5046875 0.03203125 0.09453125
17 0.4421875 0.3609375 0.0515625 0.12109375
12 0.46171875 0.6921875 0.04453125 0.1515625
4 0.71953125 0.6484375 0.03203125 0.11953125
18 0.62578125 0.37421875 0.034375 0.1046875
18 0.44296875 0.5140625 0.0578125 0.1375
10 0.6640625 0.378125 0.034375 0.1
17 0.5625 0.509375 0.05 0.125
3 0.5875 0.6671875 0.0375 0.14296875