2 0.6546875 0.39140625 0.05703125 0.1296875
2 0.85859375 0.21640625 0.05546875 0.13046875
2 0.71328125 0.3921875 0.05703125 0.13046875
24 0.203125 0.5265625 0.04375 0.103125
2 0.803125 0.21953125 0.05234375 0.1265625
2 0.69375 0.2234375 0.05 0.125
6 0.778125 0.38515625 0.06953125 0.1453125
17 0.6046875 0.54375 0.059375 0.11875
24 0.29609375 0.5359375 0.04609375 0.0953125
0 0.434375 0.38828125 0.04609375 0.11953125
0 0.58125 0.22734375 0.05 0.12265625
1 0.596875 0.39140625 0.05546875 0.1265625
18 0.54296875 0.540625 0.05703125 0.115625
0 0.4859375 0.38984375 0.05234375 0.121875
6 0.85 0.3859375 0.06953125 0.14609375
1 0.54140625 0.38984375 0.05234375 0.12421875
24 0.38984375 0.54453125 0.04375 0.0890625
17 0.84375 0.56953125 0.059375 0.0984375
2 0.64296875 0.225 0.0484375 0.1234375
8 0.25546875 0.2375 0.034375 0.11015625
2 0.74765625 0.22109375 0.053125 0.12578125
17 0.784375 0.56328125 0.0546875 0.103125
10 0.3328125 0.38671875 0.04609375 0.1171875
8 0.1796875 0.240625 0.03359375 0.10625
8 0.2171875 0.23828125 0.03671875 0.11015625
10 0.38359375 0.3875 0.05 0.11796875
8 0.2421875 0.384375 0.04296875 0.11484375
8 0.29453125 0.2359375 0.0390625 0.11171875
24 0.34375 0.54140625 0.04296875 0.0875
17 0.66875 0.54765625 0.06328125 0.11875
10 0.28671875 0.3859375 0.04140625 0.11484375
8 0.19453125 0.38359375 0.0453125 0.11171875
8 0.1453125 0.24140625 0.03203125 0.10234375
10 0.378125 0.234375 0.04140625 0.1140625
0 0.47421875 0.23046875 0.05078125 0.1171875
10 0.42421875 0.2328125 0.04375 0.11484375
10 0.3359375 0.2359375 0.040625 0.11171875
24 0.24921875 0.5296875 0.04296875 0.10234375
0 0.53046875 0.22890625 0.04765625 0.11953125
8 0.15078125 0.38203125 0.0390625 0.11171875
24 0.43671875 0.54609375 0.04375 0.090625
4 0.99296875 0.746875 0.0140625 0.1328125
24 0.159375 0.52421875 0.040625 0.10234375