5 0.3625 0.74296875 0.0453125 0.1265625
5 0.31640625 0.7546875 0.0453125 0.128125
8 0.50625 0.23046875 0.0390625 0.12578125
5 0.44765625 0.7171875 0.04140625 0.12265625
5 0.40625 0.73046875 0.03828125 0.12578125
2 0.465625 0.2265625 0.0390625 0.13203125
1 0.453125 0.40078125 0.04296875 0.13515625
2 0.3484375 0.40625 0.059375 0.146875
17 0.30625 0.60234375 0.05234375 0.11171875
4 0.48515625 0.7046875 0.03125 0.115625
2 0.2875 0.409375 0.0578125 0.153125
2 0.21640625 0.20625 0.0578125 0.15703125
2 0.2234375 0.41171875 0.06953125 0.159375
2 0.325 0.21640625 0.04765625 0.14375
8 0.6171875 0.2375 0.03046875 0.11640625
10 0.6796875 0.24140625 0.028125 0.11015625
0 0.58203125 0.39296875 0.040625 0.12265625
1 0.4046875 0.40390625 0.05078125 0.14140625
2 0.375 0.21953125 0.0484375 0.13984375
8 0.54609375 0.2328125 0.03671875 0.12265625
8 0.58359375 0.23515625 0.034375 0.1203125
2 0.2734375 0.21171875 0.05234375 0.1515625
17 0.246875 0.61171875 0.06015625 0.11484375
2 0.42265625 0.2234375 0.04375 0.134375
8 0.6578125 0.38828125 0.0359375 0.11484375
10 0.76015625 0.24609375 0.0234375 0.1015625
10 0.69375 0.3859375 0.03125 0.11015625
8 0.621875 0.38984375 0.03359375 0.11796875
0 0.53984375 0.3953125 0.04296875 0.1265625
5 0.271875 0.7671875 0.04296875 0.1328125
17 0.41640625 0.58125 0.0484375 0.103125
6 0.65703125 0.52578125 0.02890625 0.1140625
17 0.465625 0.57421875 0.0453125 0.10234375
17 0.36171875 0.5921875 0.053125 0.10859375
0 0.496875 0.39765625 0.04140625 0.13125
10 0.8078125 0.24921875 0.02421875 0.096875
4 0.51875 0.69375 0.034375 0.11171875
8 0.6484375 0.23984375 0.03125 0.1125
10 0.78046875 0.3796875 0.02890625 0.103125
10 0.734375 0.24453125 0.0265625 0.10390625
17 0.51015625 0.56484375 0.04140625 0.09921875
4 0.55390625 0.68515625 0.03203125 0.10859375
10 0.7078125 0.24296875 0.02421875 0.10703125
10 0.78359375 0.24765625 0.0234375 0.1
10 0.75 0.38203125 0.028125 0.10390625
10 0.72265625 0.384375 0.0234375 0.1078125
6 0.68828125 0.521875 0.028125 0.10859375
6 0.61953125 0.5296875 0.04140625 0.11796875
4 0.584375 0.67421875 0.0265625 0.1078125
18 0.55 0.559375 0.0359375 0.09453125
11 0.0125 0.16953125 0.0234375 0.22890625
18 0.584375 0.5515625 0.02890625 0.09140625
3 0.74921875 0.6296875 0.0234375 0.090625
3 0.67109375 0.65078125 0.03125 0.0984375
3 0.70078125 0.64375 0.02578125 0.09921875