4 0.784375 0.6265625 0.09921875 0.184375
5 0.8625 0.65078125 0.09921875 0.19375
5 0.93828125 0.66953125 0.096875 0.2015625
3 0.675 0.5984375 0.09453125 0.1734375
10 0.2578125 0.3359375 0.02578125 0.0828125
10 0.2390625 0.33359375 0.02109375 0.08046875
10 0.22421875 0.33046875 0.02109375 0.0796875
10 0.28359375 0.33828125 0.0234375 0.08359375
10 0.31171875 0.34296875 0.03125 0.0875
8 0.2 0.32734375 0.02421875 0.0796875
10 0.52578125 0.36953125 0.0484375 0.10859375
3 0.00546875 0.95 0.0109375 0.096875
5 0.89609375 0.0890625 0.20390625 0.178125
8 0.95 0.93671875 0.0984375 0.125
5 0.98671875 0.68125 0.0265625 0.234375