10 0.63046875 0.303125 0.03203125 0.09140625
6 0.34296875 0.303125 0.06015625 0.1515625
6 0.2890625 0.30625 0.05 0.15703125
10 0.675 0.3 0.028125 0.08828125
10 0.659375 0.30234375 0.0265625 0.0890625
12 0.06796875 0.32109375 0.0765625 0.17265625
6 0.19140625 0.31328125 0.06953125 0.16171875
2 0.6625 0.78046875 0.04765625 0.115625
6 0.24453125 0.31015625 0.04765625 0.15625
8 0.51171875 0.30625 0.0390625 0.103125
10 0.69609375 0.2984375 0.02421875 0.08671875
8 0.54765625 0.30625 0.03359375 0.10234375
10 0.60234375 0.3046875 0.028125 0.09375
2 0.70390625 0.75703125 0.04140625 0.11640625
2 0.60859375 0.803125 0.0671875 0.13046875
3 0.93828125 0.3796875 0.02578125 0.0734375
10 0.79921875 0.2921875 0.03359375 0.07578125
2 0.81484375 0.71171875 0.040625 0.10859375
2 0.77890625 0.73125 0.03671875 0.1265625
12 0.13046875 0.31875 0.06171875 0.165625