0 0.31171875 0.2953125 0.06171875 0.125
6 0.71796875 0.1375 0.0484375 0.140625
2 0.53671875 0.290625 0.05078125 0.11640625
3 0.534375 0.13046875 0.0453125 0.14921875
17 0.49765625 0.58671875 0.05703125 0.10234375
11 0.7703125 0.42265625 0.03828125 0.1234375
8 0.65625 0.44296875 0.0359375 0.10703125
8 0.3140625 0.46328125 0.0578125 0.134375
10 0.48359375 0.45078125 0.05234375 0.12734375
2 0.5890625 0.2890625 0.05 0.115625
13 0.7578125 0.66875 0.03203125 0.1046875
0 0.24609375 0.29609375 0.0625 0.128125
4 0.2828125 0.115625 0.05703125 0.17109375
4 0.33671875 0.11796875 0.05 0.165625
2 0.6796875 0.2875 0.040625 0.1109375
8 0.184375 0.475 0.06953125 0.1453125
2 0.753125 0.2859375 0.034375 0.1078125
10 0.3734375 0.459375 0.0546875 0.13125
8 0.2515625 0.4703125 0.06171875 0.13984375
10 0.53515625 0.446875 0.04609375 0.1234375
0 0.37578125 0.29453125 0.059375 0.12265625
1 0.48515625 0.29375 0.05 0.1171875
3 0.440625 0.12421875 0.0484375 0.15625
2 0.63671875 0.2875 0.04296875 0.11484375
13 0.81796875 0.65703125 0.028125 0.10078125
16 0.621875 0.83359375 0.034375 0.12421875
3 0.48984375 0.12890625 0.04375 0.15390625
4 0.221875 0.1140625 0.06171875 0.178125
3 0.38984375 0.12265625 0.05234375 0.16171875
2 0.71796875 0.28671875 0.03359375 0.109375
1 0.4328125 0.2953125 0.05078125 0.11875
13 0.721875 0.6765625 0.0359375 0.1078125
10 0.5796875 0.44765625 0.0390625 0.1125
13 0.790625 0.6625 0.02890625 0.103125
0 0.17734375 0.29765625 0.0703125 0.13125
0 0.83828125 0.28359375 0.0484375 0.10625
5 0.5828125 0.13203125 0.04609375 0.14921875
11 0.80703125 0.41875 0.03203125 0.1203125
2 0.790625 0.28515625 0.03671875 0.10625
6 0.7625 0.13828125 0.03828125 0.13984375
16 0.73125 0.80546875 0.03671875 0.11875
10 0.61875 0.4453125 0.0359375 0.11015625
22 0.3203125 0.75859375 0.059375 0.11484375
5 0.628125 0.13359375 0.04296875 0.14765625
13 0.55625 0.70859375 0.040625 0.1125
4 0.15859375 0.109375 0.06328125 0.1828125
10 0.4296875 0.4546875 0.05234375 0.13046875
17 0.84296875 0.5390625 0.03671875 0.071875
13 0.8515625 0.65078125 0.03828125 0.1
12 0.840625 0.415625 0.03203125 0.1203125
16 0.321875 0.91171875 0.0484375 0.14765625
13 0.64453125 0.6890625 0.04296875 0.11640625
17 0.65234375 0.565625 0.05234375 0.0828125
16 0.6578125 0.8234375 0.034375 0.1234375
11 0.72890625 0.42578125 0.040625 0.125
6 0.80078125 0.14296875 0.034375 0.13203125
8 0.6921875 0.43828125 0.03359375 0.10859375
13 0.68515625 0.68359375 0.034375 0.11015625
16 0.371875 0.90078125 0.0484375 0.1421875
6 0.8359375 0.16328125 0.03359375 0.09140625
16 0.503125 0.8640625 0.03671875 0.1328125
5 0.671875 0.134375 0.0390625 0.14375
17 0.80703125 0.54296875 0.03203125 0.0734375
17 0.6015625 0.5671875 0.0453125 0.08359375
16 0.69453125 0.81328125 0.0359375 0.1234375
17 0.76875 0.54765625 0.0390625 0.0734375
16 0.46171875 0.87578125 0.04375 0.1375
16 0.58515625 0.84375 0.034375 0.1265625
17 0.55234375 0.5765625 0.04765625 0.09140625
12 0.87265625 0.41328125 0.03125 0.11796875
13 0.6 0.7 0.04140625 0.11015625
13 0.509375 0.7171875 0.0484375 0.11796875
16 0.54453125 0.85546875 0.04296875 0.13125
16 0.41796875 0.8875 0.04296875 0.13984375
13 0.46015625 0.72734375 0.0453125 0.11953125