17 0.63359375 0.75625 0.06484375 0.1484375
17 0.56171875 0.73125 0.065625 0.14140625
8 0.6515625 0.17265625 0.07890625 0.22109375
8 0.57734375 0.17890625 0.06328125 0.2109375
2 0.16171875 0.2203125 0.03125 0.13984375
8 0.51640625 0.18671875 0.0546875 0.1953125
2 0.21953125 0.2171875 0.028125 0.1421875
11 0.48203125 0.43828125 0.05703125 0.20078125
10 0.375 0.20078125 0.0390625 0.171875
18 0.44921875 0.665625 0.0625 0.17421875
8 0.33359375 0.20078125 0.04296875 0.1734375
6 0.3296875 0.41484375 0.03828125 0.18046875
3 0.23359375 0.58125 0.03359375 0.14765625
3 0.2046875 0.5734375 0.0234375 0.1375
16 0.35625 0.82578125 0.03671875 0.1484375
17 0.328125 0.61796875 0.0578125 0.1578125
10 0.46171875 0.1921875 0.05078125 0.1875
6 0.425 0.42578125 0.05078125 0.2
6 0.29375 0.4109375 0.03203125 0.1671875
3 0.19765625 0.39609375 0.02578125 0.15
18 0.3875 0.640625 0.05546875 0.159375
17 0.50390625 0.7078125 0.04609375 0.1359375
6 0.37421875 0.41640625 0.05 0.1953125
10 0.415625 0.196875 0.040625 0.18046875
16 0.31796875 0.8046875 0.03828125 0.14375
0 0.13046875 0.2234375 0.03046875 0.13359375
3 0.17109375 0.3921875 0.0265625 0.14609375
3 0.1796875 0.5640625 0.02578125 0.1296875
3 0.22265625 0.40234375 0.02421875 0.1515625
3 0.275 0.59453125 0.04765625 0.1453125
8 0.29140625 0.20546875 0.03828125 0.16484375
0 0.09921875 0.22421875 0.03125 0.13046875
16 0.28671875 0.78671875 0.02421875 0.13203125
4 0.153125 0.5546875 0.028125 0.12734375
1 0.19140625 0.21796875 0.028125 0.1421875
4 0.115625 0.540625 0.028125 0.11796875
16 0.259375 0.76875 0.02890625 0.125
3 0.25625 0.4078125 0.040625 0.15625
4 0.12109375 0.38828125 0.021875 0.13046875
4 0.08125 0.384375 0.01640625 0.121875
4 0.14453125 0.3890625 0.02421875 0.14140625
16 0.09609375 0.66328125 0.0390625 0.09609375
11 0.53515625 0.4390625 0.0484375 0.2234375
10 0.2515625 0.209375 0.03671875 0.15703125
4 0.12890625 0.5453125 0.01875 0.121875
16 0.3953125 0.85 0.0390625 0.15546875
16 0.0609375 0.64140625 0.0265625 0.09375
4 0.0625 0.38203125 0.01875 0.1171875
16 0.20859375 0.7390625 0.02890625 0.115625
4 0.09921875 0.38515625 0.01875 0.1296875
17 0.71328125 0.77578125 0.08828125 0.17109375
16 0.034375 0.63125 0.02421875 0.09140625
16 0.23359375 0.753125 0.02109375 0.1234375
12 0.59375 0.446875 0.0578125 0.2359375