10 0.721875 0.28984375 0.05703125 0.16328125
1 0.290625 0.47109375 0.034375 0.11953125
10 0.7265625 0.5046875 0.0765625 0.1703125
10 0.65703125 0.49921875 0.05703125 0.1640625
10 0.6609375 0.2953125 0.059375 0.1546875
10 0.7890625 0.2859375 0.0703125 0.1703125
3 0.7125 0.915625 0.05546875 0.15859375
10 0.59609375 0.4953125 0.0578125 0.1578125
2 0.30859375 0.32109375 0.03046875 0.1125
2 0.165625 0.328125 0.02421875 0.10078125
2 0.175 0.4625 0.03203125 0.10859375
2 0.19140625 0.32734375 0.02421875 0.10078125
2 0.278125 0.3234375 0.028125 0.1109375
18 0.40859375 0.65703125 0.03671875 0.10625
10 0.56171875 0.30234375 0.0453125 0.1421875
11 0.765625 0.7203125 0.06953125 0.184375
2 0.21796875 0.32578125 0.02578125 0.10390625
0 0.32734375 0.47421875 0.0359375 0.1234375
10 0.60703125 0.2984375 0.04296875 0.14765625
2 0.2015625 0.4640625 0.01875 0.109375
10 0.5390625 0.49140625 0.05 0.1515625
3 0.61171875 0.88046875 0.0453125 0.1453125
2 0.246875 0.325 0.03046875 0.10625
1 0.25546875 0.46953125 0.03125 0.11640625
8 0.48984375 0.4890625 0.04375 0.14296875
2 0.22421875 0.4671875 0.028125 0.1125
8 0.4453125 0.48515625 0.040625 0.1375
0 0.403125 0.48125 0.0390625 0.1328125
18 0.36875 0.64765625 0.03828125 0.1046875
0 0.3640625 0.478125 0.0359375 0.12734375
3 0.5640625 0.8625 0.0453125 0.1453125
17 0.2984375 0.63203125 0.03359375 0.09609375
10 0.51640625 0.30625 0.04296875 0.1375
8 0.47890625 0.309375 0.02890625 0.1328125
3 0.659375 0.89609375 0.04609375 0.15078125
3 0.7703125 0.925 0.059375 0.15
17 0.33203125 0.63984375 0.03046875 0.1
3 0.52109375 0.84609375 0.03828125 0.1390625
4 0.45 0.8171875 0.0390625 0.128125
11 0.69765625 0.7078125 0.06015625 0.1734375
8 0.44296875 0.3109375 0.040625 0.128125
17 0.26875 0.6234375 0.021875 0.0921875
8 0.403125 0.3140625 0.03359375 0.125
12 0.640625 0.69921875 0.0484375 0.1625
8 0.340625 0.31953125 0.03046875 0.1171875
6 0.53671875 0.67421875 0.0484375 0.15390625
17 0.23984375 0.61640625 0.03359375 0.090625
17 0.209375 0.609375 0.02578125 0.0875
3 0.4859375 0.83203125 0.03125 0.128125
8 0.36953125 0.3171875 0.02890625 0.11953125