4 0.3375 0.4125 0.06484375 0.20234375
4 0.27265625 0.4171875 0.065625 0.2109375
3 0.39765625 0.4078125 0.0578125 0.19453125
4 0.20234375 0.4234375 0.075 0.21953125
3 0.44296875 0.6140625 0.0484375 0.16484375
3 0.503125 0.3984375 0.0484375 0.178125
3 0.45234375 0.40234375 0.053125 0.18515625
16 0.67265625 0.7234375 0.03828125 0.128125
10 0.51953125 0.19453125 0.05546875 0.16953125
2 0.465625 0.19765625 0.05234375 0.1625
4 0.12421875 0.42890625 0.08203125 0.22890625
3 0.53984375 0.5890625 0.04609375 0.15625
10 0.70703125 0.21171875 0.034375 0.1328125
8 0.57578125 0.1984375 0.053125 0.159375
10 0.7421875 0.21328125 0.03203125 0.1296875
8 0.62578125 0.2015625 0.0453125 0.1546875
5 0.11484375 0.690625 0.08359375 0.1984375
16 0.49453125 0.7828125 0.05546875 0.13828125
4 0.26640625 0.6546875 0.07265625 0.1859375
2 0.33671875 0.18125 0.07265625 0.19375
17 0.6453125 0.56484375 0.06484375 0.140625
4 0.33125 0.640625 0.0625 0.1765625
4 0.04375 0.43671875 0.0859375 0.2375
0 0.25859375 0.17578125 0.08203125 0.20234375
16 0.7078125 0.7109375 0.03125 0.12421875
3 0.4921875 0.60234375 0.0484375 0.15859375
10 0.66875 0.209375 0.0390625 0.13828125
1 0.40625 0.18671875 0.06328125 0.184375
5 0.1921875 0.6734375 0.08125 0.1921875
6 0.64765625 0.3875 0.0453125 0.15625
18 0.7015625 0.55234375 0.0453125 0.13125
8 0.7734375 0.215625 0.02890625 0.12421875
3 0.58359375 0.58046875 0.04296875 0.15
16 0.54609375 0.7671875 0.0453125 0.1375
0 0.16953125 0.16640625 0.09609375 0.21875
3 0.5515625 0.3953125 0.0484375 0.16953125
16 0.18359375 0.90234375 0.096875 0.1671875
8 0.803125 0.21640625 0.0265625 0.12265625
5 0.0375 0.7125 0.075 0.2078125
17 0.81484375 0.54140625 0.02890625 0.08828125
11 0.79375 0.37421875 0.0359375 0.134375
12 0.85390625 0.36875 0.02421875 0.12578125
17 0.784375 0.54453125 0.03046875 0.09609375
8 0.82890625 0.2171875 0.021875 0.1203125
4 0.38984375 0.62734375 0.06015625 0.17109375
12 0.87890625 0.365625 0.02421875 0.12421875
6 0.6 0.39375 0.04765625 0.15546875
16 0.5890625 0.75234375 0.040625 0.13203125
6 0.69140625 0.38359375 0.0390625 0.1515625
18 0.746875 0.54453125 0.04296875 0.11875
16 0.63125 0.7390625 0.04296875 0.128125
12 0.82734375 0.371875 0.0265625 0.12734375
16 0.02265625 0.9359375 0.0453125 0.128125
17 0.84296875 0.53359375 0.0265625 0.084375
16 0.0875 0.925 0.084375 0.1484375
6 0.73125 0.3796875 0.03359375 0.14765625
8 0.85390625 0.2140625 0.02890625 0.12421875
11 0.76171875 0.37734375 0.02578125 0.1390625
16 0.73984375 0.6984375 0.03203125 0.12265625
18 0.37578125 0.98046875 0.08125 0.0390625