0 0.59453125 0.23828125 0.04375 0.115625
6 0.6375 0.73515625 0.04375 0.134375
17 0.32734375 0.40078125 0.07421875 0.159375
3 0.596875 0.571875 0.04140625 0.14921875
17 0.39609375 0.41328125 0.0578125 0.1265625
17 0.2078125 0.21796875 0.071875 0.115625
3 0.46171875 0.590625 0.04765625 0.1625
5 0.29609375 0.61484375 0.05546875 0.1828125
3 0.55234375 0.57734375 0.04375 0.153125
0 0.659375 0.39140625 0.0453125 0.1390625
5 0.2390625 0.62421875 0.05546875 0.190625
2 0.45390625 0.21875 0.05 0.1421875
3 0.5078125 0.58359375 0.04296875 0.15703125
8 0.7515625 0.2484375 0.03203125 0.10390625
16 0.378125 0.8109375 0.05 0.16640625
3 0.6359375 0.565625 0.034375 0.1453125
2 0.34765625 0.21015625 0.05234375 0.146875
5 0.35390625 0.60703125 0.05546875 0.178125
17 0.12734375 0.2140625 0.08203125 0.11796875
18 0.45546875 0.41171875 0.053125 0.1234375
18 0.1484375 0.41640625 0.0890625 0.1515625
2 0.4015625 0.21328125 0.05234375 0.14765625
3 0.671875 0.56015625 0.03671875 0.140625
16 0.27109375 0.840625 0.0546875 0.1734375
5 0.17578125 0.6359375 0.06953125 0.19609375
1 0.70234375 0.3890625 0.03671875 0.13359375
6 0.67890625 0.72421875 0.0359375 0.13125
16 0.47421875 0.784375 0.04609375 0.15703125
8 0.784375 0.25234375 0.03125 0.1
16 0.51875 0.77265625 0.04140625 0.15390625
17 0.28359375 0.215625 0.071875 0.13046875
0 0.5015625 0.22734375 0.04140625 0.12734375
8 0.81796875 0.2546875 0.03203125 0.09921875
10 0.71796875 0.246875 0.03125 0.1046875
10 0.81328125 0.3875 0.03671875 0.11796875
10 0.853125 0.3859375 0.0359375 0.11796875
0 0.60859375 0.39296875 0.05234375 0.1421875
8 0.87421875 0.259375 0.0234375 0.09296875
16 0.3265625 0.82734375 0.05234375 0.16875
18 0.509375 0.409375 0.05078125 0.11953125
10 0.63984375 0.24140625 0.04140625 0.1125
0 0.54765625 0.23515625 0.04609375 0.11796875
8 0.775 0.390625 0.0359375 0.11875
8 0.8484375 0.25703125 0.0265625 0.09609375
10 0.68203125 0.24453125 0.03828125 0.1078125
1 0.7390625 0.3890625 0.03203125 0.12734375
16 0.42734375 0.79609375 0.0453125 0.1640625
3 0.409375 0.596875 0.053125 0.16953125
0 0.55859375 0.39375 0.0453125 0.14296875
3 0.70859375 0.55390625 0.03359375 0.140625
6 0.59453125 0.746875 0.03671875 0.13984375
16 0.55859375 0.7609375 0.0359375 0.15
3 0.73671875 0.54921875 0.021875 0.1359375
16 0.20625 0.85703125 0.071875 0.178125
4 0.76484375 0.54453125 0.03203125 0.13203125