10 0.68671875 0.64296875 0.06484375 0.13046875
2 0.68828125 0.4671875 0.07265625 0.1515625
0 0.44140625 0.4515625 0.05234375 0.12734375
10 0.75625 0.6546875 0.06953125 0.13984375
17 0.9515625 0.603125 0.09453125 0.17109375
2 0.765625 0.471875 0.0765625 0.159375
0 0.55703125 0.46015625 0.06015625 0.1375
2 0.61953125 0.4640625 0.06015625 0.14375
6 0.49921875 0.753125 0.05 0.1078125
1 0.390625 0.446875 0.0453125 0.125
10 0.61875 0.63125 0.06328125 0.13046875
0 0.496875 0.45625 0.0546875 0.13046875
10 0.83671875 0.665625 0.08203125 0.15078125
2 0.18515625 0.434375 0.02890625 0.1078125
8 0.47890625 0.60390625 0.0625 0.11796875
2 0.1546875 0.43203125 0.02890625 0.1046875
8 0.55 0.61796875 0.06484375 0.12421875
0 0.24453125 0.4390625 0.03046875 0.109375
0 0.27890625 0.440625 0.034375 0.11484375
0 0.21484375 0.43671875 0.0265625 0.109375
6 0.453125 0.74140625 0.0390625 0.1015625
24 0.68125 0.27890625 0.06328125 0.15
1 0.34921875 0.44609375 0.03359375 0.12265625
24 0.609375 0.2828125 0.06796875 0.1453125
0 0.3140625 0.44296875 0.03359375 0.11875
1 0.8484375 0.475 0.08203125 0.1640625
24 0.753125 0.275 0.0765625 0.1578125
8 0.23984375 0.5671875 0.028125 0.09921875
24 0.4828125 0.290625 0.0546875 0.13203125
2 0.1265625 0.43046875 0.0234375 0.10234375
24 0.37421875 0.29609375 0.05078125 0.121875
8 0.209375 0.5625 0.03046875 0.0984375
8 0.3015625 0.5765625 0.03203125 0.10625
24 0.54296875 0.2875 0.059375 0.1375
8 0.33828125 0.58359375 0.0359375 0.1078125
8 0.26875 0.571875 0.0265625 0.1015625
10 0.415625 0.59453125 0.04140625 0.1140625
10 0.37578125 0.5890625 0.03359375 0.11015625
24 0.42734375 0.29375 0.05078125 0.12734375