1 0.76796875 0.659375 0.06015625 0.15078125
10 0.76484375 0.45 0.0671875 0.1765625
10 0.7 0.43359375 0.06484375 0.16640625
0 0.653125 0.6109375 0.0484375 0.1359375
8 0.5890625 0.40390625 0.0453125 0.1546875
10 0.834375 0.46796875 0.07265625 0.184375
1 0.84140625 0.68671875 0.084375 0.15390625
8 0.54375 0.38984375 0.04609375 0.1484375
1 0.70703125 0.63515625 0.059375 0.14296875
10 0.91171875 0.48984375 0.08671875 0.19453125
2 0.44140625 0.5203125 0.03359375 0.11484375
10 0.46171875 0.371875 0.03203125 0.128125
0 0.5546875 0.59375 0.04296875 0.0765625
8 0.63984375 0.41875 0.05703125 0.16171875
2 0.4078125 0.50703125 0.03125 0.10859375
8 0.49921875 0.38046875 0.040625 0.14140625
2 0.51484375 0.5578125 0.03359375 0.11015625
8 0.34765625 0.3390625 0.0265625 0.11796875
10 0.428125 0.36484375 0.03125 0.121875
10 0.375 0.346875 0.02578125 0.12265625
10 0.4 0.35625 0.0234375 0.1234375
2 0.478125 0.53515625 0.03671875 0.1203125
0 0.6015625 0.6046875 0.0484375 0.1015625
8 0.32109375 0.3328125 0.021875 0.1140625
2 0.3796875 0.49765625 0.02421875 0.0953125
8 0.29921875 0.328125 0.01953125 0.1046875
0 0.025 0.01875 0.02578125 0.0375
8 0.2796875 0.32109375 0.0171875 0.10625
2 0.103125 0.01640625 0.02890625 0.03203125
17 0.21953125 0.27578125 0.0265625 0.11015625
2 0.07421875 0.0171875 0.0265625 0.034375
2 0.046875 0.01796875 0.021875 0.0359375
2 0.3328125 0.4828125 0.02109375 0.07578125
1 0.134375 0.01484375 0.03125 0.0296875
16 0.93125 0.03984375 0.13671875 0.07890625
1 0.96328125 0.9484375 0.07265625 0.1015625