17 0.43828125 0.7515625 0.04609375 0.1265625
17 0.60859375 0.80625 0.06171875 0.1421875
17 0.82734375 0.8765625 0.0890625 0.16328125
8 0.62578125 0.63984375 0.06015625 0.1328125
8 0.56640625 0.62890625 0.053125 0.12734375
10 0.69296875 0.10703125 0.06015625 0.15390625
8 0.75390625 0.29140625 0.0625 0.146875
17 0.67265625 0.82109375 0.0625 0.1453125
17 0.74296875 0.846875 0.07265625 0.1546875
10 0.63515625 0.1171875 0.04609375 0.1484375
8 0.490625 0.30703125 0.040625 0.12265625
8 0.69296875 0.296875 0.053125 0.13828125
0 0.359375 0.46015625 0.040625 0.1
17 0.490625 0.7671875 0.05703125 0.13125
2 0.67109375 0.475 0.06328125 0.14765625
2 0.5484375 0.46640625 0.05234375 0.1359375
8 0.5125 0.61875 0.05 0.1234375
8 0.6375 0.29921875 0.053125 0.13359375
10 0.2296875 0.56171875 0.03125 0.096875
10 0.30078125 0.575 0.034375 0.103125
8 0.584375 0.30234375 0.04765625 0.1296875
2 0.60703125 0.47109375 0.06015625 0.140625
10 0.37421875 0.59140625 0.03671875 0.10859375
10 0.76171875 0.09453125 0.06953125 0.16171875
8 0.53515625 0.3046875 0.04609375 0.12421875
8 0.6953125 0.65234375 0.071875 0.13984375
10 0.52890625 0.13828125 0.04609375 0.13359375
2 0.74453125 0.47890625 0.07890625 0.15546875
17 0.54765625 0.78671875 0.053125 0.13828125
1 0.4953125 0.46328125 0.0484375 0.1296875
8 0.44765625 0.309375 0.04140625 0.11640625
10 0.3375 0.58359375 0.034375 0.10703125
10 0.58203125 0.128125 0.053125 0.13984375
10 0.36484375 0.16875 0.03671875 0.11171875
18 0.9390625 0.91171875 0.1171875 0.1765625
10 0.26484375 0.56796875 0.03359375 0.1
8 0.46328125 0.60859375 0.04375 0.11640625
10 0.440625 0.15390625 0.03671875 0.12265625
10 0.48359375 0.14609375 0.04140625 0.128125
0 0.28125 0.44765625 0.03359375 0.10390625
17 0.98671875 0.7265625 0.0265625 0.140625
10 0.403125 0.16171875 0.0359375 0.11640625
10 0.11484375 0.209375 0.03203125 0.09140625
1 0.40078125 0.459375 0.040625 0.11015625
1 0.44609375 0.459375 0.04609375 0.1234375
8 0.36875 0.31328125 0.0390625 0.1078125
0 0.21875 0.44296875 0.02578125 0.09921875
10 0.2 0.55625 0.0265625 0.09453125
0 0.24765625 0.4453125 0.03125 0.10078125
10 0.325 0.175 0.03671875 0.10859375
0 0.140625 0.4328125 0.02890625 0.0984375
0 0.31796875 0.4546875 0.03671875 0.1
8 0.4078125 0.3109375 0.0359375 0.1125
10 0.28671875 0.18046875 0.03359375 0.10625
0 0.19296875 0.43828125 0.0265625 0.10234375
0 0.1671875 0.4359375 0.0234375 0.1
10 0.17578125 0.20078125 0.02421875 0.09375
10 0.1421875 0.5453125 0.03046875 0.0890625
10 0.171875 0.5515625 0.02578125 0.090625
10 0.14765625 0.20625 0.028125 0.090625
12 0.1765625 0.66796875 0.03046875 0.10078125
8 0.4171875 0.60078125 0.04375 0.11171875
10 0.2 0.19609375 0.0234375 0.096875
8 0.23671875 0.31875 0.02578125 0.09453125
10 0.2265625 0.19140625 0.0265625 0.10078125
10 0.2546875 0.1859375 0.0265625 0.10390625
11 0.2703125 0.69765625 0.0359375 0.1125
11 0.2359375 0.68671875 0.028125 0.1046875
8 0.21015625 0.31953125 0.0234375 0.09296875
17 0.39375 0.73828125 0.03671875 0.1125