19 0.359375 0.5015625 0.05078125 0.1015625
19 0.3078125 0.49921875 0.0484375 0.1
17 0.64609375 0.53125 0.04609375 0.0796875
17 0.4125 0.50546875 0.05078125 0.1015625
2 0.528125 0.18359375 0.0390625 0.1015625
17 0.15546875 0.48515625 0.05703125 0.11015625
3 0.746875 0.16875 0.04375 0.13203125
17 0.55546875 0.52265625 0.04375 0.08515625
17 0.6 0.52890625 0.04140625 0.07890625
2 0.4875 0.184375 0.0390625 0.10234375
0 0.3203125 0.178125 0.04765625 0.1109375
10 0.5828125 0.35703125 0.04375 0.1
1 0.2734375 0.178125 0.04375 0.1109375
3 0.70234375 0.16875 0.04375 0.13125
8 0.325 0.34453125 0.04375 0.10703125
3 0.65625 0.1703125 0.04296875 0.12734375
10 0.4953125 0.3546875 0.03828125 0.09921875
2 0.18515625 0.17890625 0.0453125 0.11015625
10 0.19296875 0.34140625 0.0390625 0.1046875
8 0.41640625 0.346875 0.04375 0.1078125
10 0.45703125 0.35390625 0.034375 0.09921875
8 0.3703125 0.3453125 0.04375 0.10859375
10 0.53671875 0.35546875 0.04140625 0.1
2 0.44765625 0.184375 0.03828125 0.10234375
17 0.46484375 0.5078125 0.05 0.10078125
2 0.4078125 0.18359375 0.03828125 0.103125
10 0.234375 0.3421875 0.040625 0.10703125
4 0.6125 0.17109375 0.040625 0.1265625
2 0.1390625 0.17890625 0.0453125 0.10859375
10 0.278125 0.34296875 0.04375 0.1078125
10 0.1484375 0.340625 0.0453125 0.10625
0 0.36640625 0.17890625 0.04296875 0.11015625
1 0.22890625 0.17890625 0.04140625 0.109375
10 0.640625 0.35703125 0.05546875 0.10390625
4 0.5703125 0.175 0.04296875 0.11796875
10 0.69921875 0.35625 0.0546875 0.1078125