11 0.9140625 0.4640625 0.06171875 0.14375
18 0.74296875 0.63203125 0.04140625 0.090625
11 0.8 0.4625 0.05 0.13203125
0 0.36328125 0.46328125 0.0234375 0.08359375
17 0.78984375 0.6375 0.04609375 0.09296875
8 0.65078125 0.4671875 0.040625 0.10703125
18 0.565625 0.6015625 0.04140625 0.09609375
8 0.746875 0.4671875 0.05078125 0.1140625
2 0.35859375 0.35078125 0.02421875 0.07734375
17 0.375 0.57265625 0.03359375 0.0890625
18 0.6984375 0.62734375 0.04140625 0.08828125
8 0.62578125 0.32421875 0.02890625 0.09921875
17 0.653125 0.6140625 0.0453125 0.10078125
10 0.4453125 0.4640625 0.0265625 0.0890625
8 0.659375 0.32109375 0.034375 0.10234375
2 0.3390625 0.46328125 0.0234375 0.08125
8 0.6953125 0.4671875 0.0453125 0.11015625
17 0.60859375 0.6125 0.0390625 0.0890625
7 0.27265625 0.4625 0.01875 0.0765625
8 0.61015625 0.46640625 0.03828125 0.103125
8 0.6953125 0.31796875 0.034375 0.1046875
10 0.47421875 0.4640625 0.028125 0.0921875
10 0.45390625 0.3421875 0.0234375 0.0828125
10 0.5078125 0.33671875 0.02578125 0.08828125
17 0.41171875 0.57578125 0.03828125 0.0921875
8 0.5390625 0.4640625 0.03125 0.0984375
10 0.50546875 0.4640625 0.03125 0.09453125
8 0.57265625 0.465625 0.03203125 0.1015625
10 0.4078125 0.34609375 0.0234375 0.07734375
11 0.85390625 0.4625 0.0546875 0.13828125
2 0.296875 0.35703125 0.01875 0.07109375
2 0.278125 0.35859375 0.01875 0.0703125
10 0.5359375 0.334375 0.028125 0.09140625
10 0.56484375 0.33125 0.028125 0.09296875
2 0.3359375 0.35234375 0.01953125 0.07578125
10 0.38359375 0.3484375 0.021875 0.07734375
17 0.92890625 0.6609375 0.03828125 0.09140625
2 0.259375 0.36015625 0.01875 0.06953125
8 0.5953125 0.32734375 0.03125 0.09609375
0 0.41796875 0.4640625 0.0265625 0.08828125
7 0.29375 0.4625 0.02109375 0.078125
17 0.88515625 0.65390625 0.04296875 0.090625
17 0.83828125 0.63828125 0.0453125 0.08671875
2 0.23984375 0.36171875 0.0171875 0.06875
0 0.38984375 0.46328125 0.0265625 0.08671875
10 0.48125 0.3390625 0.0265625 0.0859375
10 0.43125 0.34453125 0.02109375 0.0796875
17 0.44765625 0.58046875 0.03046875 0.09453125
2 0.315625 0.35390625 0.01875 0.0734375
2 0.315625 0.46328125 0.02109375 0.07890625
2 0.2078125 0.365625 0.01640625 0.065625
18 0.34296875 0.56875 0.028125 0.08671875
19 0.284375 0.56328125 0.028125 0.08125
2 0.22421875 0.3640625 0.0140625 0.06796875
1 0.25078125 0.4625 0.02109375 0.07578125
6 0.12578125 0.3703125 0.01484375 0.0671875
3 0.2109375 0.459375 0.02421875 0.07890625
6 0.1109375 0.371875 0.01484375 0.0671875