8 0.6984375 0.42734375 0.059375 0.13515625
17 0.5421875 0.5890625 0.0578125 0.115625
8 0.6375 0.42734375 0.05703125 0.1328125
8 0.76171875 0.428125 0.06171875 0.13984375
17 0.48203125 0.58203125 0.0578125 0.1171875
2 0.6984375 0.24765625 0.06328125 0.14375
17 0.73828125 0.6015625 0.065625 0.13046875
2 0.415625 0.26875 0.04375 0.11875
17 0.81328125 0.60625 0.07890625 0.13359375
17 0.259375 0.575 0.04140625 0.0890625
2 0.6375 0.2515625 0.053125 0.13984375
0 0.46640625 0.26015625 0.0546875 0.13203125
8 0.3515625 0.43046875 0.03828125 0.10703125
8 0.16640625 0.42734375 0.03359375 0.10078125
1 0.7625 0.24453125 0.06015625 0.14375
17 0.67109375 0.5953125 0.06328125 0.12734375
10 0.5796875 0.4265625 0.05234375 0.128125
17 0.60546875 0.59453125 0.06171875 0.115625
10 0.4765625 0.4265625 0.04765625 0.12265625
8 0.828125 0.42734375 0.06328125 0.1453125
0 0.52421875 0.25703125 0.05234375 0.13359375
17 0.3515625 0.58125 0.0484375 0.09296875
10 0.52578125 0.4265625 0.0484375 0.12578125
0 0.58046875 0.2546875 0.05546875 0.13828125
8 0.27421875 0.4296875 0.0359375 0.10234375
17 0.303125 0.57734375 0.04296875 0.09140625
16 0.01484375 0.5375 0.0296875 0.1
8 0.3125 0.43046875 0.0359375 0.1046875
10 0.39140625 0.43125 0.03671875 0.1078125
1 0.83359375 0.23984375 0.0765625 0.14921875
10 0.43125 0.43046875 0.0390625 0.11171875
8 0.20234375 0.428125 0.03359375 0.1015625
8 0.2375 0.42890625 0.03359375 0.1015625
2 0.36875 0.2703125 0.040625 0.11796875
5 0.28515625 0.2625 0.0390625 0.13828125
5 0.3265625 0.26015625 0.040625 0.14140625
5 0.14609375 0.54921875 0.0359375 0.1078125
5 0.10703125 0.54921875 0.04296875 0.1125