2 0.51328125 0.25625 0.0390625 0.12578125
8 0.33828125 0.4390625 0.0578125 0.1515625
2 0.6984375 0.4109375 0.02890625 0.10625
8 0.39453125 0.434375 0.05234375 0.14609375
8 0.47265625 0.2546875 0.0390625 0.1296875
8 0.43125 0.2515625 0.04296875 0.134375
8 0.44609375 0.43125 0.04765625 0.1390625
18 0.7078125 0.2765625 0.03125 0.0875
8 0.2765625 0.44453125 0.0625 0.1578125
2 0.55078125 0.26015625 0.03203125 0.1203125
10 0.565625 0.4203125 0.0359375 0.1234375
10 0.3875 0.24609375 0.04296875 0.14140625
17 0.67421875 0.27578125 0.03203125 0.090625
18 0.73984375 0.278125 0.02890625 0.0875
11 0.08359375 0.21796875 0.09921875 0.18828125
10 0.52890625 0.42421875 0.034375 0.12734375
10 0.490625 0.42734375 0.03828125 0.134375
2 0.58125 0.2625 0.0265625 0.11796875
10 0.34453125 0.24375 0.040625 0.1453125
1 0.6015625 0.41796875 0.03359375 0.11875
0 0.66640625 0.4125 0.03359375 0.11171875
2 0.728125 0.40859375 0.0265625 0.1
17 0.63984375 0.275 0.03359375 0.09375
1 0.63359375 0.41484375 0.03046875 0.11484375
17 0.7703125 0.2765625 0.03046875 0.09140625
12 0.22890625 0.2296875 0.0703125 0.1671875
17 0.60859375 0.27578125 0.0265625 0.09140625
11 0.01171875 0.21796875 0.0234375 0.18671875
17 0.7984375 0.2765625 0.02578125 0.0921875
17 0.80859375 0.63203125 0.02109375 0.0890625
17 0.8296875 0.6265625 0.01953125 0.0875
5 0.86953125 0.38984375 0.03671875 0.09921875
12 0.29375 0.23515625 0.0578125 0.16171875