17 0.50078125 0.584375 0.04296875 0.09296875
22 0.7328125 0.94921875 0.059375 0.1015625
11 0.778125 0.1875 0.065625 0.196875
6 0.73671875 0.4046875 0.06015625 0.17265625
24 0.68828125 0.76328125 0.059375 0.1265625
16 0.621875 0.9171875 0.04609375 0.1421875
17 0.60625 0.5921875 0.0546875 0.11171875
9 0.52109375 0.21640625 0.05078125 0.1546875
22 0.79765625 0.95703125 0.0703125 0.0859375
17 0.7390625 0.6046875 0.07421875 0.14375
17 0.81953125 0.615625 0.0796875 0.1515625
11 0.85625 0.18046875 0.084375 0.20625
3 0.44609375 0.7046875 0.03671875 0.11796875
24 0.628125 0.74921875 0.0578125 0.125
9 0.5796875 0.2125 0.06171875 0.16171875
17 0.55 0.58515625 0.05078125 0.10703125
5 0.37421875 0.68828125 0.0359375 0.1109375
16 0.2671875 0.79765625 0.0265625 0.115625
10 0.465625 0.2203125 0.053125 0.15078125
3 0.52578125 0.72109375 0.0390625 0.121875
2 0.40703125 0.40078125 0.04375 0.128125
8 0.36484375 0.228125 0.0453125 0.140625
22 0.6734375 0.94140625 0.05703125 0.11640625
3 0.48515625 0.71328125 0.03828125 0.1203125
1 0.50078125 0.403125 0.05 0.14140625
0 0.2828125 0.39296875 0.040625 0.121875
2 0.15546875 0.3890625 0.02890625 0.109375
10 0.284375 0.24375 0.034375 0.115625
6 0.60859375 0.40078125 0.05234375 0.16171875
1 0.45234375 0.40078125 0.04375 0.13515625
6 0.5546875 0.4 0.05234375 0.1546875
16 0.57890625 0.90390625 0.0390625 0.13828125
18 0.66640625 0.60234375 0.06171875 0.11796875
4 0.2203125 0.653125 0.03125 0.10078125
16 0.5375 0.88828125 0.040625 0.1375
24 0.7515625 0.778125 0.06171875 0.13203125
2 0.246875 0.3953125 0.03046875 0.11171875
16 0.23984375 0.78984375 0.028125 0.1109375
16 0.2109375 0.7828125 0.028125 0.10859375
6 0.6703125 0.4015625 0.06484375 0.1671875
10 0.41328125 0.225 0.04765625 0.14609375
2 0.21484375 0.3921875 0.03125 0.11171875
2 0.3625 0.39765625 0.04296875 0.12734375
2 0.184375 0.39140625 0.028125 0.10859375
16 0.2953125 0.809375 0.02890625 0.11796875
16 0.325 0.8203125 0.03046875 0.1203125
4 0.25078125 0.659375 0.028125 0.103125
3 0.41015625 0.69609375 0.03203125 0.1125
16 0.425 0.8515625 0.03359375 0.12421875
16 0.49921875 0.87578125 0.034375 0.13359375
16 0.40859375 0.55703125 0.04375 0.11484375
0 0.32265625 0.39453125 0.034375 0.12421875
16 0.36484375 0.55078125 0.04296875 0.11015625
24 0.81796875 0.79296875 0.065625 0.1375
16 0.2890625 0.5484375 0.028125 0.08671875
8 0.32265625 0.2328125 0.03671875 0.13359375
8 0.18828125 0.2484375 0.02890625 0.1109375
16 0.4609375 0.8625 0.03671875 0.12421875
16 0.453125 0.56171875 0.0453125 0.1171875
16 0.35625 0.83046875 0.03125 0.1203125
8 0.1640625 0.25078125 0.021875 0.10859375
10 0.25 0.246875 0.03125 0.11171875
4 0.19140625 0.646875 0.02421875 0.0984375
16 0.32265625 0.5453125 0.04140625 0.10625
8 0.13515625 0.25234375 0.03125 0.10859375
16 0.26015625 0.5453125 0.03125 0.0859375
16 0.390625 0.840625 0.03359375 0.125
4 0.28046875 0.665625 0.028125 0.1046875
10 0.21796875 0.24765625 0.02890625 0.11171875
12 0.71171875 0.18984375 0.0625 0.19765625
15 0.571875 0.73671875 0.05078125 0.11953125
2 0.990625 0.97421875 0.01875 0.0515625
6 0.79375 0.40859375 0.05 0.1765625