3 0.47109375 0.5890625 0.04609375 0.14609375
8 0.44765625 0.4078125 0.0625 0.1546875
3 0.184375 0.6328125 0.075 0.171875
0 0.66015625 0.22734375 0.04140625 0.1234375
8 0.51015625 0.40546875 0.0578125 0.15
8 0.659375 0.3953125 0.04296875 0.13359375
8 0.56484375 0.4015625 0.04609375 0.14609375
4 0.51875 0.58125 0.04375 0.14140625
0 0.6125 0.225 0.0484375 0.12421875
0 0.50546875 0.21640625 0.05546875 0.13515625
4 0.5609375 0.575 0.03671875 0.13515625
8 0.70390625 0.39375 0.04296875 0.1296875
0 0.70390625 0.228125 0.04140625 0.12265625
0 0.5609375 0.22109375 0.05 0.1296875
1 0.74609375 0.22890625 0.0390625 0.12265625
0 0.4421875 0.21015625 0.06484375 0.14375
8 0.61328125 0.39921875 0.04609375 0.13984375
4 0.60078125 0.56875 0.03828125 0.1328125
10 0.81875 0.3859375 0.034375 0.11953125
10 0.7453125 0.39140625 0.0359375 0.1265625
3 0.42265625 0.5984375 0.04765625 0.14921875
10 0.85390625 0.3859375 0.03203125 0.11484375
17 0.95703125 0.39765625 0.028125 0.075
17 0.9203125 0.25625 0.040625 0.07890625
10 0.78203125 0.38828125 0.03359375 0.1234375
17 0.9859375 0.39609375 0.028125 0.071875
1 0.7875 0.23125 0.04296875 0.1203125
17 0.92265625 0.39921875 0.0390625 0.0765625
4 0.63984375 0.56328125 0.03671875 0.12734375
17 0.8796875 0.25390625 0.0390625 0.07890625
17 0.884375 0.40078125 0.028125 0.078125
17 0.95390625 0.2578125 0.02578125 0.07734375
17 0.98359375 0.25859375 0.03203125 0.0765625