8 0.13671875 0.271875 0.05 0.109375
8 0.378125 0.2703125 0.05 0.1046875
10 0.778125 0.26640625 0.04609375 0.10078125
8 0.325 0.2703125 0.05078125 0.10625
10 0.728125 0.26640625 0.04765625 0.09921875
10 0.678125 0.2671875 0.04375 0.0984375
8 0.4296875 0.26953125 0.05 0.10703125
10 0.23125 0.26875 0.04140625 0.1078125
10 0.1859375 0.2703125 0.04375 0.10703125
10 0.8265625 0.26640625 0.04375 0.09921875
8 0.48125 0.26875 0.0484375 0.1046875
8 0.57890625 0.26640625 0.0484375 0.10078125
8 0.53046875 0.26796875 0.0453125 0.10078125
8 0.63046875 0.2671875 0.0484375 0.10078125
10 0.27578125 0.26875 0.04140625 0.1078125