8 0.6375 0.284375 0.053125 0.11015625
10 0.2640625 0.278125 0.04140625 0.10859375
10 0.69140625 0.28671875 0.05 0.1078125
10 0.746875 0.2875 0.053125 0.109375
10 0.86015625 0.28984375 0.053125 0.1109375
8 0.58125 0.28359375 0.053125 0.1078125
8 0.13125 0.278125 0.04765625 0.10859375
8 0.47421875 0.2828125 0.05234375 0.11015625
10 0.178125 0.27734375 0.040625 0.1078125
10 0.803125 0.28828125 0.053125 0.11015625
8 0.41875 0.2828125 0.05234375 0.1109375
8 0.36484375 0.28125 0.05 0.11015625
8 0.528125 0.2828125 0.05 0.1078125
8 0.3125 0.2796875 0.05078125 0.11015625
10 0.2203125 0.2765625 0.040625 0.10859375