22 0.16015625 0.5703125 0.06171875 0.1140625
8 0.6203125 0.4921875 0.03203125 0.09609375
0 0.6125 0.346875 0.040625 0.12578125
10 0.65390625 0.48671875 0.03046875 0.0953125
18 0.28203125 0.54609375 0.065625 0.128125
8 0.65703125 0.3453125 0.04296875 0.1234375
17 0.43046875 0.53828125 0.04609375 0.0875
18 0.48125 0.52265625 0.04609375 0.096875
1 0.52109375 0.3515625 0.04140625 0.13359375
2 0.47265625 0.3546875 0.05078125 0.1390625
0 0.56796875 0.35 0.04765625 0.13125
2 0.41796875 0.35625 0.05546875 0.14296875
8 0.6984375 0.34296875 0.0359375 0.1203125
8 0.7359375 0.340625 0.0359375 0.115625
8 0.58828125 0.49609375 0.02890625 0.0984375
8 0.80546875 0.3375 0.03046875 0.11015625
8 0.7734375 0.3390625 0.03359375 0.1140625
13 0.70703125 0.6078125 0.040625 0.1
17 0.52265625 0.51484375 0.03359375 0.0921875
10 0.7109375 0.478125 0.0265625 0.09296875
10 0.6828125 0.48125 0.02578125 0.09453125
11 0.81171875 0.459375 0.04375 0.0984375
3 0.57421875 0.640625 0.034375 0.115625
16 0.38515625 0.5421875 0.0390625 0.096875
22 0.23359375 0.36796875 0.06796875 0.146875
13 0.6671875 0.61875 0.0359375 0.1078125
16 0.34140625 0.54921875 0.04375 0.1015625
3 0.60390625 0.63359375 0.02578125 0.1046875
11 0.77265625 0.46484375 0.02890625 0.0984375