17 0.21796875 0.475 0.06328125 0.1390625
17 0.278125 0.459375 0.05703125 0.13203125
17 0.57265625 0.371875 0.0359375 0.12265625
18 0.1515625 0.49140625 0.06484375 0.146875
8 0.659375 0.3765625 0.0234375 0.103125
18 0.08046875 0.5109375 0.0796875 0.15703125
17 0.53046875 0.3796875 0.0453125 0.13125
8 0.6796875 0.3703125 0.0171875 0.09921875
8 0.634375 0.38046875 0.02421875 0.10625
17 0.33125 0.4453125 0.05 0.12578125
8 0.60625 0.38046875 0.028125 0.096875
10 0.71796875 0.3578125 0.02109375 0.096875
10 0.69765625 0.36484375 0.0171875 0.096875
8 0.80625 0.32578125 0.01640625 0.09296875
8 0.7703125 0.3375 0.01953125 0.09609375
17 0.484375 0.39296875 0.04375 0.1359375
10 0.73828125 0.35234375 0.0171875 0.09296875
8 0.7890625 0.33125 0.01640625 0.09453125
8 0.825 0.32109375 0.01953125 0.090625
10 0.75078125 0.35078125 0.0171875 0.09296875
2 0.1078125 0.01484375 0.08125 0.0296875
2 0.62890625 0.5109375 0.02890625 0.09375
16 0.359375 0.6203125 0.0359375 0.109375
2 0.65390625 0.50625 0.01875 0.0859375
10 0.84609375 0.31640625 0.01953125 0.08671875
2 0.67265625 0.50078125 0.0171875 0.07890625
16 0.39765625 0.60625 0.03828125 0.10390625
2 0.69296875 0.4921875 0.01953125 0.07578125
2 0.7140625 0.48203125 0.01875 0.075