4 0.4609375 0.778125 0.04140625 0.1296875
4 0.55 0.81015625 0.04765625 0.13828125
4 0.6 0.8265625 0.05234375 0.1390625
17 0.76015625 0.69609375 0.09296875 0.14375
3 0.5453125 0.9546875 0.04296875 0.0890625
2 0.35859375 0.4578125 0.04765625 0.1203125
0 0.64140625 0.4953125 0.06484375 0.14140625
18 0.45234375 0.62265625 0.05546875 0.11796875
17 0.83125 0.321875 0.08359375 0.1609375
4 0.6546875 0.84140625 0.05546875 0.1421875
4 0.70703125 0.85859375 0.05 0.14296875
1 0.45859375 0.4703125 0.05234375 0.125
4 0.38515625 0.7515625 0.040625 0.121875
17 0.70859375 0.13671875 0.07421875 0.1375
8 0.22734375 0.43984375 0.03203125 0.10625
17 0.74921875 0.32109375 0.075 0.15390625
0 0.51484375 0.47890625 0.05546875 0.13125
3 0.5921875 0.9640625 0.0484375 0.07109375
18 0.39375 0.6078125 0.0546875 0.11484375
17 0.78515625 0.1296875 0.0703125 0.14375
8 0.26640625 0.446875 0.04140625 0.109375
0 0.44375 0.315625 0.04765625 0.125
0 0.396875 0.31484375 0.04296875 0.11875
18 0.67265625 0.31875 0.0703125 0.14765625
17 0.66953125 0.675 0.08125 0.1359375
4 0.42265625 0.76484375 0.03359375 0.12421875
0 0.5765625 0.4859375 0.06171875 0.1375
4 0.503125 0.7921875 0.04296875 0.13359375
8 0.23359375 0.16875 0.034375 0.11484375
10 0.3125 0.31328125 0.0390625 0.1109375
10 0.27265625 0.31171875 0.03671875 0.10703125
4 0.15390625 0.6734375 0.0234375 0.103125
4 0.76875 0.8734375 0.071875 0.15390625
2 0.3109375 0.4515625 0.04375 0.11640625
1 0.40703125 0.46328125 0.04765625 0.12265625
3 0.64375 0.97421875 0.05 0.0515625
0 0.4921875 0.31640625 0.0453125 0.12734375
4 0.34609375 0.73984375 0.0359375 0.1171875
18 0.8625 0.11796875 0.0796875 0.16171875
10 0.153125 0.43203125 0.034375 0.09453125
18 0.54296875 0.3171875 0.0546875 0.13359375
4 0.31015625 0.7265625 0.03203125 0.11484375
0 0.35390625 0.3140625 0.040625 0.115625
1 0.34765625 0.15625 0.04140625 0.1296875
6 0.2671875 0.57734375 0.03046875 0.0984375
6 0.34453125 0.59609375 0.03828125 0.1109375
2 0.43671875 0.1578125 0.0484375 0.11953125
7 0.71328125 0.50625 0.07421875 0.1453125
22 0.9640625 0.67578125 0.071875 0.18984375
1 0.3078125 0.16171875 0.0359375 0.12421875
2 0.38984375 0.15390625 0.04140625 0.13046875
5 0.16640625 0.81015625 0.02890625 0.10625
4 0.18125 0.68359375 0.02890625 0.10625
10 0.14609375 0.31328125 0.02421875 0.08515625
3 0.4609375 0.93828125 0.03671875 0.1234375
10 0.11484375 0.4265625 0.03671875 0.0953125
7 0.79609375 0.5171875 0.084375 0.15
18 0.60390625 0.31796875 0.06328125 0.140625
8 0.190625 0.4359375 0.0359375 0.1
10 0.23671875 0.31015625 0.03125 0.10390625
5 0.19453125 0.82109375 0.0265625 0.109375
3 0.50078125 0.94609375 0.040625 0.1078125
8 0.2 0.17109375 0.02890625 0.1109375
22 0.87734375 0.65703125 0.096875 0.17890625
4 0.278125 0.71640625 0.03046875 0.11171875
10 0.2078125 0.3109375 0.02421875 0.1
8 0.16640625 0.1734375 0.03359375 0.11015625
10 0.175 0.31328125 0.03046875 0.0875
6 0.303125 0.58671875 0.03671875 0.10390625
4 0.21171875 0.69296875 0.03046875 0.1046875
2 0.48671875 0.15390625 0.0484375 0.1234375
5 0.2515625 0.8484375 0.028125 0.1109375
3 0.70390625 0.98671875 0.0703125 0.0265625
3 0.42109375 0.9234375 0.0390625 0.13125
1 0.2703125 0.16484375 0.0359375 0.11953125
4 0.2453125 0.70546875 0.03359375 0.1125
4 0.128125 0.665625 0.02578125 0.09921875
5 0.28203125 0.859375 0.03125 0.11484375
5 0.13828125 0.8015625 0.0265625 0.10625
10 0.1171875 0.3109375 0.03046875 0.0859375
5 0.221875 0.83359375 0.028125 0.11171875
3 0.31328125 0.8765625 0.028125 0.11875
11 0.1984375 0.5625 0.03203125 0.09921875
3 0.346875 0.88984375 0.03671875 0.125