17 0.36640625 0.575 0.04296875 0.0953125
2 0.56171875 0.29765625 0.04296875 0.1234375
10 0.3609375 0.44609375 0.04140625 0.11796875
11 0.65859375 0.46796875 0.05 0.153125
11 0.60703125 0.46328125 0.05 0.14921875
10 0.478125 0.4625 0.0359375 0.11484375
8 0.51640625 0.465625 0.0390625 0.11796875
17 0.5234375 0.5984375 0.059375 0.103125
3 0.36015625 0.1484375 0.03828125 0.14296875
2 0.6546875 0.29453125 0.0484375 0.13125
0 0.78671875 0.29296875 0.06796875 0.14296875
5 0.47421875 0.134375 0.0390625 0.15546875
17 0.46640625 0.5875 0.05 0.0953125
3 0.4 0.14453125 0.03671875 0.14609375
17 0.81171875 0.65390625 0.06015625 0.103125
2 0.7140625 0.29453125 0.0671875 0.13828125
12 0.76953125 0.47578125 0.05546875 0.1671875
10 0.440625 0.45859375 0.0359375 0.11484375
16 0.47421875 0.8796875 0.03828125 0.1359375
2 0.42578125 0.303125 0.04140625 0.10703125
11 0.71328125 0.4703125 0.05546875 0.1640625
17 0.69296875 0.634375 0.05703125 0.0953125
17 0.75078125 0.64296875 0.0546875 0.1
13 0.76953125 0.80859375 0.0671875 0.140625
2 0.60625 0.29609375 0.04375 0.128125
16 0.51875 0.8921875 0.04765625 0.13984375
3 0.43671875 0.140625 0.03359375 0.14765625
10 0.403125 0.45 0.03828125 0.1203125
2 0.51875 0.29921875 0.040625 0.11875
2 0.47265625 0.30078125 0.04765625 0.1125
1 0.38359375 0.30234375 0.0390625 0.1046875
17 0.4140625 0.57890625 0.04765625 0.090625
10 0.2875 0.4390625 0.03203125 0.1109375
10 0.321875 0.44296875 0.03203125 0.1140625
6 0.86015625 0.1203125 0.0671875 0.12578125
8 0.25234375 0.4359375 0.03359375 0.10859375
1 0.34296875 0.30390625 0.03828125 0.1015625
0 0.26640625 0.30234375 0.03125 0.0984375
6 0.73828125 0.1078125 0.06328125 0.1671875
0 0.30234375 0.30234375 0.03828125 0.10078125
8 0.55859375 0.46953125 0.04296875 0.1203125
0 0.1953125 0.30234375 0.040625 0.09453125
5 0.515625 0.13046875 0.0390625 0.15546875
6 0.61484375 0.11953125 0.0546875 0.16484375
16 0.43515625 0.865625 0.03828125 0.13125
16 0.2109375 0.7859375 0.02890625 0.11484375
6 0.7984375 0.13046875 0.05234375 0.11171875
6 0.67265625 0.1125 0.0578125 0.1703125
0 0.2328125 0.303125 0.03125 0.09453125
13 0.52734375 0.74453125 0.03828125 0.121875
8 0.215625 0.43203125 0.0359375 0.1078125
4 0.290625 0.1578125 0.03203125 0.1375
16 0.18203125 0.7765625 0.02890625 0.1109375
22 0.20234375 0.6578125 0.034375 0.09140625
8 0.17734375 0.43046875 0.0359375 0.1078125
22 0.2375 0.665625 0.03359375 0.09453125
12 0.82890625 0.47890625 0.059375 0.171875
13 0.61484375 0.76796875 0.04296875 0.12734375
13 0.40546875 0.7140625 0.0390625 0.1046875
5 0.559375 0.1265625 0.0453125 0.1609375
13 0.4859375 0.73359375 0.040625 0.11875
4 0.32421875 0.153125 0.03203125 0.13984375
13 0.56953125 0.75703125 0.04140625 0.1234375
4 0.25859375 0.16171875 0.02890625 0.13359375
16 0.23984375 0.79609375 0.028125 0.11875
18 0.96328125 0.08984375 0.07265625 0.1765625
16 0.33046875 0.83046875 0.0359375 0.12578125
16 0.3984375 0.853125 0.034375 0.13046875
13 0.4453125 0.725 0.0359375 0.1140625
16 0.36484375 0.84140625 0.03125 0.125
22 0.26875 0.68125 0.02421875 0.0765625
16 0.940625 0.9734375 0.06875 0.053125
16 0.87421875 0.9625 0.065625 0.075