18 0.153125 0.365625 0.040625 0.10703125
10 0.81640625 0.3703125 0.08671875 0.18828125
18 0.34921875 0.378125 0.040625 0.109375
17 0.234375 0.365625 0.0390625 0.11953125
17 0.2734375 0.37421875 0.0359375 0.10625
10 0.73828125 0.36875 0.065625 0.17734375
6 0.54140625 0.75546875 0.03671875 0.15078125
10 0.55859375 0.1921875 0.0484375 0.13125
0 0.41328125 0.20859375 0.0390625 0.11640625
8 0.67265625 0.36875 0.0625 0.16953125
8 0.86953125 0.15703125 0.075 0.16171875
8 0.7953125 0.16640625 0.06484375 0.15078125
16 0.409375 0.72109375 0.04609375 0.14296875
0 0.48515625 0.36796875 0.05546875 0.15625
1 0.60625 0.38515625 0.0625 0.1296875
6 0.45546875 0.73203125 0.040625 0.1421875
8 0.72890625 0.1734375 0.06015625 0.14609375
6 0.49921875 0.74375 0.04296875 0.15078125
4 0.7265625 0.6046875 0.0625 0.14921875
0 0.43203125 0.36796875 0.04765625 0.15
18 0.309375 0.37734375 0.034375 0.1046875
16 0.36640625 0.71328125 0.03828125 0.1390625
8 0.66875 0.17890625 0.0546875 0.1421875
8 0.6125 0.18515625 0.05234375 0.1359375
2 0.3 0.21328125 0.0359375 0.11953125
10 0.5078125 0.19609375 0.04765625 0.1296875
0 0.37421875 0.21171875 0.03671875 0.11640625
0 0.33671875 0.2140625 0.034375 0.11484375
2 0.23125 0.2203125 0.02890625 0.115625
10 0.45703125 0.20078125 0.0453125 0.1265625
0 0.38984375 0.3671875 0.034375 0.13984375
1 0.54375 0.3703125 0.05703125 0.1515625
2 0.26328125 0.21640625 0.03203125 0.1171875
5 0.25234375 0.5203125 0.03359375 0.13515625
5 0.21953125 0.51640625 0.03046875 0.13125
12 0.74453125 0.8140625 0.06015625 0.1703125
3 0.3875 0.54296875 0.0359375 0.1484375
16 0.26953125 0.68515625 0.03203125 0.12734375
17 0.1671875 0.234375 0.02421875 0.090625
3 0.28671875 0.52734375 0.03125 0.1359375
17 0.19765625 0.2328125 0.034375 0.09296875
3 0.428125 0.5484375 0.04140625 0.15546875
16 0.29921875 0.69296875 0.0265625 0.1265625
16 0.3296875 0.70390625 0.03203125 0.13515625
13 0.8828125 0.83828125 0.0703125 0.18125
18 0.19296875 0.3640625 0.03671875 0.11640625
5 0.1890625 0.51328125 0.03046875 0.128125
16 0.2375 0.678125 0.03046875 0.12421875
18 0.98984375 0.6328125 0.01953125 0.20390625