8 0.43203125 0.4078125 0.05703125 0.146875
4 0.3828125 0.58046875 0.04609375 0.14765625
4 0.5375 0.5953125 0.05703125 0.14921875
8 0.2546875 0.40546875 0.05546875 0.13984375
1 0.70859375 0.20078125 0.07265625 0.1578125
10 0.76953125 0.40859375 0.07421875 0.16640625
10 0.62421875 0.40859375 0.065625 0.1578125
8 0.55703125 0.40859375 0.06328125 0.1546875
0 0.371875 0.22734375 0.0546875 0.1265625
8 0.371875 0.4078125 0.0578125 0.14375
4 0.48203125 0.59140625 0.05 0.14609375
10 0.85078125 0.41171875 0.08125 0.1703125
0 0.2609375 0.228125 0.05234375 0.13203125
3 0.28828125 0.5734375 0.04296875 0.14140625
10 0.6953125 0.4078125 0.06796875 0.1625
0 0.5640625 0.21171875 0.06328125 0.1453125
8 0.49296875 0.4078125 0.059375 0.15
0 0.43125 0.2234375 0.059375 0.13125
0 0.496875 0.2171875 0.06328125 0.13828125
8 0.3125 0.40703125 0.0546875 0.14296875
4 0.33515625 0.5765625 0.04609375 0.1453125
17 0.96640625 0.43984375 0.0671875 0.12265625
0 0.315625 0.228125 0.053125 0.1296875
17 0.95 0.209375 0.07421875 0.1234375
3 0.24296875 0.57109375 0.04296875 0.13828125
1 0.63359375 0.20625 0.06796875 0.153125
4 0.43125 0.5859375 0.04765625 0.1484375
17 0.99375 0.21171875 0.0125 0.1171875
13 0.0125 0.396875 0.025 0.134375