7 0.825 0.42109375 0.0359375 0.09921875
4 0.67265625 0.7 0.03359375 0.10859375
0 0.5734375 0.31171875 0.04140625 0.1140625
6 0.5046875 0.6015625 0.05078125 0.10859375
10 0.4359375 0.32734375 0.05 0.103125
8 0.365625 0.15078125 0.0546875 0.1359375
8 0.3046875 0.146875 0.06171875 0.14375
1 0.65859375 0.440625 0.04140625 0.10859375
6 0.55703125 0.59140625 0.05078125 0.10859375
6 0.45703125 0.6125 0.0390625 0.1109375
10 0.32890625 0.32734375 0.053125 0.11796875
10 0.26171875 0.4890625 0.0671875 0.13515625
5 0.37890625 0.94453125 0.04375 0.1109375
10 0.3828125 0.32890625 0.0484375 0.10703125
10 0.27109375 0.32265625 0.05703125 0.134375
4 0.43671875 0.76875 0.04765625 0.125
4 0.8203125 0.65546875 0.021875 0.09609375
2 0.515625 0.45859375 0.05 0.11875
8 0.42265625 0.15390625 0.0546875 0.134375
8 0.240625 0.14453125 0.0625 0.146875
4 0.22421875 0.8265625 0.0625 0.1421875
10 0.48515625 0.315625 0.04375 0.11953125
4 0.84921875 0.64609375 0.03359375 0.09375
1 0.57421875 0.16328125 0.04375 0.121875
18 0.8890625 0.18203125 0.04609375 0.090625
0 0.65703125 0.309375 0.04140625 0.10703125
10 0.18671875 0.49609375 0.075 0.140625
4 0.52421875 0.74296875 0.03671875 0.1203125
0 0.74375 0.43125 0.04296875 0.10234375
8 0.32890625 0.48125 0.06328125 0.128125
18 0.77890625 0.303125 0.03828125 0.1
5 0.42265625 0.93515625 0.04140625 0.12421875
4 0.4828125 0.7546875 0.04375 0.1234375
17 0.84296875 0.1828125 0.03671875 0.08671875
0 0.696875 0.3078125 0.03671875 0.103125
4 0.7421875 0.68125 0.03203125 0.10390625
10 0.53046875 0.3140625 0.04296875 0.1171875
2 0.5671875 0.4515625 0.05 0.11640625
4 0.28203125 0.81328125 0.05078125 0.13515625
2 0.66328125 0.165625 0.0453125 0.11796875
4 0.3359375 0.7984375 0.05234375 0.1328125
1 0.528125 0.16015625 0.04609375 0.125
4 0.70859375 0.68984375 0.034375 0.10625
4 0.56328125 0.73125 0.03828125 0.11640625
18 0.7375 0.30546875 0.04140625 0.1015625
4 0.63984375 0.709375 0.03125 0.109375
8 0.39609375 0.47421875 0.06328125 0.1203125
2 0.61875 0.16484375 0.04140625 0.11875
1 0.478125 0.1578125 0.05 0.1296875
0 0.61484375 0.3109375 0.0390625 0.109375
4 0.603125 0.7203125 0.0390625 0.1140625
4 0.3875 0.78359375 0.05 0.1265625
5 0.33046875 0.9515625 0.05 0.09609375
1 0.61484375 0.446875 0.04296875 0.109375
0 0.7859375 0.4265625 0.0390625 0.1
4 0.79921875 0.6625 0.02109375 0.1
17 0.8484375 0.3015625 0.03125 0.09375
12 0.21953125 0.6578125 0.084375 0.13359375
5 0.275 0.9609375 0.05703125 0.078125
18 0.815625 0.30234375 0.03203125 0.096875
4 0.7734375 0.671875 0.028125 0.10390625
18 0.6125 0.58125 0.053125 0.1046875
17 0.884375 0.30078125 0.03671875 0.08828125
8 0.46015625 0.46796875 0.0578125 0.1171875
7 0.8609375 0.41640625 0.0359375 0.09921875
0 0.70078125 0.43671875 0.040625 0.10703125
12 0.3 0.64453125 0.0671875 0.12421875
17 0.80859375 0.5515625 0.04140625 0.071875
5 0.465625 0.91640625 0.04296875 0.12578125
17 0.85234375 0.5359375 0.040625 0.08359375
3 0.721875 0.81953125 0.03203125 0.1109375
5 0.5078125 0.9015625 0.03828125 0.12421875
3 0.68984375 0.8328125 0.03046875 0.1109375
17 0.809375 0.18984375 0.0265625 0.071875
2 0.70625 0.171875 0.03828125 0.10625
18 0.66640625 0.57109375 0.0484375 0.10078125
3 0.62265625 0.8578125 0.02890625 0.11796875
6 0.41640625 0.6234375 0.03671875 0.11171875
3 0.83828125 0.775 0.02578125 0.10390625
3 0.81171875 0.78515625 0.02421875 0.10703125
10 0.2109375 0.32578125 0.06015625 0.13515625
17 0.7640625 0.55390625 0.0453125 0.08515625
3 0.65625 0.8453125 0.034375 0.1171875