8 0.2578125 0.30078125 0.065625 0.1421875
11 0.48046875 0.75859375 0.05546875 0.13515625
10 0.48359375 0.13046875 0.05 0.13203125
8 0.32265625 0.2984375 0.0578125 0.13828125
12 0.29140625 0.81015625 0.0703125 0.14375
2 0.7859375 0.4140625 0.040625 0.10859375
10 0.4359375 0.61484375 0.0546875 0.12265625
10 0.4296875 0.12734375 0.05234375 0.1359375
10 0.371875 0.125 0.05703125 0.1390625
0 0.34921875 0.465625 0.0546875 0.14296875
8 0.43671875 0.29453125 0.05078125 0.13203125
10 0.309375 0.6390625 0.06484375 0.1328125
8 0.6859375 0.56328125 0.04375 0.1046875
8 0.38125 0.296875 0.0546875 0.13359375
8 0.728125 0.55390625 0.03671875 0.1015625
2 0.825 0.40859375 0.034375 0.1046875
10 0.48984375 0.60234375 0.05 0.11875
2 0.89609375 0.4 0.03359375 0.1
10 0.37421875 0.62734375 0.06015625 0.12578125
10 0.534375 0.13203125 0.0484375 0.128125
2 0.8609375 0.40390625 0.034375 0.103125
10 0.31171875 0.11953125 0.05703125 0.14609375
10 0.1625 0.10703125 0.08203125 0.16640625
0 0.29140625 0.47265625 0.0578125 0.14765625
10 0.23671875 0.6515625 0.07421875 0.1421875
0 0.40234375 0.459375 0.05 0.1390625
8 0.18125 0.30234375 0.0796875 0.1484375
8 0.80703125 0.284375 0.03203125 0.09609375
0 0.6125 0.440625 0.04609375 0.1109375
8 0.87265625 0.28203125 0.03046875 0.0921875
10 0.24453125 0.11796875 0.06796875 0.1484375
8 0.76796875 0.5453125 0.0390625 0.09921875
8 0.840625 0.28359375 0.03125 0.09375
10 0.59296875 0.58125 0.04609375 0.10859375
8 0.87578125 0.52265625 0.03125 0.090625
8 0.8421875 0.52890625 0.03359375 0.09375
8 0.48828125 0.29140625 0.0484375 0.13046875
10 0.54296875 0.59140625 0.0484375 0.11484375
8 0.7375 0.2875 0.03203125 0.1015625
0 0.225 0.47890625 0.0703125 0.15078125
10 0.58125 0.13671875 0.040625 0.12265625
10 0.6234375 0.13984375 0.03828125 0.11796875
8 0.77265625 0.28515625 0.03359375 0.1
10 0.84921875 0.15390625 0.03125 0.10390625
1 0.659375 0.44296875 0.04140625 0.090625
10 0.66328125 0.1421875 0.03671875 0.11484375
8 0.5359375 0.29140625 0.04375 0.125
10 0.70390625 0.14609375 0.0390625 0.1125
8 0.80703125 0.5375 0.03359375 0.09609375
0 0.453125 0.46015625 0.04765625 0.12265625
10 0.8171875 0.1515625 0.02890625 0.10625
17 0.8859375 0.63515625 0.03671875 0.09609375
0 0.56171875 0.44453125 0.05078125 0.11875
10 0.640625 0.571875 0.04375 0.10625
11 0.421875 0.77578125 0.05546875 0.13828125
10 0.7828125 0.14921875 0.0359375 0.10859375
10 0.88203125 0.15546875 0.03046875 0.09921875
10 0.74453125 0.14765625 0.0359375 0.109375
8 0.70234375 0.28984375 0.034375 0.103125
1 0.70390625 0.43203125 0.04296875 0.0984375
0 0.50703125 0.4640625 0.053125 0.096875
1 0.7453125 0.41953125 0.03828125 0.109375
8 0.90546875 0.2796875 0.03203125 0.090625
10 0.9125 0.1578125 0.028125 0.0984375
17 0.925 0.62734375 0.0359375 0.0984375
8 0.58203125 0.29140625 0.04609375 0.11796875
6 0.5390625 0.73984375 0.05703125 0.128125
8 0.62734375 0.29375 0.0390625 0.10703125
17 0.82109375 0.6578125 0.03671875 0.1046875
17 0.778125 0.66953125 0.0453125 0.10703125
8 0.665625 0.2921875 0.0359375 0.103125
17 0.690625 0.7015625 0.04375 0.1015625
17 0.73359375 0.6828125 0.0390625 0.10859375
17 0.85234375 0.64609375 0.02578125 0.10078125
11 0.36171875 0.7921875 0.06015625 0.13828125
18 0.99453125 0.60625 0.01015625 0.09609375
17 0.98671875 0.49609375 0.0265625 0.08125