17 0.60625 0.53828125 0.04375 0.096875
0 0.559375 0.2671875 0.040625 0.1125
8 0.78046875 0.40546875 0.03203125 0.09609375
2 0.51875 0.26796875 0.03671875 0.1078125
8 0.29140625 0.4171875 0.04140625 0.1109375
3 0.24765625 0.2359375 0.0453125 0.14765625
17 0.55703125 0.54140625 0.05078125 0.10078125
10 0.634375 0.40703125 0.034375 0.10390625
8 0.71015625 0.40703125 0.0359375 0.09921875
17 0.3515625 0.57109375 0.04765625 0.0890625
10 0.52421875 0.41328125 0.03203125 0.09921875
8 0.375 0.41640625 0.03828125 0.10625
16 0.153125 0.571875 0.05546875 0.140625
8 0.45078125 0.41640625 0.03671875 0.1015625
17 0.45078125 0.56171875 0.04609375 0.0890625
2 0.67734375 0.275 0.03359375 0.1046875
17 0.4015625 0.56640625 0.04609375 0.08828125
8 0.33359375 0.41640625 0.0390625 0.10859375
10 0.48828125 0.415625 0.0359375 0.1
17 0.64921875 0.5375 0.03828125 0.0890625
5 0.43046875 0.25078125 0.04375 0.13828125
8 0.24140625 0.41640625 0.0546875 0.1140625
5 0.34296875 0.24375 0.0453125 0.1421875
8 0.41328125 0.41640625 0.0359375 0.10390625
8 0.74609375 0.40546875 0.03203125 0.09921875
10 0.559375 0.41015625 0.034375 0.1046875
0 0.63984375 0.27265625 0.03828125 0.10859375
17 0.6890625 0.53359375 0.03828125 0.0890625
8 0.671875 0.4078125 0.0359375 0.10078125
17 0.72890625 0.528125 0.03671875 0.09140625
10 0.596875 0.40859375 0.0359375 0.103125
0 0.6 0.26953125 0.03828125 0.109375
5 0.3875 0.246875 0.04140625 0.140625
1 0.7765625 0.28203125 0.0359375 0.0984375
2 0.7125 0.2765625 0.03359375 0.10390625
1 0.74453125 0.2796875 0.0265625 0.1
2 0.4765625 0.265625 0.04375 0.11015625
16 0.09765625 0.575 0.05078125 0.14375
17 0.76640625 0.5265625 0.0359375 0.08828125
3 0.2953125 0.23984375 0.04609375 0.1453125
4 0.18828125 0.23125 0.06953125 0.1546875