19 0.26953125 0.56640625 0.0484375 0.10703125
17 0.1234375 0.5515625 0.05234375 0.11171875
17 0.37421875 0.57265625 0.05234375 0.109375
2 0.43671875 0.2296875 0.04140625 0.11015625
3 0.66328125 0.20234375 0.0484375 0.14609375
8 0.28125 0.40390625 0.04375 0.1109375
17 0.62421875 0.60390625 0.05 0.090625
17 0.57265625 0.60078125 0.04765625 0.08671875
1 0.22578125 0.23515625 0.04140625 0.11171875
19 0.32109375 0.56875 0.0484375 0.10859375
10 0.496875 0.41171875 0.04375 0.1078125
17 0.52421875 0.59296875 0.04609375 0.0953125
0 0.271875 0.2328125 0.04609375 0.11484375
17 0.42734375 0.57578125 0.05234375 0.11015625
8 0.371875 0.4046875 0.0453125 0.115625
2 0.478125 0.22734375 0.0390625 0.1109375
10 0.19296875 0.40234375 0.03828125 0.10859375
10 0.54375 0.41171875 0.04765625 0.109375
10 0.23515625 0.403125 0.04296875 0.11015625
2 0.35859375 0.2328125 0.0390625 0.11015625
2 0.39609375 0.23125 0.0359375 0.11015625
2 0.14375 0.2390625 0.04140625 0.109375
8 0.32578125 0.40390625 0.04296875 0.1125
10 0.453125 0.4109375 0.0390625 0.1046875
10 0.15390625 0.40234375 0.03671875 0.1078125
10 0.4140625 0.41015625 0.03671875 0.1046875
3 0.61484375 0.20625 0.0453125 0.14296875
10 0.1125 0.40234375 0.04296875 0.10625
3 0.71328125 0.2 0.0484375 0.14609375
2 0.1 0.240625 0.04296875 0.10859375
4 0.56875 0.21015625 0.04140625 0.1390625
0 0.3171875 0.23046875 0.040625 0.11640625
4 0.5234375 0.21171875 0.04609375 0.1390625
1 0.184375 0.2375 0.03828125 0.109375
21 0.17265625 0.56015625 0.04375 0.10234375
21 0.2203125 0.56328125 0.0453125 0.1046875
21 0.47734375 0.58828125 0.04296875 0.09375
13 0.690625 0.5828125 0.08125 0.1453125