2 0.67265625 0.44765625 0.07890625 0.1796875
1 0.4828125 0.4421875 0.05234375 0.15390625
17 0.56640625 0.2375 0.05703125 0.13828125
17 0.5078125 0.24609375 0.05703125 0.13203125
2 0.603125 0.44609375 0.05703125 0.1703125
1 0.43203125 0.4390625 0.04765625 0.1484375
0 0.54140625 0.44609375 0.06171875 0.15546875
8 0.15 0.4265625 0.03046875 0.1125
2 0.31484375 0.25546875 0.034375 0.13515625
18 0.62578125 0.23125 0.0578125 0.14609375
2 0.353125 0.2515625 0.03828125 0.14140625
10 0.29375 0.43203125 0.04140625 0.13203125
18 0.69375 0.22421875 0.071875 0.159375
17 0.45 0.259375 0.05078125 0.11484375
17 0.78125 0.21171875 0.09296875 0.1734375
8 0.27734375 0.2609375 0.03828125 0.1265625
2 0.3984375 0.246875 0.0484375 0.14609375
10 0.3828125 0.43671875 0.04765625 0.14296875
8 0.2515625 0.43125 0.0390625 0.12734375
10 0.3375 0.434375 0.0390625 0.1375
8 0.215625 0.4296875 0.03125 0.121875
8 0.18203125 0.428125 0.03125 0.1171875
17 0.89296875 0.1984375 0.115625 0.18828125
18 0.96015625 0.4640625 0.0796875 0.20390625
8 0.23984375 0.2640625 0.03359375 0.125
6 0.02421875 0.28515625 0.03125 0.1046875
10 0.175 0.26875 0.02890625 0.121875
10 0.20625 0.2671875 0.03046875 0.12265625