5 0.73828125 0.5109375 0.0484375 0.11015625
10 0.45078125 0.25546875 0.0484375 0.12734375
5 0.6859375 0.52734375 0.053125 0.1125
8 0.3078125 0.478125 0.0671875 0.1546875
10 0.49765625 0.2484375 0.0453125 0.12421875
2 0.58125 0.23359375 0.04296875 0.12421875
8 0.43203125 0.4578125 0.0546875 0.12265625
11 0.4234375 0.07734375 0.0703125 0.1546875
5 0.625 0.55234375 0.0578125 0.11640625
8 0.37265625 0.46328125 0.06328125 0.1484375
6 0.70859375 0.0671875 0.03671875 0.12734375
10 0.40078125 0.2609375 0.05234375 0.13125
11 0.09765625 0.090625 0.11328125 0.18046875
2 0.78515625 0.3515625 0.034375 0.1265625
2 0.62265625 0.228125 0.040625 0.11953125
2 0.6984375 0.2171875 0.034375 0.11484375
6 0.625 0.06953125 0.0359375 0.1359375
10 0.4859375 0.43359375 0.05234375 0.13984375
8 0.29296875 0.27734375 0.06171875 0.1421875
8 0.23125 0.2859375 0.06171875 0.14375
10 0.58125 0.40703125 0.04609375 0.1375
11 0.2796875 0.0828125 0.07890625 0.16484375
6 0.5796875 0.07109375 0.05234375 0.14140625
8 0.2296875 0.49375 0.09296875 0.16328125
10 0.53515625 0.41875 0.05 0.14296875
8 0.34921875 0.2703125 0.0546875 0.1359375
6 0.66640625 0.06875 0.0453125 0.13046875
6 0.7890625 0.06484375 0.03203125 0.1234375
6 0.75 0.06640625 0.04296875 0.125
2 0.66171875 0.22265625 0.03828125 0.11640625
2 0.74765625 0.36171875 0.04140625 0.1296875
8 0.1453125 0.2921875 0.10859375 0.15078125
1 0.7078125 0.37265625 0.03671875 0.13046875
16 0.9375 0.275 0.03828125 0.1203125
1 0.6671875 0.38359375 0.04375 0.13203125
7 0.625 0.39609375 0.04375 0.13515625
6 0.821875 0.06328125 0.03203125 0.1203125
0 0.8203125 0.34296875 0.034375 0.12265625
24 0.978125 0.14140625 0.03203125 0.09375
24 0.9421875 0.14375 0.03671875 0.0953125
16 0.97421875 0.26796875 0.03671875 0.11796875
0 0.5390625 0.23984375 0.04140625 0.12578125
0 0.85625 0.3359375 0.034375 0.11640625
5 0.41875 0.63359375 0.0671875 0.13125
6 0.85703125 0.06171875 0.03828125 0.11796875
16 0.89609375 0.28828125 0.040625 0.109375
24 0.99375 0.13984375 0.0125 0.090625