7 0.49609375 0.40546875 0.028125 0.09375
0 0.5984375 0.4 0.0234375 0.084375
6 0.17109375 0.24296875 0.053125 0.12578125
6 0.103125 0.2359375 0.075 0.1359375
6 0.22109375 0.2484375 0.04140625 0.11875
4 0.34609375 0.40546875 0.0390625 0.12265625
0 0.62265625 0.39921875 0.021875 0.08046875
2 0.4171875 0.26875 0.0265625 0.096875
6 0.26640625 0.25234375 0.0453125 0.11640625
4 0.38203125 0.40546875 0.02890625 0.11796875
6 0.31328125 0.25546875 0.04609375 0.115625
7 0.52578125 0.40390625 0.028125 0.09140625
16 0.14375 0.58125 0.04296875 0.14140625
2 0.5515625 0.403125 0.0234375 0.0875
2 0.47421875 0.27421875 0.0265625 0.09296875
2 0.56328125 0.28125 0.01953125 0.08125
2 0.575 0.4015625 0.021875 0.0859375
8 0.71796875 0.3953125 0.01640625 0.071875
16 0.26171875 0.56015625 0.040625 0.1265625
2 0.58359375 0.2828125 0.02109375 0.0796875
8 0.75078125 0.3 0.0140625 0.0625
2 0.5421875 0.2796875 0.021875 0.08515625
16 0.21953125 0.5671875 0.04140625 0.1296875
0 0.3875 0.26640625 0.03125 0.1
2 0.49765625 0.27578125 0.01953125 0.09140625
2 0.4453125 0.27109375 0.028125 0.09453125
2 0.51875 0.278125 0.0234375 0.08671875
16 0.09765625 0.5875 0.04765625 0.146875
0 0.64453125 0.3984375 0.01953125 0.07890625
10 0.63984375 0.28984375 0.01640625 0.0734375
5 0.30625 0.40703125 0.03828125 0.125
0 0.3546875 0.26328125 0.03359375 0.10234375
1 0.43828125 0.40703125 0.028125 0.1015625
8 0.73515625 0.39453125 0.0171875 0.0703125
8 0.7703125 0.39375 0.01484375 0.0671875
16 0.30234375 0.55546875 0.040625 0.125
17 0.74921875 0.48984375 0.01875 0.0640625
8 0.753125 0.39375 0.01640625 0.06953125
10 0.65703125 0.29140625 0.0171875 0.07109375
10 0.68203125 0.396875 0.01875 0.07578125
22 0.15859375 0.42265625 0.05546875 0.1171875
3 0.41015625 0.4046875 0.0265625 0.1125
10 0.70703125 0.2953125 0.01640625 0.06796875
1 0.4671875 0.40703125 0.028125 0.09609375
10 0.7 0.39609375 0.0171875 0.0734375
10 0.675 0.2921875 0.01640625 0.07109375
10 0.621875 0.2875 0.01484375 0.075
10 0.66328125 0.39765625 0.0171875 0.0765625
16 0.05 0.59609375 0.0484375 0.15390625
10 0.72265625 0.296875 0.0140625 0.0671875
10 0.69140625 0.29375 0.0140625 0.06875
17 0.6296875 0.50234375 0.02578125 0.0828125
2 0.6046875 0.284375 0.01875 0.07734375
16 0.0125 0.603125 0.025 0.15625
17 0.6015625 0.50703125 0.02890625 0.0875
8 0.78203125 0.303125 0.0125 0.06015625
22 0.26328125 0.4171875 0.04765625 0.109375
16 0.18125 0.57265625 0.03359375 0.1328125
8 0.78671875 0.3921875 0.01484375 0.0671875
17 0.65546875 0.50078125 0.0265625 0.07734375
19 0.5 0.52421875 0.0359375 0.096875
8 0.76796875 0.30078125 0.0140625 0.0609375
22 0.21328125 0.4203125 0.05 0.11171875
19 0.46328125 0.53046875 0.03828125 0.1
17 0.8109375 0.48359375 0.0125 0.04765625
22 0.1 0.425 0.0578125 0.1203125
18 0.7875 0.48671875 0.0171875 0.053125
10 0.73671875 0.2984375 0.0125 0.06484375
18 0.5359375 0.51796875 0.03359375 0.09140625
18 0.7265625 0.49140625 0.0234375 0.065625
17 0.825 0.4828125 0.01484375 0.04609375
8 0.7953125 0.30390625 0.01015625 0.0578125
18 0.56953125 0.5140625 0.03125 0.0890625
17 0.76875 0.4890625 0.01640625 0.0578125