2 0.27734375 0.4171875 0.053125 0.140625
8 0.63984375 0.5265625 0.0546875 0.10390625
2 0.775 0.384375 0.04375 0.1078125
2 0.2171875 0.4203125 0.06171875 0.146875
0 0.728125 0.38828125 0.0453125 0.1109375
2 0.86015625 0.378125 0.03671875 0.10234375
0 0.48984375 0.40234375 0.04765625 0.1265625
8 0.7 0.51875 0.053125 0.09921875
11 0.21015625 0.73515625 0.0703125 0.109375
2 0.1515625 0.425 0.06484375 0.14921875
11 0.2796875 0.7234375 0.06171875 0.11015625
8 0.459375 0.553125 0.04375 0.1125
1 0.53828125 0.4 0.0453125 0.125
1 0.58203125 0.39765625 0.0390625 0.121875
0 0.628125 0.39453125 0.0484375 0.1171875
8 0.3609375 0.5671875 0.0484375 0.11640625
6 0.65625 0.64765625 0.040625 0.08828125
0 0.43984375 0.40546875 0.0484375 0.13046875
2 0.81875 0.38125 0.040625 0.10625
8 0.4109375 0.559375 0.04765625 0.115625
0 0.3328125 0.41328125 0.053125 0.1375
10 0.7546875 0.5125 0.0453125 0.09375
0 0.67890625 0.39140625 0.04765625 0.1140625
8 0.30546875 0.57265625 0.059375 0.1203125
8 0.50390625 0.54765625 0.04140625 0.109375
0 0.3875 0.409375 0.05234375 0.134375
10 0.54609375 0.540625 0.03828125 0.1078125
10 0.58828125 0.5359375 0.04140625 0.10625
10 0.7984375 0.50625 0.03671875 0.09140625
1 0.89765625 0.37578125 0.034375 0.1
10 0.8390625 0.5015625 0.03671875 0.0890625
6 0.57890625 0.6625 0.040625 0.09375
10 0.87890625 0.4953125 0.03828125 0.09140625
6 0.7 0.63828125 0.040625 0.08671875
24 0.725 0.2484375 0.04375 0.1109375
24 0.6265625 0.2484375 0.05546875 0.1203125
11 0.33828125 0.709375 0.05078125 0.10625
24 0.771875 0.2484375 0.0453125 0.10859375
6 0.6171875 0.65546875 0.03359375 0.090625
24 0.67890625 0.2484375 0.04375 0.115625
24 0.5703125 0.2484375 0.05078125 0.1234375
12 0.5390625 0.67265625 0.0359375 0.09453125
24 0.81796875 0.2484375 0.04296875 0.1046875
11 0.38984375 0.69921875 0.0453125 0.10390625
12 0.43828125 0.68984375 0.0484375 0.10390625
24 0.51640625 0.24765625 0.05078125 0.125
12 0.49296875 0.68125 0.05 0.0984375