10 0.29765625 0.39609375 0.04609375 0.140625
7 0.3859375 0.42109375 0.05 0.14765625
2 0.6015625 0.4796875 0.06328125 0.1671875
10 0.25546875 0.384375 0.03671875 0.1390625
6 0.671875 0.084375 0.065625 0.1671875
10 0.30703125 0.228125 0.0359375 0.11640625
2 0.38984375 0.24140625 0.0453125 0.12421875
10 0.23359375 0.21796875 0.03125 0.11015625
8 0.215625 0.3734375 0.0390625 0.13359375
8 0.2 0.2125 0.03203125 0.11015625
5 0.13359375 0.49765625 0.03671875 0.10859375
2 0.54140625 0.4640625 0.06015625 0.16328125
2 0.53671875 0.26015625 0.065625 0.14296875
6 0.8359375 0.09140625 0.09375 0.18203125
1 0.48984375 0.45 0.04765625 0.15703125
0 0.75625 0.51875 0.1015625 0.17734375
6 0.60859375 0.0828125 0.059375 0.1578125
2 0.43515625 0.24765625 0.04609375 0.13203125
0 0.346875 0.23359375 0.04140625 0.121875
6 0.43125 0.07265625 0.053125 0.1453125
0 0.66875 0.49921875 0.071875 0.16875
5 0.2890625 0.55390625 0.05546875 0.121875
10 0.340625 0.40703125 0.0390625 0.1421875
8 0.14375 0.36484375 0.03203125 0.1015625
1 0.43828125 0.43359375 0.0546875 0.1515625
6 0.940625 0.09453125 0.11015625 0.18828125
8 0.16640625 0.20625 0.03125 0.1078125
6 0.54765625 0.07890625 0.059375 0.15546875
6 0.74765625 0.0875 0.07890625 0.1734375
10 0.26875 0.2234375 0.03671875 0.1140625
2 0.48125 0.25390625 0.04765625 0.13515625
5 0.35390625 0.57890625 0.059375 0.12265625
8 0.13671875 0.20078125 0.028125 0.10625
8 0.178125 0.36484375 0.03359375 0.1234375
16 0.940625 0.4984375 0.11796875 0.21328125
22 0.6765625 0.28125 0.0765625 0.15390625
5 0.425 0.60625 0.06171875 0.12734375
8 0.10859375 0.3578125 0.034375 0.0953125
22 0.76015625 0.2890625 0.08671875 0.15078125
6 0.4890625 0.07578125 0.053125 0.15078125
8 0.10703125 0.1953125 0.028125 0.103125
22 0.60234375 0.27109375 0.065625 0.14609375
11 0.203125 0.06328125 0.04609375 0.12578125