8 0.196875 0.19375 0.05703125 0.15390625
8 0.29140625 0.3953125 0.0625 0.15078125
24 0.26015625 0.590625 0.0671875 0.1375
8 0.13515625 0.18984375 0.06171875 0.15703125
18 0.621875 0.53203125 0.04140625 0.1140625
10 0.4671875 0.38984375 0.0484375 0.134375
8 0.36015625 0.20234375 0.05 0.14296875
10 0.35546875 0.39609375 0.0578125 0.1390625
8 0.22421875 0.39765625 0.06796875 0.15546875
8 0.25390625 0.19609375 0.053125 0.15390625
0 0.5921875 0.2203125 0.04375 0.1234375
2 0.69609375 0.3796875 0.03671875 0.1171875
17 0.78359375 0.5171875 0.02890625 0.08359375
17 0.7109375 0.5203125 0.040625 0.1078125
6 0.77109375 0.37109375 0.03671875 0.121875
1 0.65703125 0.38203125 0.03828125 0.121875
0 0.51796875 0.38828125 0.05 0.13046875
8 0.30859375 0.2 0.05 0.14765625
0 0.56875 0.38515625 0.04765625 0.12734375
10 0.4140625 0.39453125 0.053125 0.13359375
17 0.66640625 0.525 0.04375 0.1109375
10 0.41015625 0.20703125 0.04765625 0.13828125
24 0.43671875 0.57421875 0.0484375 0.10234375
0 0.63515625 0.221875 0.0390625 0.121875
2 0.74453125 0.2296875 0.028125 0.11015625
2 0.71484375 0.22734375 0.03046875 0.1125
2 0.67734375 0.22578125 0.040625 0.11484375
24 0.3828125 0.5796875 0.05234375 0.1125
2 0.77578125 0.23125 0.03125 0.10703125
10 0.503125 0.21328125 0.03828125 0.13046875
6 0.809375 0.36875 0.0359375 0.11875
0 0.5453125 0.21640625 0.0453125 0.12734375
8 0.15078125 0.4 0.07265625 0.16171875
10 0.459375 0.21015625 0.04765625 0.13359375
2 0.8078125 0.2328125 0.02890625 0.10390625
17 0.81171875 0.51484375 0.02578125 0.0765625
1 0.61484375 0.38359375 0.04140625 0.12421875
2 0.73359375 0.3765625 0.034375 0.115625
24 0.4875 0.56484375 0.04609375 0.1
24 0.325 0.5828125 0.0546875 0.1296875