8 0.19296875 0.19296875 0.05703125 0.15546875
8 0.1359375 0.19140625 0.053125 0.159375
2 0.18203125 0.39765625 0.059375 0.1421875
2 0.4671875 0.37421875 0.05546875 0.13984375
5 0.38671875 0.7015625 0.0453125 0.1234375
2 0.29765625 0.39140625 0.05546875 0.13515625
4 0.18515625 0.740625 0.05703125 0.13359375
5 0.4296875 0.6921875 0.04140625 0.11953125
2 0.11796875 0.40078125 0.065625 0.14609375
0 0.41171875 0.37734375 0.05234375 0.14140625
17 0.68671875 0.5171875 0.03671875 0.090625
6 0.7796875 0.35234375 0.03671875 0.128125
2 0.23984375 0.39375 0.0546875 0.1390625
17 0.825 0.4921875 0.040625 0.1015625
10 0.534375 0.19296875 0.0546875 0.14921875
2 0.521875 0.371875 0.05 0.1375
4 0.24296875 0.73125 0.05703125 0.13046875
10 0.25234375 0.19375 0.05703125 0.15078125
16 0.4875 0.83671875 0.03828125 0.121875
11 0.8515625 0.1953125 0.03671875 0.1375
16 0.21796875 0.909375 0.0578125 0.13359375
3 0.51171875 0.67421875 0.0359375 0.1140625
16 0.40546875 0.85859375 0.04296875 0.1265625
4 0.340625 0.71171875 0.0453125 0.12421875
16 0.3125 0.57265625 0.04609375 0.103125
24 0.74296875 0.62890625 0.03671875 0.096875
16 0.3171875 0.88125 0.04609375 0.13203125
11 0.81640625 0.19453125 0.03125 0.140625
10 0.58828125 0.19453125 0.0484375 0.14375
3 0.58828125 0.65859375 0.03359375 0.11015625
10 0.309375 0.1984375 0.05234375 0.14140625
8 0.41640625 0.20078125 0.06015625 0.1375
18 0.73203125 0.5109375 0.04140625 0.0890625
8 0.075 0.18828125 0.0671875 0.16328125
17 0.77890625 0.49765625 0.04609375 0.10625
6 0.740625 0.35390625 0.03828125 0.13125
10 0.3609375 0.20078125 0.04765625 0.1359375
16 0.69921875 0.7765625 0.03359375 0.11171875
8 0.47734375 0.1921875 0.0546875 0.15390625
17 0.64765625 0.52421875 0.03828125 0.09296875
0 0.35546875 0.38125 0.05703125 0.14375
9 0.63515625 0.19765625 0.04296875 0.14140625
16 0.66640625 0.78515625 0.03125 0.11484375
1 0.57265625 0.3703125 0.0484375 0.12734375
9 0.684375 0.1984375 0.05078125 0.13828125
24 0.70234375 0.6375 0.040625 0.1
6 0.7015625 0.35625 0.03671875 0.134375
17 0.60625 0.53125 0.04140625 0.090625
16 0.1484375 0.59296875 0.06328125 0.11640625
3 0.62265625 0.6515625 0.034375 0.10859375
16 0.2625 0.58046875 0.0546875 0.10703125
3 0.55 0.6671875 0.0390625 0.1125
16 0.36171875 0.8703125 0.04140625 0.13046875
16 0.44765625 0.846875 0.040625 0.1234375
16 0.27109375 0.89609375 0.0453125 0.1328125
12 0.73515625 0.19375 0.04765625 0.1453125
16 0.46328125 0.54140625 0.05234375 0.1171875
16 0.35859375 0.565625 0.04609375 0.10234375
16 0.20859375 0.5875 0.053125 0.1109375
16 0.409375 0.5484375 0.05546875 0.121875
16 0.51484375 0.534375 0.0484375 0.1140625
16 0.56171875 0.52890625 0.04375 0.1109375
16 0.6328125 0.79453125 0.034375 0.1171875
24 0.78125 0.62109375 0.0359375 0.0953125
16 0.596875 0.80234375 0.034375 0.11640625
12 0.77890625 0.19375 0.040625 0.1453125
16 0.56171875 0.81171875 0.0359375 0.121875
22 0.77109375 0.7640625 0.0359375 0.08671875
22 0.734375 0.771875 0.0359375 0.0953125
5 0.4734375 0.684375 0.04140625 0.11875
6 0.6640625 0.3578125 0.034375 0.13828125
4 0.29453125 0.72109375 0.04609375 0.12734375
24 0.6609375 0.6453125 0.03828125 0.10078125
16 0.52578125 0.8234375 0.03359375 0.12265625
1 0.62265625 0.36796875 0.04609375 0.12734375
22 0.80859375 0.75390625 0.034375 0.08515625
13 0.8171875 0.35078125 0.03359375 0.1234375
24 0.81875 0.61484375 0.0359375 0.09375