11 0.84296875 0.65 0.09609375 0.165625
8 0.57734375 0.38046875 0.0625 0.175
11 0.696875 0.60859375 0.06015625 0.15703125
8 0.63984375 0.38984375 0.0625 0.18125
2 0.33359375 0.3359375 0.04296875 0.1453125
8 0.46953125 0.54140625 0.03203125 0.11796875
11 0.76171875 0.628125 0.0625 0.16328125
8 0.7953125 0.409375 0.09296875 0.2015625
1 0.37578125 0.34375 0.03828125 0.15
8 0.51640625 0.3703125 0.0546875 0.16875
0 0.41953125 0.35078125 0.04609375 0.15703125
8 0.709375 0.39921875 0.07421875 0.190625
0 0.465625 0.35859375 0.04296875 0.16171875
2 0.29375 0.3296875 0.03359375 0.13828125
10 0.6375 0.59609375 0.05 0.13359375
10 0.5484375 0.56796875 0.04140625 0.1234375
8 0.50625 0.55234375 0.03828125 0.12421875
10 0.59140625 0.59453125 0.03828125 0.0984375
3 0.49375 0.728125 0.0390625 0.12578125
13 0.54609375 0.74453125 0.0625 0.146875
18 0.353125 0.51640625 0.040625 0.096875
17 0.39609375 0.5265625 0.03828125 0.10234375
22 0.19140625 0.31328125 0.03203125 0.1171875
17 0.3109375 0.509375 0.03828125 0.08671875
16 0.1546875 0.3078125 0.034375 0.115625