1 0.81015625 0.51875 0.065625 0.271875
8 0.4328125 0.484375 0.053125 0.21953125
16 0.3734375 0.721875 0.03359375 0.209375
4 0.56796875 0.7765625 0.0421875 0.2375
10 0.17734375 0.465625 0.028125 0.17734375
3 0.44765625 0.74296875 0.0375 0.21953125
4 0.6625 0.80546875 0.05 0.246875
8 0.35234375 0.48984375 0.03671875 0.18203125
5 0.71796875 0.81953125 0.05625 0.25
17 0.35859375 0.24296875 0.04140625 0.16328125
5 0.77421875 0.83046875 0.053125 0.253125
18 0.2484375 0.24140625 0.0375 0.1703125
8 0.315625 0.4875 0.03359375 0.1796875
16 0.409375 0.73125 0.03671875 0.2140625
0 0.61640625 0.51328125 0.0484375 0.22421875
0 0.6734375 0.51015625 0.0625 0.25
2 0.740625 0.51484375 0.06796875 0.26015625
8 0.24296875 0.4703125 0.034375 0.18984375
4 0.61328125 0.78984375 0.04453125 0.240625
16 0.31015625 0.70859375 0.040625 0.19296875
0 0.56875 0.5125 0.0453125 0.215625
8 0.2796875 0.47421875 0.0359375 0.196875
3 0.4875 0.75234375 0.03984375 0.2234375
17 0.40234375 0.24140625 0.04140625 0.165625
9 0.14921875 0.46015625 0.0265625 0.1734375
10 0.2078125 0.46796875 0.03125 0.1828125
5 0.834375 0.853125 0.0640625 0.28046875
10 0.38828125 0.4921875 0.0328125 0.18984375
17 0.31171875 0.24140625 0.046875 0.16796875
16 0.16015625 0.6671875 0.0375 0.178125
16 0.21875 0.6796875 0.02265625 0.18046875
16 0.19296875 0.6734375 0.0296875 0.17734375
16 0.56015625 0.965625 0.04921875 0.06796875
17 0.446875 0.2375 0.0421875 0.17109375
18 0.2125 0.234375 0.03359375 0.18515625
16 0.34296875 0.71328125 0.025 0.196875
16 0.60703125 0.975 0.040625 0.05
17 0.2875 0.24140625 0.0328125 0.16796875