2 0.58828125 0.603125 0.02265625 0.14453125
6 0.50703125 0.8234375 0.040625 0.146875
17 0.54921875 0.171875 0.03203125 0.1703125
2 0.70859375 0.54765625 0.02109375 0.13203125
6 0.5484375 0.7953125 0.034375 0.1390625
6 0.6109375 0.75546875 0.02578125 0.13203125
0 0.6125 0.59453125 0.02265625 0.13671875
17 0.51015625 0.15 0.04375 0.2140625
2 0.565625 0.6125 0.021875 0.14453125
2 0.68671875 0.553125 0.0203125 0.134375
6 0.6390625 0.73515625 0.0265625 0.12265625
0 0.63359375 0.584375 0.01796875 0.1328125
0 0.6515625 0.5765625 0.01796875 0.13046875
6 0.58125 0.7734375 0.028125 0.14140625
2 0.5375 0.621875 0.03125 0.153125
17 0.5828125 0.17734375 0.03125 0.1609375
17 0.61484375 0.18125 0.03046875 0.153125
18 0.4640625 0.13984375 0.04453125 0.2234375
0 0.81328125 0.5078125 0.0140625 0.09609375
12 0.7515625 0.36953125 0.01875 0.14375
10 0.78359375 0.3734375 0.0140625 0.11796875
2 0.73515625 0.53671875 0.025 0.12578125
17 0.66796875 0.19765625 0.0265625 0.12265625
12 0.7296875 0.371875 0.0234375 0.14921875
12 0.70390625 0.37890625 0.025 0.1421875
17 0.6421875 0.1953125 0.02265625 0.125
0 0.66875 0.56875 0.01484375 0.12265625
22 0.1890625 0.459375 0.07734375 0.25234375
10 0.76796875 0.37265625 0.01484375 0.12578125
17 0.69375 0.2015625 0.02421875 0.1171875
10 0.79765625 0.1953125 0.01640625 0.13984375
10 0.81484375 0.1984375 0.01875 0.13671875
22 0.2703125 0.446875 0.07109375 0.23359375
10 0.796875 0.37265625 0.01328125 0.11484375
10 0.7828125 0.19296875 0.0140625 0.14140625
10 0.809375 0.371875 0.0109375 0.1125
1 0.79609375 0.5140625 0.0203125 0.09921875
1 0.77578125 0.521875 0.01640625 0.11484375
1 0.7578125 0.5265625 0.0171875 0.11953125
8 0.821875 0.3703125 0.0125 0.1078125
12 0.7484375 0.1828125 0.028125 0.165625
22 0.33671875 0.43984375 0.059375 0.221875
8 0.83359375 0.36875 0.01015625 0.10546875
8 0.85390625 0.20546875 0.0234375 0.12578125
6 0.459375 0.84921875 0.0484375 0.15546875
12 0.7203125 0.18046875 0.02578125 0.16328125
0 0.82890625 0.50234375 0.0125 0.09609375
16 0.51796875 0.43203125 0.02890625 0.14921875
8 0.84375 0.3671875 0.01015625 0.103125
8 0.87265625 0.20625 0.01328125 0.125
8 0.8546875 0.3609375 0.01015625 0.10859375