17 0.3796875 0.4734375 0.046875 0.1515625
0 0.69375 0.2671875 0.0671875 0.28359375
2 0.5171875 0.26484375 0.05 0.2375
1 0.7625 0.278125 0.06796875 0.29296875
6 0.65703125 0.546875 0.06171875 0.1921875
16 0.4984375 0.7359375 0.03671875 0.1953125
2 0.56875 0.26875 0.05 0.2421875
17 0.428125 0.48515625 0.0453125 0.153125
6 0.71875 0.56796875 0.059375 0.196875
8 0.2265625 0.2171875 0.04140625 0.22109375
12 0.5375 0.5171875 0.05234375 0.17734375
2 0.84296875 0.28671875 0.0890625 0.3078125
0 0.62734375 0.2625 0.0625 0.2734375
16 0.540625 0.74921875 0.0453125 0.196875
12 0.59375 0.53046875 0.05625 0.17578125
2 0.46953125 0.259375 0.04375 0.23125
8 0.3390625 0.24609375 0.03984375 0.215625
16 0.459375 0.7203125 0.03828125 0.18828125
0 0.42578125 0.25078125 0.04140625 0.22890625
11 0.48125 0.49609375 0.053125 0.16640625
5 0.3328125 0.66953125 0.03203125 0.1796875
8 0.18515625 0.21171875 0.03984375 0.21796875
10 0.3015625 0.2375 0.03359375 0.209375
8 0.38203125 0.24921875 0.0421875 0.221875
10 0.26640625 0.23359375 0.03359375 0.20703125
16 0.66484375 0.8015625 0.04375 0.2015625
10 0.14609375 0.20703125 0.03828125 0.21328125
12 0.78359375 0.5828125 0.06484375 0.20234375
16 0.71328125 0.8140625 0.0515625 0.20234375
10 0.1078125 0.203125 0.0375 0.20859375
3 0.18359375 0.61484375 0.03046875 0.16328125
5 0.29921875 0.659375 0.03125 0.17734375
16 0.58515625 0.74609375 0.0375 0.16796875
6 0.12578125 0.01640625 0.0640625 0.0328125
5 0.3703125 0.68203125 0.040625 0.1828125
16 0.4203125 0.70625 0.0390625 0.18984375
3 0.21015625 0.62421875 0.025 0.1640625
16 0.7640625 0.81015625 0.046875 0.16171875
17 0.33125 0.465625 0.0453125 0.13984375
4 0.26875 0.646875 0.02890625 0.175
4 0.2390625 0.63671875 0.03046875 0.17265625
6 0.1921875 0.01796875 0.0625 0.0359375