11 0.728125 0.5 0.06328125 0.26484375
3 0.6109375 0.94609375 0.0359375 0.1078125
11 0.7953125 0.51171875 0.0671875 0.284375
8 0.49140625 0.196875 0.04375 0.22109375
8 0.5890625 0.1859375 0.0515625 0.24296875
8 0.646875 0.1765625 0.06171875 0.259375
1 0.43515625 0.68671875 0.03359375 0.15703125
11 0.65859375 0.4875 0.06484375 0.25078125
11 0.89453125 0.15546875 0.0890625 0.3109375
8 0.5375 0.19140625 0.046875 0.23125
0 0.55 0.721875 0.03828125 0.19921875
23 0.42265625 0.865625 0.03046875 0.153125
11 0.80390625 0.1546875 0.0875 0.309375
0 0.74765625 0.80703125 0.0546875 0.23359375
0 0.64296875 0.75859375 0.0484375 0.215625
0 0.81015625 0.83125 0.06484375 0.2421875
1 0.4734375 0.69765625 0.03671875 0.1609375
3 0.65 0.95546875 0.0375 0.0890625
8 0.59453125 0.4921875 0.046875 0.20234375
0 0.69453125 0.7796875 0.0484375 0.22421875
11 0.8640625 0.525 0.0671875 0.2984375
23 0.39375 0.84921875 0.02890625 0.153125
23 0.47890625 0.89921875 0.02890625 0.15703125
23 0.4515625 0.8828125 0.02890625 0.15390625
10 0.4484375 0.2 0.0390625 0.21171875
2 0.31796875 0.628125 0.02421875 0.15546875
11 0.71953125 0.159375 0.07578125 0.29609375
10 0.4140625 0.20390625 0.028125 0.2046875
0 0.59375 0.740625 0.04609375 0.2109375
5 0.690625 0.9671875 0.040625 0.065625
8 0.55 0.48671875 0.0375 0.196875
3 0.575 0.9359375 0.0328125 0.128125
2 0.3765625 0.66015625 0.021875 0.14609375
3 0.53984375 0.9265625 0.0328125 0.146875
23 0.50703125 0.91640625 0.03046875 0.16171875
8 0.51328125 0.4796875 0.0328125 0.18984375
1 0.4015625 0.67109375 0.028125 0.15390625
2 0.34765625 0.640625 0.03125 0.15625
23 0.36875 0.83359375 0.0234375 0.14453125
1 0.5109375 0.709375 0.0359375 0.18515625
0 0.27265625 0.6109375 0.02421875 0.13671875
0 0.23203125 0.59921875 0.01484375 0.125
0 0.215625 0.5921875 0.015625 0.12265625
0 0.25 0.60625 0.0203125 0.1296875
8 0.48125 0.47578125 0.02890625 0.1796875
2 0.2953125 0.61953125 0.01796875 0.146875
23 0.34609375 0.8171875 0.02265625 0.14375
6 0.2234375 0.740625 0.0234375 0.1203125
23 0.325 0.8046875 0.02265625 0.14140625
10 0.38203125 0.20625 0.0328125 0.19765625
6 0.25078125 0.75390625 0.0265625 0.125
2 0.18515625 0.57890625 0.01328125 0.115625
5 0.7390625 0.98046875 0.046875 0.0390625
0 0.2 0.58515625 0.01484375 0.11796875
12 0.34453125 0.4375 0.0296875 0.184375
10 0.4515625 0.46875 0.02890625 0.17109375
2 0.1703125 0.57265625 0.015625 0.11484375
23 0.303125 0.79140625 0.02109375 0.13046875
6 0.2796875 0.775 0.0234375 0.12578125
10 0.346875 0.20859375 0.0328125 0.190625
17 0.12265625 0.23515625 0.02109375 0.12421875