10 0.878125 0.271875 0.11015625 0.24296875
18 0.421875 0.78984375 0.04375 0.08515625
0 0.8375 0.53828125 0.09375 0.19609375
18 0.47734375 0.8140625 0.059375 0.09140625
2 0.33671875 0.45234375 0.05 0.1546875
8 0.45625 0.2546875 0.0671875 0.19296875
17 0.6015625 0.8609375 0.065625 0.09140625
8 0.60234375 0.26015625 0.071875 0.21171875
8 0.68203125 0.26328125 0.08203125 0.221875
2 0.51953125 0.4875 0.07265625 0.15859375
10 0.77265625 0.26640625 0.09296875 0.23203125
2 0.38984375 0.46328125 0.05234375 0.15703125
1 0.590625 0.49921875 0.06328125 0.1734375
8 0.528125 0.25703125 0.071875 0.2015625
10 0.2625 0.2546875 0.03828125 0.15625
2 0.2015625 0.43125 0.04296875 0.1359375
17 0.74921875 0.90859375 0.07421875 0.096875
17 0.67265625 0.88203125 0.06953125 0.09609375
0 0.746875 0.52578125 0.08203125 0.1875
10 0.39375 0.2609375 0.05234375 0.171875
1 0.6640625 0.5109375 0.07734375 0.18046875
2 0.24921875 0.43828125 0.04765625 0.14140625
24 0.6265625 0.71796875 0.065625 0.13515625
2 0.128125 0.421875 0.03203125 0.11640625
10 0.3078125 0.25859375 0.0484375 0.1609375
18 0.36953125 0.771875 0.0546875 0.0859375
10 0.35234375 0.259375 0.03203125 0.1640625
24 0.55 0.70078125 0.0703125 0.13203125
2 0.4484375 0.47578125 0.06328125 0.1546875
2 0.2921875 0.44375 0.0359375 0.1453125
0 0.16171875 0.42734375 0.03359375 0.125
10 0.22109375 0.25234375 0.04140625 0.15390625
2 0.09609375 0.41875 0.03125 0.115625
17 0.16796875 0.690625 0.03203125 0.06328125
17 0.13515625 0.6828125 0.02890625 0.05546875
24 0.48125 0.68046875 0.0578125 0.1265625