2 0.64609375 0.4203125 0.0625 0.165625
3 0.51484375 0.91015625 0.0453125 0.10078125
8 0.54296875 0.18046875 0.07265625 0.18046875
1 0.34453125 0.38828125 0.05546875 0.15859375
0 0.40546875 0.39296875 0.059375 0.16328125
18 0.1640625 0.675 0.04609375 0.10859375
2 0.58359375 0.41484375 0.05703125 0.16328125
6 0.1890625 0.36796875 0.0484375 0.15546875
1 0.2890625 0.38359375 0.0484375 0.15390625
8 0.61484375 0.178125 0.065625 0.1875
4 0.73125 0.96484375 0.059375 0.0703125
3 0.46875 0.89609375 0.04140625 0.096875
4 0.56328125 0.9265625 0.0484375 0.0984375
0 0.4671875 0.4 0.059375 0.165625
10 0.83359375 0.17265625 0.07890625 0.20625
1 0.23984375 0.378125 0.04765625 0.1484375
4 0.67265625 0.95625 0.0546875 0.0875
24 0.73515625 0.653125 0.071875 0.13359375
2 0.70703125 0.42421875 0.05703125 0.1671875
10 0.39921875 0.18203125 0.06171875 0.1703125
2 0.52578125 0.41015625 0.0546875 0.1609375
10 0.75625 0.175 0.071875 0.196875
10 0.92265625 0.1734375 0.09296875 0.20859375
2 0.77109375 0.43203125 0.06953125 0.1703125
3 0.375 0.86484375 0.04609375 0.0921875
8 0.46875 0.18125 0.0703125 0.1765625
8 0.684375 0.178125 0.06796875 0.1890625
10 0.33515625 0.184375 0.0578125 0.1640625
6 0.1421875 0.36328125 0.040625 0.15078125
17 0.2140625 0.6875 0.04609375 0.1109375
4 0.615625 0.94296875 0.05234375 0.09921875
24 0.6640625 0.63515625 0.0625 0.13359375
24 0.59453125 0.6296875 0.0625 0.125
17 0.696875 0.8390625 0.05703125 0.10859375
17 0.2640625 0.7 0.04609375 0.11484375
22 0.92265625 0.4578125 0.08125 0.15390625
6 0.096875 0.35859375 0.04609375 0.14765625
16 0.87734375 0.678125 0.07265625 0.1484375
3 0.42265625 0.878125 0.0453125 0.096875
22 0.84140625 0.4546875 0.07421875 0.14296875
22 0.21015625 0.54296875 0.05234375 0.1234375
16 0.45390625 0.9828125 0.0453125 0.034375
16 0.4109375 0.9734375 0.0375 0.053125
10 0.275 0.18515625 0.0546875 0.15859375
17 0.63984375 0.82109375 0.053125 0.10625
16 0.375 0.97109375 0.03671875 0.05703125
6 0.79140625 0.0109375 0.0828125 0.021875
22 0.26171875 0.5515625 0.0453125 0.128125
24 0.8078125 0.6703125 0.0625 0.13359375
6 0.84453125 0.0109375 0.06953125 0.021875