10 0.19296875 0.590625 0.0765625 0.28046875
8 0.31796875 0.5765625 0.05390625 0.23515625
1 0.60234375 0.503125 0.04375 0.221875
17 0.6828125 0.50546875 0.034375 0.15703125
2 0.55546875 0.5140625 0.04765625 0.22890625
2 0.509375 0.53359375 0.040625 0.2109375
8 0.371875 0.56640625 0.0484375 0.22578125
8 0.2609375 0.58828125 0.05546875 0.246875
17 0.71796875 0.50546875 0.03359375 0.13984375
17 0.9484375 0.42421875 0.040625 0.17578125
0 0.465625 0.54765625 0.0421875 0.209375
0 0.42109375 0.5546875 0.04453125 0.21875
0 0.6453125 0.49453125 0.0390625 0.209375
8 0.10625 0.5953125 0.0859375 0.31953125
18 0.796875 0.4609375 0.02578125 0.1828125
22 0.03125 0.6265625 0.0625 0.29296875
17 0.76171875 0.47109375 0.0421875 0.1921875