17 0.46953125 0.48125 0.065625 0.13984375
17 0.221875 0.7296875 0.06484375 0.10078125
2 0.6015625 0.4640625 0.05078125 0.1203125
11 0.159375 0.296875 0.10625 0.21953125
11 0.33984375 0.284375 0.071875 0.2015625
8 0.7515625 0.2671875 0.04609375 0.1453125
17 0.40078125 0.49296875 0.06953125 0.1453125
3 0.62890625 0.73125 0.0359375 0.1
17 0.53828125 0.46796875 0.06484375 0.13359375
11 0.2578125 0.290625 0.08828125 0.21171875
2 0.77421875 0.43203125 0.03359375 0.11640625
8 0.70703125 0.2765625 0.03828125 0.13359375
17 0.34453125 0.69609375 0.0546875 0.09609375
18 0.153125 0.53828125 0.0890625 0.165625
8 0.58125 0.2859375 0.04375 0.14296875
17 0.3984375 0.675 0.05078125 0.10625
8 0.6265625 0.28359375 0.04296875 0.13984375
2 0.6484375 0.46171875 0.040625 0.1078125
8 0.53203125 0.28984375 0.053125 0.14765625
2 0.84765625 0.42265625 0.03671875 0.10625
12 0.47109375 0.2796875 0.06015625 0.1859375
17 0.45 0.6609375 0.04765625 0.103125
17 0.2859375 0.7125 0.0578125 0.09921875
8 0.66796875 0.28046875 0.03671875 0.13515625
8 0.79375 0.2640625 0.034375 0.1390625
10 0.86875 0.26015625 0.03828125 0.13125
8 0.82890625 0.2625 0.034375 0.134375
16 0.5546875 0.7546875 0.0359375 0.103125
0 0.734375 0.4359375 0.04375 0.12734375
18 0.24453125 0.5234375 0.08203125 0.15859375
2 0.81015625 0.428125 0.034375 0.1078125
5 0.75625 0.6875 0.03125 0.0984375
16 0.51015625 0.76796875 0.0484375 0.10859375
12 0.4078125 0.28203125 0.0625 0.190625
10 0.90703125 0.25859375 0.03671875 0.1265625
17 0.49921875 0.646875 0.04609375 0.10078125
0 0.690625 0.45546875 0.040625 0.10390625
2 0.88984375 0.41171875 0.0453125 0.11796875
18 0.3265625 0.50703125 0.07265625 0.15078125
5 0.71953125 0.69765625 0.03828125 0.1015625
3 0.59140625 0.74140625 0.0359375 0.1