11 0.81875 0.27265625 0.1015625 0.3984375
2 0.2953125 0.21640625 0.03125 0.22578125
4 0.621875 0.91640625 0.053125 0.16640625
2 0.3328125 0.221875 0.0390625 0.2359375
5 0.5734375 0.89375 0.04140625 0.17578125
1 0.2625 0.2125 0.03203125 0.21640625
18 0.24296875 0.653125 0.0296875 0.1171875
2 0.3703125 0.54765625 0.025 0.1796875
5 0.5328125 0.86796875 0.0375 0.1734375
7 0.3796875 0.228125 0.05 0.24921875
3 0.46171875 0.8140625 0.0328125 0.159375
2 0.3171875 0.51875 0.0234375 0.1703125
17 0.3015625 0.6828125 0.03203125 0.11015625
2 0.4 0.5609375 0.03125 0.190625
12 0.571875 0.2375 0.0578125 0.334375
2 0.34296875 0.53203125 0.02578125 0.175
17 0.425 0.8 0.03671875 0.13515625
11 0.7296875 0.26015625 0.078125 0.37265625
3 0.496875 0.840625 0.034375 0.16640625
12 0.64609375 0.25 0.07890625 0.34921875
0 0.2921875 0.50546875 0.02265625 0.16796875
17 0.33671875 0.696875 0.03359375 0.09375
0 0.26796875 0.490625 0.02265625 0.1703125
0 0.2046875 0.20390625 0.0296875 0.2
0 0.1765625 0.2 0.02421875 0.19296875
1 0.2328125 0.2078125 0.025 0.20859375
10 0.1515625 0.196875 0.02265625 0.1875
0 0.24609375 0.48125 0.0203125 0.159375
17 0.271875 0.6671875 0.02421875 0.1078125
17 0.3921875 0.77109375 0.028125 0.13515625
10 0.1296875 0.19296875 0.0203125 0.1796875
0 0.209375 0.46171875 0.01796875 0.1484375
24 0.64609375 0.665625 0.05703125 0.23359375
0 0.22734375 0.471875 0.01640625 0.15390625
10 0.11015625 0.18828125 0.01796875 0.1734375
13 0.45546875 0.23125 0.0640625 0.28671875
24 0.58359375 0.653125 0.06015625 0.23125
18 0.21875 0.64296875 0.0171875 0.11015625
24 0.7015625 0.7 0.05625 0.25
8 0.05703125 0.1796875 0.01875 0.16171875
10 0.090625 0.1859375 0.01875 0.16875