8 0.378125 0.30234375 0.04765625 0.246875
10 0.584375 0.33203125 0.05625 0.27109375
10 0.47578125 0.31796875 0.05 0.26015625
10 0.52890625 0.325 0.0515625 0.26484375
17 0.2953125 0.53203125 0.046875 0.14453125
12 0.659375 0.340625 0.08515625 0.29609375
8 0.3171875 0.29375 0.05703125 0.23984375
12 0.7515625 0.34921875 0.09140625 0.309375
17 0.2484375 0.5234375 0.04140625 0.1421875
8 0.4265625 0.309375 0.0453125 0.2546875
17 0.1765625 0.4921875 0.03203125 0.1390625
12 0.853125 0.3484375 0.1015625 0.3484375
8 0.2640625 0.28828125 0.04375 0.23359375
17 0.209375 0.51171875 0.03203125 0.1375
17 0.1421875 0.48203125 0.03359375 0.13984375
17 0.1078125 0.46953125 0.03125 0.13671875
8 0.22421875 0.28203125 0.034375 0.2234375
17 0.0734375 0.45625 0.03359375 0.1375
8 0.18828125 0.275 0.03671875 0.215625
13 0.525 0.59921875 0.05390625 0.18046875
0 0.08515625 0.2578125 0.02890625 0.2
5 0.35390625 0.73828125 0.03359375 0.14609375
13 0.7234375 0.6625 0.0703125 0.2
8 0.15078125 0.26875 0.03671875 0.209375
5 0.38984375 0.75078125 0.034375 0.146875
13 0.58515625 0.6203125 0.059375 0.1875
13 0.65078125 0.63984375 0.06796875 0.19296875
3 0.28515625 0.70859375 0.0375 0.14453125
0 0.05703125 0.25546875 0.03984375 0.2
5 0.32109375 0.72265625 0.03203125 0.14140625
5 0.42578125 0.77109375 0.03359375 0.153125
13 0.4703125 0.58359375 0.0515625 0.175