17 0.7453125 0.81640625 0.059375 0.1
3 0.71796875 0.9203125 0.04765625 0.0796875
8 0.67421875 0.265625 0.06953125 0.178125
0 0.553125 0.45390625 0.05703125 0.1453125
8 0.425 0.259375 0.06015625 0.1578125
8 0.54609375 0.26328125 0.0578125 0.16640625
10 0.1375 0.25234375 0.0359375 0.13359375
17 0.5734375 0.76484375 0.0546875 0.1046875
10 0.2671875 0.25625 0.04296875 0.14609375
17 0.51796875 0.74765625 0.05234375 0.10234375
2 0.83984375 0.49140625 0.065625 0.15390625
2 0.60859375 0.46640625 0.0484375 0.1375
8 0.60703125 0.26328125 0.06015625 0.1734375
17 0.68828125 0.803125 0.05078125 0.09921875
8 0.83203125 0.26640625 0.0859375 0.1921875
10 0.315625 0.25703125 0.0484375 0.14921875
18 0.4015625 0.71953125 0.053125 0.09375
8 0.74921875 0.265625 0.075 0.184375
8 0.48515625 0.2609375 0.05703125 0.16171875
0 0.496875 0.44765625 0.05078125 0.14140625
17 0.63203125 0.78203125 0.0578125 0.109375
3 0.58125 0.88828125 0.04375 0.0921875
3 0.671875 0.90703125 0.040625 0.07890625
0 0.44375 0.44296875 0.0484375 0.1375
17 0.4609375 0.734375 0.05703125 0.0984375
10 0.09609375 0.25078125 0.04140625 0.13125
10 0.3671875 0.25859375 0.0484375 0.153125
1 0.346875 0.4328125 0.04296875 0.1296875
2 0.66171875 0.4734375 0.0546875 0.14140625
2 0.77578125 0.48515625 0.0578125 0.146875
4 0.45390625 0.853125 0.040625 0.09609375
2 0.2578125 0.4203125 0.0390625 0.12578125
2 0.3015625 0.42421875 0.04296875 0.128125
2 0.71796875 0.48046875 0.05546875 0.1453125
10 0.22265625 0.2546875 0.040625 0.140625
1 0.39375 0.4390625 0.04609375 0.1328125
10 0.17890625 0.25234375 0.04140625 0.1375
6 0.13828125 0.40390625 0.03828125 0.12421875
6 0.21796875 0.4140625 0.0359375 0.12734375
6 0.17890625 0.40859375 0.03671875 0.12578125
17 0.2421875 0.678125 0.053125 0.090625
3 0.62890625 0.89609375 0.04140625 0.08046875
24 0.76171875 0.66015625 0.06484375 0.128125
24 0.6328125 0.634375 0.0578125 0.12734375