2 0.22734375 0.4359375 0.02578125 0.1796875
2 0.25625 0.44296875 0.03046875 0.19453125
17 0.89140625 0.6046875 0.11875 0.40078125
0 0.3328125 0.46171875 0.03984375 0.2109375
19 0.775 0.5859375 0.10703125 0.34375
17 0.415625 0.5171875 0.03203125 0.16171875
1 0.29140625 0.4484375 0.03984375 0.2109375
17 0.46171875 0.51875 0.059375 0.21796875
18 0.53359375 0.515625 0.0453125 0.2453125
17 0.3765625 0.4921875 0.04140625 0.18046875
0 0.2 0.42734375 0.0265625 0.17265625
8 0.15078125 0.41171875 0.0234375 0.16171875
10 0.0875 0.38046875 0.0234375 0.1734375
8 0.128125 0.40234375 0.01875 0.16328125
0 0.17421875 0.41953125 0.02265625 0.16796875
8 0.0625 0.37421875 0.0234375 0.165625
8 0.10859375 0.39375 0.0171875 0.16171875