1 0.47421875 0.44609375 0.05078125 0.1125
17 0.44375 0.5875 0.04765625 0.090625
17 0.2234375 0.63984375 0.06484375 0.09921875
10 0.17734375 0.29453125 0.065625 0.178125
8 0.36328125 0.28828125 0.05546875 0.1625
17 0.28671875 0.6265625 0.05546875 0.096875
0 0.57421875 0.43203125 0.0484375 0.10625
8 0.784375 0.2640625 0.0453125 0.13984375
17 0.3921875 0.59921875 0.05234375 0.09296875
18 0.49453125 0.5734375 0.04765625 0.096875
8 0.56640625 0.28046875 0.0453125 0.14609375
8 0.51875 0.28203125 0.0453125 0.14921875
8 0.65546875 0.2703125 0.04765625 0.15078125
10 0.24375 0.2921875 0.06171875 0.17265625
17 0.33984375 0.60859375 0.0484375 0.09453125
10 0.10234375 0.29609375 0.07734375 0.18515625
10 0.3046875 0.28984375 0.05703125 0.1671875
8 0.70234375 0.2671875 0.040625 0.14765625
2 0.759375 0.40859375 0.03359375 0.09453125
8 0.825 0.26171875 0.034375 0.13515625
18 0.54140625 0.5640625 0.040625 0.09609375
18 0.0390625 0.50859375 0.07734375 0.21328125
8 0.471875 0.284375 0.0453125 0.15078125
8 0.61015625 0.27890625 0.0390625 0.1421875
1 0.3625 0.465625 0.05546875 0.1140625
8 0.86328125 0.259375 0.03828125 0.13203125
8 0.74140625 0.26484375 0.03671875 0.14140625
2 0.29453125 0.46953125 0.071875 0.128125
4 0.16953125 0.9390625 0.06796875 0.121875
0 0.621875 0.4265625 0.04296875 0.10234375
8 0.42109375 0.28671875 0.053125 0.1578125
0 0.525 0.43828125 0.0453125 0.109375
0 0.6859375 0.4171875 0.0390625 0.09921875
1 0.4203125 0.4546875 0.05 0.11171875
2 0.82265625 0.4 0.028125 0.0921875
2 0.16875 0.48203125 0.0671875 0.1421875
2 0.8515625 0.39609375 0.028125 0.0875
0 0.7234375 0.4125 0.03359375 0.09609375
2 0.79140625 0.4046875 0.03125 0.09375
4 0.10859375 0.93984375 0.05703125 0.11953125
2 0.22890625 0.47734375 0.05703125 0.13984375
8 0.90078125 0.25859375 0.03359375 0.13046875
17 0.778125 0.51171875 0.0453125 0.08359375
17 0.14765625 0.6328125 0.06171875 0.07890625
17 0.58125 0.55390625 0.0359375 0.09296875
4 0.04765625 0.946875 0.0703125 0.10625
17 0.61953125 0.54453125 0.03671875 0.08828125
17 0.73671875 0.51796875 0.03359375 0.084375