2 0.7203125 0.5515625 0.05546875 0.20234375
2 0.69921875 0.29296875 0.046875 0.20859375
2 0.653125 0.28671875 0.04375 0.2046875
2 0.609375 0.2828125 0.04140625 0.19921875
0 0.52421875 0.27265625 0.040625 0.18671875
2 0.746875 0.2984375 0.046875 0.21328125
5 0.5453125 0.715625 0.03671875 0.16171875
2 0.79765625 0.30390625 0.05625 0.21953125
1 0.61015625 0.5203125 0.04453125 0.18671875
2 0.5671875 0.278125 0.03984375 0.19296875
0 0.41640625 0.259375 0.03046875 0.1703125
8 0.403125 0.46171875 0.03984375 0.1640625
2 0.7796875 0.56484375 0.059375 0.20703125
5 0.58671875 0.72890625 0.0421875 0.16328125
0 0.52109375 0.5 0.0390625 0.1796875
0 0.48359375 0.2671875 0.03671875 0.1828125
0 0.4828125 0.48671875 0.0328125 0.17578125
1 0.5640625 0.5109375 0.04375 0.184375
0 0.4484375 0.2625 0.03046875 0.17578125
0 0.44609375 0.4765625 0.03828125 0.1703125
10 0.1125 0.38359375 0.021875 0.13671875
8 0.384375 0.25390625 0.03046875 0.1703125
17 0.4953125 0.86875 0.03125 0.11328125
10 0.13046875 0.21875 0.0203125 0.14140625
10 0.1515625 0.22109375 0.0203125 0.14375
8 0.2203125 0.23203125 0.021875 0.15078125
10 0.1390625 0.38984375 0.028125 0.14140625
8 0.26875 0.4296875 0.0296875 0.153125
8 0.36484375 0.45546875 0.03203125 0.16328125
1 0.66171875 0.53671875 0.05390625 0.1921875
8 0.33046875 0.44609375 0.03125 0.159375
10 0.24140625 0.42109375 0.0234375 0.14921875
8 0.35390625 0.25 0.028125 0.16875
3 0.2671875 0.603125 0.025 0.1375
18 0.6671875 0.9515625 0.0375 0.096875
10 0.165625 0.3984375 0.021875 0.14140625
10 0.1734375 0.225 0.021875 0.14609375
8 0.29609375 0.2421875 0.02578125 0.1609375
8 0.29921875 0.43828125 0.028125 0.15703125
8 0.26953125 0.2390625 0.025 0.15703125
8 0.24375 0.23515625 0.02421875 0.153125
10 0.11015625 0.215625 0.01875 0.1375
8 0.32421875 0.2453125 0.0265625 0.1640625
10 0.196875 0.228125 0.0234375 0.1484375
4 0.4515625 0.67421875 0.04140625 0.15703125
18 0.709375 0.9609375 0.0421875 0.07734375
10 0.08984375 0.378125 0.02109375 0.1328125
17 0.46015625 0.8515625 0.03359375 0.1125
19 0.19921875 0.71171875 0.03671875 0.11015625
10 0.06953125 0.2109375 0.01875 0.13203125
10 0.21484375 0.4140625 0.02578125 0.14609375
10 0.06875 0.37265625 0.0203125 0.13203125
18 0.38359375 0.809375 0.0375 0.1171875
17 0.09140625 0.65546875 0.028125 0.09921875
10 0.08984375 0.21328125 0.01875 0.13671875
5 0.5078125 0.70078125 0.0359375 0.16640625
18 0.75234375 0.97265625 0.0453125 0.0546875
17 0.11875 0.66875 0.0234375 0.10390625
18 0.42265625 0.8265625 0.0359375 0.1171875
3 0.2921875 0.6125 0.02265625 0.1375
17 0.1453125 0.68203125 0.028125 0.1078125
10 0.1890625 0.40546875 0.02265625 0.1421875
4 0.37109375 0.64296875 0.02578125 0.1484375
10 0.0515625 0.20859375 0.0171875 0.13046875
17 0.26640625 0.74453125 0.0328125 0.10625
1 0.9609375 0.621875 0.078125 0.228125