4 0.17109375 0.8921875 0.07265625 0.21171875
4 0.2421875 0.85625 0.0640625 0.19921875
3 0.35234375 0.8046875 0.05234375 0.18671875
8 0.33671875 0.2609375 0.06015625 0.30078125
17 0.290625 0.58359375 0.0625 0.20390625
17 0.4140625 0.56171875 0.053125 0.17734375
17 0.35546875 0.57734375 0.059375 0.1828125
0 0.1953125 0.2734375 0.07734375 0.32734375
3 0.403125 0.78046875 0.04609375 0.18203125
8 0.27109375 0.26640625 0.06484375 0.31328125
8 0.65 0.23203125 0.0375 0.2359375
4 0.29921875 0.8265625 0.0484375 0.184375
17 0.14453125 0.62578125 0.078125 0.2265625
17 0.22109375 0.60625 0.06953125 0.215625
10 0.68828125 0.23125 0.034375 0.22578125
8 0.3953125 0.2546875 0.053125 0.29140625
8 0.60625 0.23515625 0.0484375 0.246875
8 0.44921875 0.253125 0.05234375 0.2765625
8 0.50234375 0.24765625 0.04921875 0.26875
8 0.553125 0.24296875 0.05 0.2578125
10 0.7203125 0.225 0.03203125 0.21953125
17 0.4671875 0.54140625 0.0484375 0.16875
0 0.1109375 0.28046875 0.0875 0.346875
12 0.85859375 0.1921875 0.0453125 0.23359375
10 0.75078125 0.221875 0.02890625 0.21640625
5 0.5609375 0.70625 0.034375 0.15859375
17 0.0515625 0.6234375 0.10234375 0.290625
5 0.5984375 0.69375 0.0375 0.159375
12 0.79453125 0.2 0.05625 0.2453125
5 0.525 0.72265625 0.034375 0.16328125
5 0.446875 0.75859375 0.03828125 0.1703125
12 0.77265625 0.01015625 0.0546875 0.01953125