2 0.85625 0.784375 0.06015625 0.21875
2 0.3546875 0.64375 0.02265625 0.1296875
0 0.6109375 0.71171875 0.0390625 0.18046875
8 0.8328125 0.5234375 0.0453125 0.1953125
8 0.7 0.50703125 0.0390625 0.17734375
2 0.74765625 0.75078125 0.0484375 0.20390625
8 0.78671875 0.51796875 0.04375 0.190625
17 0.1328125 0.4421875 0.01640625 0.0859375
0 0.6984375 0.7375 0.0453125 0.190625
8 0.7421875 0.5125 0.04140625 0.184375
8 0.728125 0.284375 0.04921875 0.20859375
18 0.11171875 0.296875 0.021875 0.12578125
2 0.3296875 0.6375 0.025 0.128125
0 0.5703125 0.7015625 0.03828125 0.17578125
1 0.46328125 0.66953125 0.03125 0.159375
2 0.79921875 0.76484375 0.0515625 0.2109375
8 0.5875 0.4921875 0.0328125 0.16171875
8 0.58515625 0.2890625 0.040625 0.1921875
8 0.62890625 0.2875 0.04453125 0.1953125
8 0.55390625 0.48828125 0.03203125 0.15703125
8 0.5046875 0.29140625 0.03984375 0.178125
1 0.43203125 0.66015625 0.0265625 0.15390625
1 0.49609375 0.7 0.03203125 0.1203125
8 0.54453125 0.29140625 0.0375 0.184375
0 0.653125 0.7234375 0.0421875 0.1828125
8 0.67734375 0.28515625 0.04765625 0.2015625
8 0.909375 0.278125 0.06328125 0.23515625
8 0.8453125 0.28046875 0.059375 0.23046875
10 0.4921875 0.48046875 0.0265625 0.15078125
10 0.409375 0.46953125 0.025 0.13984375
8 0.78359375 0.2828125 0.05703125 0.21875
10 0.521875 0.48359375 0.0296875 0.153125
8 0.66015625 0.503125 0.0375 0.1703125
10 0.384375 0.4671875 0.0234375 0.13671875
0 0.53203125 0.696875 0.034375 0.153125
18 0.1375 0.29765625 0.028125 0.128125
18 0.18359375 0.44453125 0.01796875 0.1015625
18 0.203125 0.44765625 0.01875 0.10390625
8 0.88046875 0.52890625 0.04609375 0.20234375
0 0.4046875 0.65703125 0.02578125 0.1375
8 0.62265625 0.496875 0.034375 0.16640625
10 0.4640625 0.4765625 0.02578125 0.14609375
0 0.3796875 0.65078125 0.0234375 0.1328125
10 0.3375 0.4609375 0.01875 0.1296875
10 0.43671875 0.47265625 0.02578125 0.1421875
10 0.409375 0.29296875 0.0296875 0.16640625
17 0.2234375 0.45 0.01875 0.10546875
17 0.29375 0.45859375 0.02578125 0.11484375
10 0.31796875 0.46015625 0.01875 0.125
17 0.29140625 0.29609375 0.0296875 0.14453125
17 0.24453125 0.453125 0.021875 0.1078125
17 0.14921875 0.44375 0.015625 0.0890625
17 0.26796875 0.45546875 0.0234375 0.1109375
8 0.4390625 0.2921875 0.02578125 0.1703125
10 0.36015625 0.46328125 0.02265625 0.134375
18 0.26171875 0.296875 0.028125 0.14140625
8 0.46796875 0.29140625 0.03125 0.175
18 0.165625 0.44296875 0.015625 0.09609375
17 0.084375 0.43515625 0.01484375 0.08125
10 0.3796875 0.29375 0.02890625 0.16171875
10 0.35 0.29375 0.028125 0.15703125
18 0.234375 0.29765625 0.025 0.13671875
17 0.03125 0.2921875 0.0203125 0.12421875
17 0.1015625 0.43671875 0.01640625 0.08359375
17 0.05 0.29375 0.015625 0.12265625
17 0.1171875 0.43828125 0.01328125 0.084375
17 0.06953125 0.43359375 0.01328125 0.0796875
10 0.321875 0.29375 0.0265625 0.15546875
17 0.0703125 0.29609375 0.0234375 0.12265625
18 0.09140625 0.29609375 0.0171875 0.12578125