5 0.684375 0.86328125 0.04375 0.1109375
8 0.521875 0.29375 0.05234375 0.125
8 0.70859375 0.29140625 0.06484375 0.1375
8 0.6421875 0.2921875 0.0625 0.1328125
2 0.8640625 0.46328125 0.07265625 0.1421875
5 0.59453125 0.8390625 0.04140625 0.10859375
8 0.275 0.29453125 0.04296875 0.10859375
8 0.46796875 0.29375 0.05234375 0.12265625
5 0.5125 0.815625 0.0390625 0.10390625
8 0.85390625 0.290625 0.071875 0.14765625
2 0.659375 0.459375 0.059375 0.1125
8 0.5796875 0.29453125 0.0578125 0.12734375
1 0.44140625 0.4359375 0.0453125 0.11171875
5 0.784375 0.8921875 0.0484375 0.11953125
5 0.73359375 0.878125 0.05 0.115625
2 0.79140625 0.46015625 0.06796875 0.1359375
18 0.15390625 0.5234375 0.0390625 0.0859375
1 0.49140625 0.43984375 0.05078125 0.11484375
8 0.78046875 0.29140625 0.0703125 0.14296875
5 0.63984375 0.85234375 0.04375 0.1078125
8 0.415625 0.2953125 0.0484375 0.11640625
8 0.23125 0.29140625 0.04140625 0.1078125
0 0.12421875 0.41171875 0.05 0.090625
5 0.553125 0.828125 0.0390625 0.10703125
8 0.31953125 0.29375 0.04296875 0.1125
2 0.72265625 0.46171875 0.0625 0.11953125
18 0.828125 0.6203125 0.0765625 0.121875
1 0.59921875 0.44765625 0.0546875 0.1203125
18 0.1953125 0.5296875 0.040625 0.08828125
1 0.39375 0.43125 0.04609375 0.109375
8 0.365625 0.29453125 0.0453125 0.11640625
1 0.54453125 0.44453125 0.05234375 0.1171875
1 0.346875 0.42890625 0.04375 0.1078125
3 0.47265625 0.803125 0.03671875 0.10390625
18 0.67734375 0.6 0.065625 0.1125
4 0.2390625 0.740625 0.0265625 0.08828125
18 0.75 0.61015625 0.071875 0.11796875
18 0.61015625 0.5890625 0.0625 0.1078125
0 0.2515625 0.4203125 0.053125 0.09921875
18 0.38125 0.55703125 0.05 0.09609375
3 0.43515625 0.79375 0.034375 0.1015625
18 0.54765625 0.58046875 0.05703125 0.10234375
6 0.0140625 0.66015625 0.028125 0.0953125
4 0.21015625 0.7328125 0.02890625 0.08671875
18 0.48984375 0.57109375 0.0546875 0.10078125
3 0.36484375 0.775 0.03203125 0.09453125
18 0.43359375 0.56328125 0.05078125 0.09921875
3 0.3984375 0.78515625 0.034375 0.0984375
4 0.26875 0.74765625 0.02890625 0.090625
18 0.23828125 0.5359375 0.040625 0.0890625
18 0.28359375 0.5421875 0.0453125 0.09140625
24 0.68515625 0.7328125 0.05703125 0.10078125
24 0.3703125 0.665625 0.04375 0.08671875
18 0.33125 0.5484375 0.04609375 0.09296875
6 0.109375 0.69453125 0.034375 0.0609375
3 0.33203125 0.76640625 0.03046875 0.09296875
24 0.62578125 0.72109375 0.05546875 0.10078125
24 0.17890625 0.62578125 0.02890625 0.0765625
4 0.178125 0.72578125 0.03359375 0.08671875
24 0.421875 0.67421875 0.0546875 0.0859375
24 0.81484375 0.76015625 0.065625 0.10859375
24 0.3265625 0.6578125 0.040625 0.0875