17 0.6375 0.59296875 0.053125 0.10390625
2 0.7171875 0.4484375 0.065625 0.15
2 0.46640625 0.22109375 0.04296875 0.13828125
2 0.79609375 0.4671875 0.08671875 0.15859375
3 0.47421875 0.8328125 0.0359375 0.11796875
4 0.5515625 0.87578125 0.04765625 0.125
17 0.38359375 0.50078125 0.04296875 0.11015625
8 0.34296875 0.20625 0.034375 0.12265625
17 0.55625 0.57578125 0.053125 0.096875
17 0.4625 0.5328125 0.03671875 0.1046875
0 0.42265625 0.21484375 0.04140625 0.13203125
8 0.29609375 0.34140625 0.0390625 0.115625
0 0.38046875 0.2109375 0.03671875 0.12578125
0 0.4296875 0.37578125 0.03828125 0.1234375
17 0.5046875 0.55 0.04375 0.11015625
4 0.51015625 0.8546875 0.034375 0.11875
0 0.47734375 0.38828125 0.05234375 0.13125
17 0.69921875 0.6390625 0.0578125 0.1046875
17 0.7625 0.6625 0.06484375 0.10703125
17 0.425 0.51953125 0.034375 0.1015625
1 0.584375 0.4171875 0.0546875 0.140625
8 0.38671875 0.36171875 0.04296875 0.11796875
1 0.64765625 0.43203125 0.065625 0.1453125
8 0.33984375 0.35 0.04296875 0.11875
17 0.3359375 0.4859375 0.0359375 0.103125
0 0.53046875 0.4015625 0.0484375 0.13359375
3 0.4359375 0.815625 0.03828125 0.121875
16 0.68125 0.2453125 0.059375 0.15859375
18 0.2625 0.45859375 0.03203125 0.09609375
16 0.62421875 0.240625 0.0546875 0.1515625
22 0.753125 0.25234375 0.0765625 0.16171875
16 0.94609375 0.27890625 0.10078125 0.1828125
17 0.29921875 0.4703125 0.03359375 0.1