2 0.26953125 0.51640625 0.06171875 0.16484375
4 0.1078125 0.52578125 0.1078125 0.19765625
2 0.51171875 0.47109375 0.04609375 0.15078125
2 0.56328125 0.4640625 0.05234375 0.14921875
2 0.2 0.5265625 0.071875 0.16953125
8 0.7375 0.25859375 0.04296875 0.15546875
11 0.2203125 0.24921875 0.1109375 0.25
2 0.6640625 0.44765625 0.04765625 0.1421875
18 0.5859375 0.7625 0.0453125 0.0828125
8 0.69375 0.2609375 0.040625 0.1578125
2 0.61484375 0.45546875 0.04609375 0.14609375
11 0.10234375 0.24765625 0.1171875 0.26875
10 0.5171875 0.2703125 0.05 0.1703125
12 0.40234375 0.25234375 0.07421875 0.225
18 0.5359375 0.78203125 0.04765625 0.0859375
12 0.32109375 0.2515625 0.08359375 0.234375
0 0.3296875 0.50625 0.05703125 0.159375
8 0.784375 0.2578125 0.04609375 0.14921875
2 0.39453125 0.4890625 0.065625 0.1671875
17 0.22734375 0.9 0.06484375 0.078125
2 0.45859375 0.4796875 0.05703125 0.16171875
1 0.75703125 0.434375 0.04609375 0.128125
10 0.56796875 0.2703125 0.0453125 0.16171875
10 0.60859375 0.2671875 0.034375 0.1578125
2 0.7109375 0.440625 0.04140625 0.13515625
10 0.8671875 0.25703125 0.0390625 0.1421875
18 0.63671875 0.7453125 0.0484375 0.084375
10 0.65078125 0.26640625 0.04375 0.15546875
10 0.465625 0.2703125 0.0484375 0.175
8 0.82734375 0.2578125 0.03671875 0.14375
1 0.8 0.42734375 0.0359375 0.12734375
10 0.90625 0.2578125 0.0359375 0.1359375
17 0.70859375 0.709375 0.053125 0.08125
0 0.8359375 0.4203125 0.03359375 0.1234375
17 0.1578125 0.91875 0.065625 0.0875
17 0.7515625 0.696875 0.03125 0.0796875
17 0.7890625 0.68515625 0.0390625 0.07265625
0 0.871875 0.415625 0.0359375 0.12265625
24 0.39765625 0.70625 0.053125 0.11015625
24 0.4515625 0.68828125 0.0453125 0.1046875
5 0.02109375 0.2546875 0.0421875 0.275