10 0.53984375 0.22109375 0.059375 0.1734375
8 0.60078125 0.21796875 0.0578125 0.16953125
2 0.43046875 0.428125 0.059375 0.15
10 0.475 0.22265625 0.06484375 0.17890625
17 0.321875 0.76875 0.07421875 0.11015625
8 0.65546875 0.21640625 0.0484375 0.16171875
10 0.40546875 0.22578125 0.06796875 0.1828125
8 0.71015625 0.2140625 0.0546875 0.1578125
4 0.5765625 0.81796875 0.04140625 0.09140625
8 0.7640625 0.2125 0.0484375 0.1546875
2 0.78984375 0.390625 0.0359375 0.11796875
10 0.25390625 0.23046875 0.07734375 0.19375
17 0.6453125 0.684375 0.0453125 0.09296875
8 0.815625 0.21015625 0.05078125 0.15078125
2 0.75078125 0.39375 0.0390625 0.121875
2 0.89921875 0.37578125 0.03203125 0.11171875
2 0.37421875 0.4359375 0.05078125 0.15546875
10 0.08203125 0.23515625 0.0984375 0.2046875
0 0.7046875 0.39609375 0.0484375 0.13359375
10 0.17265625 0.2328125 0.0796875 0.1984375
17 0.5921875 0.696875 0.05703125 0.096875
10 0.3328125 0.228125 0.071875 0.1890625
17 0.74453125 0.66171875 0.04609375 0.09296875
6 0.14609375 0.46015625 0.0984375 0.1765625
19 0.46015625 0.7328125 0.0671875 0.103125
1 0.490625 0.42109375 0.05703125 0.14609375
6 0.23515625 0.4484375 0.071875 0.16953125
2 0.86484375 0.3796875 0.03359375 0.11484375
1 0.54765625 0.4171875 0.05234375 0.1390625
3 0.61875 0.80703125 0.03828125 0.09375
8 0.86484375 0.20859375 0.04375 0.1484375
0 0.6015625 0.42109375 0.05234375 0.11484375
2 0.828125 0.38515625 0.03828125 0.115625
17 0.69375 0.671875 0.04765625 0.09296875
6 0.31015625 0.440625 0.07265625 0.1640625
17 0.78828125 0.65625 0.03671875 0.07890625
24 0.75 0.53671875 0.04765625 0.10703125
0 0.653125 0.41640625 0.04765625 0.10859375
18 0.52890625 0.71328125 0.0625 0.096875
3 0.65546875 0.79765625 0.03125 0.0875
24 0.50078125 0.5875 0.05234375 0.11875
24 0.44375 0.5984375 0.0546875 0.12265625
8 0.909375 0.20625 0.04140625 0.14609375
17 0.825 0.64609375 0.03203125 0.08046875
24 0.55625 0.575 0.05 0.11796875
24 0.38515625 0.60859375 0.05703125 0.12265625
3 0.6875 0.7859375 0.03125 0.08671875
24 0.6078125 0.56484375 0.0484375 0.115625
22 0.321875 0.621875 0.06328125 0.12578125
2 0.25078125 0.78671875 0.0625 0.1015625