7 0.43125 0.27421875 0.05 0.1640625
17 0.33828125 0.45703125 0.0546875 0.13359375
17 0.628125 0.6859375 0.05703125 0.1078125
10 0.81484375 0.51875 0.06171875 0.1453125
8 0.63984375 0.4953125 0.05234375 0.13828125
17 0.690625 0.69453125 0.06171875 0.11015625
0 0.3046875 0.271875 0.05078125 0.15625
10 0.7234375 0.2828125 0.0796875 0.1875
2 0.1078125 0.265625 0.04375 0.140625
7 0.36796875 0.2734375 0.0703125 0.1625
8 0.81640625 0.2859375 0.09140625 0.19296875
2 0.15390625 0.2671875 0.0453125 0.14375
8 0.38984375 0.4671875 0.04296875 0.125
10 0.75234375 0.51015625 0.0578125 0.14609375
8 0.4828125 0.47890625 0.04609375 0.128125
0 0.25234375 0.2703125 0.05 0.153125
17 0.28359375 0.44921875 0.05234375 0.1296875
10 0.5609375 0.27890625 0.0703125 0.17734375
10 0.69375 0.50234375 0.053125 0.140625
10 0.63984375 0.28125 0.075 0.18046875
8 0.43515625 0.471875 0.04375 0.1265625
17 0.17734375 0.453125 0.04140625 0.0921875
8 0.58359375 0.48984375 0.05234375 0.13515625
2 0.0625 0.2640625 0.04296875 0.1390625
17 0.5703125 0.675 0.05234375 0.10625
8 0.53203125 0.4828125 0.04609375 0.13125
8 0.92890625 0.28984375 0.103125 0.20625
17 0.228125 0.44453125 0.05234375 0.1265625
0 0.20234375 0.26875 0.04765625 0.1484375
17 0.13359375 0.45 0.04296875 0.0875
10 0.48984375 0.2765625 0.06328125 0.1703125
10 0.88359375 0.52734375 0.071875 0.14609375
22 0.83359375 0.71015625 0.07734375 0.140625
24 0.515625 0.66328125 0.05 0.10078125
22 0.759375 0.69765625 0.065625 0.13359375
5 0.32734375 0.74921875 0.0390625 0.10390625
5 0.15 0.70625 0.03359375 0.096875
5 0.3671875 0.75859375 0.0390625 0.1078125
24 0.46484375 0.6515625 0.0453125 0.1
16 0.4984375 0.78828125 0.04296875 0.11171875
24 0.415625 0.64453125 0.04765625 0.09609375
5 0.21796875 0.72265625 0.03359375 0.1015625
16 0.6875 0.83515625 0.04609375 0.11640625
3 0.253125 0.73203125 0.03359375 0.1015625
14 0.6375 0.82265625 0.05 0.1125
16 0.54375 0.79921875 0.0453125 0.1125
3 0.5890625 0.8109375 0.04375 0.10859375
16 0.409375 0.76953125 0.04140625 0.1109375
3 0.2890625 0.7390625 0.03359375 0.1015625
5 0.18359375 0.7140625 0.03203125 0.1015625