17 0.31171875 0.93125 0.0640625 0.1375
10 0.434375 0.27109375 0.0578125 0.2890625
2 0.70859375 0.55234375 0.02421875 0.15703125
8 0.453125 0.6453125 0.0390625 0.20234375
10 0.37109375 0.271875 0.06328125 0.30546875
2 0.76875 0.26640625 0.0296875 0.2046875
10 0.3109375 0.69453125 0.053125 0.23515625
10 0.25546875 0.7140625 0.05390625 0.24296875
10 0.4921875 0.27109375 0.05234375 0.2734375
8 0.1265625 0.275 0.09140625 0.3671875
10 0.1921875 0.73515625 0.0671875 0.253125
8 0.409375 0.66015625 0.04375 0.2140625
8 0.52890625 0.61484375 0.03359375 0.1921875
10 0.54375 0.2703125 0.0453125 0.2640625
1 0.70625 0.2671875 0.0359375 0.21875
7 0.80234375 0.26640625 0.0359375 0.19921875
0 0.5890625 0.26875 0.0421875 0.25078125
8 0.4921875 0.62734375 0.0359375 0.19921875
8 0.21640625 0.27421875 0.07890625 0.34140625
8 0.29765625 0.27265625 0.07578125 0.32421875
2 0.73984375 0.265625 0.02890625 0.2109375
0 0.63203125 0.26875 0.040625 0.240625
2 0.7328125 0.54453125 0.02265625 0.15625
0 0.5953125 0.590625 0.03203125 0.184375
1 0.6703125 0.2671875 0.03359375 0.22578125
17 0.24140625 0.946875 0.06875 0.10625
8 0.3625 0.6703125 0.046875 0.23828125
0 0.5625 0.60234375 0.03046875 0.18671875
2 0.7578125 0.53515625 0.02421875 0.1515625
0 0.6265625 0.58125 0.02890625 0.178125
18 0.515625 0.846875 0.02890625 0.153125
17 0.67734375 0.7390625 0.03671875 0.10859375
18 0.384375 0.921875 0.06328125 0.15625
17 0.7171875 0.7328125 0.0328125 0.11484375
2 0.78046875 0.53203125 0.0203125 0.14375
0 0.65703125 0.56953125 0.0265625 0.17265625
0 0.6828125 0.5609375 0.025 0.16328125
11 0.9515625 0.253125 0.0296875 0.1703125
18 0.5484375 0.82890625 0.0328125 0.1515625
17 0.5984375 0.7875 0.02890625 0.1296875
12 0.89375 0.25546875 0.0296875 0.18203125
12 0.92109375 0.253125 0.025 0.178125
17 0.6390625 0.7484375 0.02578125 0.09296875
17 0.746875 0.72109375 0.0234375 0.1078125