8 0.5171875 0.3640625 0.0390625 0.253125
0 0.659375 0.346875 0.04765625 0.2578125
17 0.409375 0.70625 0.07265625 0.26484375
17 0.5828125 0.684375 0.04765625 0.1953125
10 0.415625 0.3671875 0.05703125 0.2734375
10 0.3453125 0.3515625 0.07578125 0.3203125
0 0.75078125 0.34375 0.03984375 0.23828125
17 0.790625 0.63515625 0.0328125 0.1484375
1 0.79765625 0.34296875 0.0484375 0.23359375
1 0.8421875 0.34296875 0.0390625 0.22578125
17 0.13984375 0.77109375 0.10390625 0.315625
10 0.471875 0.3671875 0.04765625 0.2640625
17 0.7546875 0.64609375 0.0359375 0.15390625
17 0.240625 0.7953125 0.0875 0.1953125
17 0.4765625 0.7109375 0.05390625 0.21328125
8 0.17265625 0.3515625 0.0875 0.353125
10 0.2609375 0.3515625 0.0796875 0.33359375
17 0.53046875 0.69453125 0.04921875 0.2015625
8 0.6109375 0.3609375 0.04453125 0.2421875
8 0.56328125 0.36328125 0.0484375 0.24765625
17 0.82890625 0.6265625 0.0375 0.14375
2 0.88203125 0.3421875 0.03828125 0.22109375
17 0.32890625 0.7578125 0.08046875 0.21640625
0 0.7078125 0.3453125 0.04453125 0.25078125
18 0.63046875 0.67265625 0.04375 0.18984375
18 0.67421875 0.6609375 0.03984375 0.18203125
18 0.715625 0.6484375 0.03828125 0.178125
2 0.92109375 0.3390625 0.03828125 0.209375
8 0.06796875 0.3546875 0.10703125 0.3671875