1 0.675 0.40078125 0.04296875 0.10234375
8 0.590625 0.26640625 0.05 0.1203125
3 0.43671875 0.7796875 0.0390625 0.0984375
1 0.58125 0.40703125 0.04609375 0.10703125
8 0.48046875 0.26640625 0.05703125 0.12578125
8 0.690625 0.265625 0.0453125 0.11484375
1 0.52578125 0.40859375 0.0625 0.10859375
2 0.8 0.39375 0.03671875 0.09453125
8 0.5375 0.26640625 0.05234375 0.12265625
8 0.4171875 0.2671875 0.06328125 0.12734375
8 0.64140625 0.26640625 0.0484375 0.11796875
18 0.2328125 0.57265625 0.075 0.11171875
0 0.3890625 0.415625 0.0671875 0.11640625
6 0.08515625 0.82578125 0.06953125 0.13046875
1 0.62890625 0.4046875 0.0453125 0.10390625
0 0.17421875 0.43125 0.0765625 0.12734375
1 0.71875 0.3984375 0.04140625 0.10078125
4 0.30859375 0.809375 0.04375 0.103125
8 0.76875 0.26640625 0.03046875 0.1046875
5 0.725 0.715625 0.03046875 0.08671875
8 0.73359375 0.26640625 0.03828125 0.11015625
18 0.7046875 0.51484375 0.04765625 0.08828125
4 0.3953125 0.7890625 0.040625 0.10078125
5 0.78515625 0.7 0.02578125 0.08515625
2 0.875 0.38984375 0.03828125 0.0859375
3 0.62421875 0.73515625 0.03359375 0.0953125
3 0.5546875 0.75234375 0.0359375 0.0953125
2 0.9125 0.38359375 0.03359375 0.09140625
18 0.30703125 0.56484375 0.065625 0.109375
18 0.840625 0.49765625 0.0390625 0.0828125
1 0.7609375 0.3953125 0.0390625 0.0984375
5 0.75625 0.7078125 0.03046875 0.0875
2 0.8375 0.3953125 0.03359375 0.08359375
3 0.590625 0.74375 0.03359375 0.09375
4 0.25859375 0.82109375 0.05234375 0.10390625
5 0.659375 0.72734375 0.03203125 0.0921875
4 0.353125 0.7984375 0.04140625 0.10078125
6 0.0234375 0.840625 0.04609375 0.13125
18 0.7515625 0.50859375 0.04140625 0.08671875
18 0.65546875 0.52109375 0.04609375 0.090625
5 0.69296875 0.72109375 0.03203125 0.0890625
18 0.8828125 0.49296875 0.040625 0.08125
18 0.79609375 0.50234375 0.04375 0.08515625
3 0.51640625 0.7609375 0.03671875 0.09609375
3 0.47734375 0.76953125 0.03828125 0.0953125
24 0.20859375 0.7078125 0.05546875 0.09921875
24 0.26640625 0.69609375 0.0546875 0.09375
18 0.5515625 0.534375 0.05234375 0.09609375
18 0.6046875 0.52734375 0.05 0.09296875
18 0.37421875 0.55625 0.0625 0.103125
22 0.15546875 0.58125 0.06953125 0.1125
24 0.53359375 0.64765625 0.04375 0.08671875
5 0.84296875 0.68828125 0.03046875 0.08125
18 0.49609375 0.540625 0.0546875 0.0984375
24 0.82890625 0.59609375 0.0359375 0.0765625
18 0.43671875 0.5484375 0.0578125 0.1015625
24 0.7109375 0.61640625 0.04296875 0.08046875
17 0.61484375 0.62734375 0.02890625 0.07109375
24 0.57890625 0.6390625 0.04140625 0.08515625
24 0.325 0.6859375 0.0546875 0.0953125