3 0.3578125 0.8375 0.04375 0.1203125
17 0.2140625 0.53828125 0.07265625 0.11015625
5 0.30859375 0.85 0.05078125 0.1234375
0 0.33984375 0.30078125 0.0703125 0.17109375
5 0.49375 0.8 0.04140625 0.11171875
3 0.403125 0.825 0.04140625 0.11484375
5 0.2546875 0.86328125 0.0546875 0.1234375
5 0.44765625 0.8125 0.0453125 0.1140625
4 0.53671875 0.78984375 0.040625 0.1125
7 0.5390625 0.296875 0.0578125 0.16171875
2 0.10234375 0.303125 0.08671875 0.18671875
10 0.64453125 0.29375 0.06796875 0.15078125
17 0.35234375 0.50234375 0.0703125 0.14609375
5 0.19765625 0.878125 0.05546875 0.128125
8 0.55234375 0.4859375 0.04375 0.12421875
17 0.49453125 0.4875 0.06328125 0.1359375
8 0.86796875 0.2890625 0.05703125 0.134375
10 0.82734375 0.4546875 0.0359375 0.1078125
8 0.715625 0.4671875 0.0390625 0.11640625
17 0.425 0.49375 0.0671875 0.14140625
2 0.1890625 0.303125 0.07890625 0.18203125
17 0.284375 0.53046875 0.06171875 0.10625
8 0.63828125 0.4765625 0.0390625 0.11875
17 0.69609375 0.63046875 0.04140625 0.09375
2 0.26640625 0.3015625 0.071875 0.17890625
0 0.4765625 0.2984375 0.0625 0.165625
8 0.9296875 0.28984375 0.06015625 0.1328125
10 0.8625 0.45234375 0.03203125 0.1046875
0 0.409375 0.29921875 0.06484375 0.16953125
8 0.6765625 0.471875 0.034375 0.115625
10 0.7109375 0.2921875 0.05546875 0.146875
10 0.7640625 0.29140625 0.0453125 0.1421875
17 0.7734375 0.6140625 0.034375 0.0875
8 0.7546875 0.46328125 0.034375 0.1125
8 0.59609375 0.48125 0.040625 0.1203125
10 0.79140625 0.45859375 0.03359375 0.11015625
10 0.81328125 0.28984375 0.0484375 0.1390625
10 0.89921875 0.45078125 0.03828125 0.1015625
17 0.7375 0.6234375 0.034375 0.090625
7 0.58359375 0.2953125 0.03828125 0.15703125
17 0.01015625 0.74921875 0.01953125 0.14765625
22 0.81640625 0.596875 0.04765625 0.1046875