2 0.82890625 0.3609375 0.0359375 0.11640625
5 0.31171875 0.94375 0.05078125 0.109375
5 0.36171875 0.92421875 0.04609375 0.109375
17 0.4453125 0.75078125 0.06015625 0.125
1 0.50078125 0.3921875 0.0578125 0.15859375
22 0.38359375 0.5984375 0.071875 0.14375
11 0.33984375 0.1765625 0.09140625 0.1953125
1 0.4390625 0.3984375 0.059375 0.165625
10 0.55625 0.1875 0.0546875 0.159375
1 0.55859375 0.38671875 0.05546875 0.15546875
10 0.49453125 0.18671875 0.0625 0.1640625
18 0.31640625 0.79609375 0.06484375 0.1375
11 0.42265625 0.17890625 0.0703125 0.1859375
3 0.6171875 0.82265625 0.03828125 0.090625
8 0.715625 0.1921875 0.0484375 0.1390625
6 0.2828125 0.40234375 0.0859375 0.19765625
17 0.38203125 0.77109375 0.06015625 0.1265625
5 0.2578125 0.95703125 0.05546875 0.0859375
8 0.6640625 0.19140625 0.05 0.1453125
10 0.6125 0.1875 0.05078125 0.1546875
8 0.7625 0.1921875 0.04140625 0.13515625
6 0.3671875 0.396875 0.07734375 0.18828125
6 0.18359375 0.41015625 0.10625 0.20546875
0 0.6609375 0.37578125 0.0453125 0.1453125
8 0.80234375 0.19296875 0.03359375 0.13125
18 0.23984375 0.8203125 0.0796875 0.1390625
16 0.60859375 0.94375 0.03671875 0.0984375
2 0.70234375 0.3734375 0.034375 0.13515625
2 0.73671875 0.37109375 0.03203125 0.12734375
17 0.6125 0.70234375 0.03671875 0.096875
12 0.24453125 0.17421875 0.08671875 0.20390625
17 0.65234375 0.6921875 0.03828125 0.09453125
2 0.76875 0.36796875 0.03046875 0.1234375
10 0.83828125 0.19296875 0.03359375 0.12734375
22 0.4515625 0.58671875 0.06015625 0.13515625
0 0.6125 0.38125 0.0484375 0.15
16 0.56796875 0.9546875 0.04140625 0.0890625
2 0.79765625 0.3640625 0.02421875 0.1171875
12 0.15546875 0.1734375 0.09296875 0.209375
17 0.7640625 0.665625 0.0359375 0.0765625
10 0.871875 0.1921875 0.03203125 0.1265625
3 0.68828125 0.79453125 0.03125 0.0875
10 0.90546875 0.1921875 0.03203125 0.1265625
3 0.57109375 0.8375 0.04609375 0.08828125
16 0.67265625 0.90703125 0.03359375 0.07734375
3 0.6546875 0.8078125 0.03359375 0.0875
22 0.89765625 0.3640625 0.03125 0.09140625
16 0.51015625 0.57578125 0.053125 0.13125
16 0.459375 0.984375 0.04375 0.03125
8 0.86484375 0.3609375 0.03125 0.10703125
17 0.8 0.65703125 0.03203125 0.07578125
5 0.4109375 0.90703125 0.0484375 0.11015625
5 0.45625 0.88828125 0.040625 0.10234375