8 0.6234375 0.3359375 0.0671875 0.17890625
18 0.38046875 0.5984375 0.04140625 0.09453125
2 0.73828125 0.5359375 0.06015625 0.13046875
17 0.63203125 0.6546875 0.06328125 0.1078125
8 0.56171875 0.3296875 0.05234375 0.16875
8 0.50234375 0.3265625 0.06171875 0.16640625
8 0.39296875 0.3265625 0.04140625 0.140625
17 0.703125 0.6734375 0.07421875 0.11484375
8 0.4421875 0.3234375 0.053125 0.15859375
8 0.6953125 0.3390625 0.071875 0.18203125
17 0.42734375 0.60703125 0.04609375 0.0953125
8 0.77265625 0.34296875 0.07734375 0.1890625
17 0.30234375 0.58125 0.034375 0.0828125
17 0.47421875 0.6171875 0.04296875 0.096875
2 0.62890625 0.5171875 0.0484375 0.11953125
0 0.53203125 0.50078125 0.04765625 0.1125
8 0.85625 0.34609375 0.08359375 0.19453125
17 0.19296875 0.55859375 0.0359375 0.0734375
18 0.33984375 0.5890625 0.03671875 0.09140625
1 0.2734375 0.45625 0.040625 0.09921875
1 0.23359375 0.45 0.0359375 0.096875
0 0.4609375 0.4859375 0.05078125 0.109375
8 0.1953125 0.3109375 0.03359375 0.12265625
0 0.40859375 0.478125 0.0484375 0.10625
2 0.68125 0.52578125 0.05234375 0.125
0 0.3609375 0.4703125 0.04140625 0.10234375
8 0.31171875 0.31953125 0.03828125 0.13359375
1 0.31640625 0.4625 0.04296875 0.10078125
0 0.58046875 0.509375 0.04609375 0.115625
8 0.3515625 0.32421875 0.03828125 0.1375
10 0.1640625 0.30859375 0.028125 0.11953125
10 0.1328125 0.30546875 0.03125 0.11796875
17 0.15703125 0.5515625 0.03203125 0.071875
8 0.234375 0.31484375 0.040625 0.128125
8 0.275 0.3171875 0.034375 0.1296875
17 0.265625 0.57265625 0.03671875 0.0796875
22 0.62265625 0.9390625 0.0625 0.11015625
2 0.8 0.5453125 0.06171875 0.13203125
10 0.10078125 0.303125 0.03046875 0.11640625
17 0.2296875 0.5640625 0.03125 0.07578125
10 0.06953125 0.30078125 0.03046875 0.1125
24 0.71875 0.8140625 0.06171875 0.10390625
18 0.02109375 0.41953125 0.0390625 0.11171875
4 0.1078125 0.72890625 0.0453125 0.10078125
22 0.68984375 0.95390625 0.059375 0.0921875
2 0.12578125 0.43203125 0.0265625 0.09375
22 0.55 0.89765625 0.05546875 0.13125
24 0.621875 0.784375 0.059375 0.10390625
4 0.07734375 0.721875 0.0234375 0.10234375
22 0.73359375 0.9484375 0.03125 0.1015625
17 0.384375 0.7046875 0.03671875 0.0828125
2 0.159375 0.4390625 0.03828125 0.09296875
2 0.19609375 0.44453125 0.03359375 0.0921875
18 0.06796875 0.428125 0.04765625 0.11015625
4 0.00546875 0.70234375 0.01015625 0.0796875