8 0.70625 0.31484375 0.07265625 0.184375
8 0.5015625 0.315625 0.0484375 0.15078125
8 0.56171875 0.31171875 0.06328125 0.17421875
5 0.5796875 0.825 0.05 0.1125
8 0.4515625 0.3140625 0.0484375 0.14609375
0 0.503125 0.5 0.05078125 0.14375
17 0.35390625 0.4765625 0.05546875 0.128125
8 0.40234375 0.3109375 0.04609375 0.14140625
8 0.63203125 0.31328125 0.071875 0.178125
17 0.23828125 0.459375 0.04765625 0.11953125
0 0.56171875 0.51015625 0.06171875 0.15
3 0.41796875 0.771875 0.0359375 0.103125
8 0.35625 0.31015625 0.040625 0.1390625
17 0.20546875 0.603125 0.03046875 0.07734375
17 0.2390625 0.6078125 0.03359375 0.0859375
17 0.29375 0.4671875 0.0578125 0.125
5 0.63359375 0.83671875 0.053125 0.1109375
2 0.6265625 0.51953125 0.0625 0.14921875
2 0.45390625 0.49453125 0.04296875 0.134375
3 0.52109375 0.80390625 0.0546875 0.109375
18 0.13984375 0.44609375 0.04609375 0.115625
18 0.18828125 0.45390625 0.04765625 0.11796875
8 0.31484375 0.30859375 0.0390625 0.1375
18 0.09453125 0.440625 0.0390625 0.1125
17 0.27578125 0.61640625 0.0359375 0.090625
10 0.784375 0.35234375 0.0765625 0.1234375
17 0.171875 0.5953125 0.03203125 0.07734375
2 0.40703125 0.4875 0.04609375 0.13125
10 0.875 0.3578125 0.09453125 0.12578125
2 0.69375 0.52890625 0.065625 0.15390625
11 0.1796875 0.2875 0.0578125 0.15390625
3 0.46328125 0.78359375 0.05 0.1046875
17 0.315625 0.625 0.03828125 0.0921875
16 0.38046875 0.75859375 0.0359375 0.09921875
16 0.58984375 0.68984375 0.04765625 0.1015625
16 0.3421875 0.75 0.040625 0.10078125
11 0.0828125 0.28515625 0.0453125 0.1453125
17 0.13828125 0.58828125 0.03125 0.075
16 0.54375 0.67734375 0.04140625 0.09921875