8 0.4546875 0.50546875 0.0453125 0.21328125
17 0.5359375 0.2234375 0.046875 0.17734375
9 0.1359375 0.52578125 0.07890625 0.278125
16 0.42890625 0.78125 0.0484375 0.22421875
3 0.66875 0.71328125 0.03203125 0.2046875
10 0.2109375 0.51796875 0.065625 0.26640625
8 0.58984375 0.471875 0.05 0.228125
8 0.403125 0.49765625 0.0546875 0.24453125
10 0.27890625 0.5125 0.0640625 0.26171875
2 0.8203125 0.45390625 0.034375 0.18828125
1 0.853125 0.4515625 0.028125 0.18046875
16 0.27578125 0.8109375 0.05546875 0.25
10 0.5421875 0.4921875 0.040625 0.20234375
3 0.596875 0.73125 0.03984375 0.21796875
5 0.80234375 0.68046875 0.0296875 0.18828125
4 0.7390625 0.69609375 0.0328125 0.196875
4 0.771875 0.68828125 0.0296875 0.1921875
8 0.34375 0.50234375 0.059375 0.25234375
16 0.5125 0.75859375 0.04453125 0.2109375
8 0.49921875 0.50078125 0.040625 0.20703125
0 0.74921875 0.47109375 0.03203125 0.1796875
17 0.58515625 0.2265625 0.0484375 0.17109375
0 0.78359375 0.45859375 0.034375 0.190625
3 0.634375 0.72109375 0.03359375 0.21328125
16 0.55625 0.740625 0.0390625 0.21953125
4 0.70390625 0.70390625 0.0359375 0.2015625
18 0.384375 0.20703125 0.06015625 0.20859375
16 0.1546875 0.846875 0.06875 0.278125
17 0.48671875 0.21640625 0.0484375 0.190625
16 0.21875 0.828125 0.05703125 0.26484375
17 0.6328125 0.228125 0.0421875 0.165625
0 0.715625 0.47421875 0.03359375 0.184375
17 0.4390625 0.2109375 0.04453125 0.19765625
16 0.6859375 0.92421875 0.03125 0.1515625
16 0.71953125 0.90625 0.0296875 0.1390625
5 0.828125 0.671875 0.02265625 0.18046875
16 0.36953125 0.78125 0.03046875 0.2265625
16 0.47109375 0.771875 0.03671875 0.2140625
5 0.86015625 0.6640625 0.03828125 0.184375