18 0.246875 0.66328125 0.08125 0.1359375
10 0.134375 0.4921875 0.10546875 0.17421875
8 0.47109375 0.2515625 0.06328125 0.1578125
10 0.40703125 0.25234375 0.059375 0.16328125
17 0.40546875 0.621875 0.0671875 0.13046875
0 0.74453125 0.3921875 0.04296875 0.1171875
10 0.26875 0.2578125 0.07265625 0.17890625
10 0.34140625 0.25546875 0.065625 0.16953125
17 0.47265625 0.60625 0.0625 0.11953125
18 0.33046875 0.64296875 0.07421875 0.13828125
0 0.64296875 0.4078125 0.05078125 0.125
11 0.2390625 0.05703125 0.125 0.1140625
10 0.18828125 0.2609375 0.08125 0.18984375
8 0.2421875 0.4734375 0.096875 0.16640625
2 0.8625 0.371875 0.03359375 0.10078125
8 0.59296875 0.41484375 0.04375 0.13046875
8 0.53203125 0.24921875 0.0546875 0.15
10 0.08984375 0.2625 0.1078125 0.20234375
17 0.628125 0.55625 0.03828125 0.11015625
2 0.71796875 0.24140625 0.0390625 0.13046875
8 0.54140625 0.425 0.0546875 0.1390625
12 0.3703125 0.06015625 0.09375 0.11875
8 0.58359375 0.246875 0.04375 0.1453125
17 0.5875 0.571875 0.03828125 0.1078125
0 0.69609375 0.4 0.05 0.125
8 0.48515625 0.434375 0.05078125 0.1421875
1 0.78671875 0.3859375 0.03828125 0.11015625
17 0.66875 0.5484375 0.03828125 0.1015625
10 0.41875 0.47578125 0.06484375 0.09375
8 0.3375 0.4640625 0.0796875 0.1453125
0 0.675 0.24296875 0.04296875 0.134375
1 0.82578125 0.37890625 0.0359375 0.10703125
11 0.11640625 0.053125 0.1078125 0.10625
17 0.53671875 0.5921875 0.0578125 0.10703125
0 0.63046875 0.24609375 0.04375 0.13984375
2 0.8953125 0.3671875 0.028125 0.09921875
16 0.32734375 0.96015625 0.0484375 0.07890625
17 0.7390625 0.521875 0.03203125 0.08671875
17 0.8046875 0.5109375 0.04609375 0.08515625
24 0.26484375 0.83515625 0.059375 0.12421875
24 0.54296875 0.728125 0.05 0.11015625
4 0.7234375 0.78671875 0.03046875 0.109375
24 0.328125 0.81015625 0.05546875 0.1203125
12 0.465625 0.06171875 0.09375 0.1234375
11 0.03203125 0.0515625 0.06328125 0.10234375
17 0.76328125 0.51640625 0.01953125 0.08125
16 0.43671875 0.8984375 0.04609375 0.0953125