3 0.25234375 0.79296875 0.0484375 0.21328125
5 0.38984375 0.75 0.040625 0.20625
3 0.19765625 0.8125 0.0578125 0.21875
17 0.55546875 0.47578125 0.04453125 0.1515625
10 0.2171875 0.25078125 0.07265625 0.30078125
2 0.6359375 0.23828125 0.0390625 0.2140625
5 0.43125 0.7359375 0.0390625 0.19765625
18 0.165625 0.55859375 0.08125 0.18515625
1 0.825 0.2140625 0.03828125 0.20703125
11 0.60390625 0.4640625 0.04765625 0.153125
2 0.675 0.2375 0.03671875 0.20859375
8 0.35859375 0.24375 0.0640625 0.27578125
12 0.70078125 0.44921875 0.0375 0.1484375
8 0.28984375 0.2453125 0.06796875 0.2890625
10 0.4671875 0.25078125 0.04375 0.2375
10 0.1375 0.25390625 0.08046875 0.309375
2 0.71171875 0.23359375 0.03359375 0.20234375
17 0.50390625 0.4875 0.05234375 0.15546875
0 0.74921875 0.221875 0.03828125 0.21171875
10 0.41875 0.253125 0.0484375 0.24296875
5 0.47109375 0.721875 0.0390625 0.19296875
16 0.5296875 0.703125 0.0421875 0.18515625
16 0.56875 0.6890625 0.03359375 0.184375
4 0.30078125 0.78046875 0.046875 0.21328125
8 0.55703125 0.246875 0.0390625 0.22578125
4 0.346875 0.76484375 0.0421875 0.209375
17 0.44765625 0.5015625 0.05390625 0.15703125
8 0.5140625 0.25078125 0.0453125 0.23125
0 0.78671875 0.21640625 0.0359375 0.209375
0 0.59609375 0.24296875 0.03671875 0.21953125
6 0.7421875 0.440625 0.04140625 0.14453125
12 0.6546875 0.45625 0.05 0.153125
6 0.78203125 0.43515625 0.0359375 0.14140625
16 0.72578125 0.6359375 0.04140625 0.16796875
16 0.603125 0.6796875 0.03203125 0.18046875
18 0.24765625 0.57109375 0.06953125 0.12578125
16 0.7609375 0.62734375 0.03046875 0.16328125
2 0.86484375 0.21328125 0.04140625 0.2015625