18 0.56015625 0.69140625 0.05 0.18046875
17 0.675 0.71953125 0.05703125 0.1734375
17 0.61640625 0.71171875 0.05546875 0.16640625
17 0.40859375 0.66171875 0.0453125 0.17265625
1 0.653125 0.3859375 0.0625 0.26484375
17 0.3625 0.65078125 0.0421875 0.1703125
1 0.71953125 0.3921875 0.0671875 0.27421875
2 0.79375 0.3984375 0.07734375 0.2765625
8 0.07890625 0.3328125 0.0484375 0.21328125
0 0.4703125 0.3703125 0.0546875 0.246875
10 0.253125 0.36015625 0.03671875 0.20859375
0 0.590625 0.37890625 0.0578125 0.25546875
18 0.4578125 0.67109375 0.0484375 0.17578125
8 0.37421875 0.375 0.03984375 0.2109375
8 0.41875 0.3765625 0.0453125 0.21796875
10 0.29609375 0.365625 0.04453125 0.20703125
17 0.3171875 0.6421875 0.0453125 0.16796875
8 0.12734375 0.33515625 0.04453125 0.2140625
10 0.16875 0.33984375 0.03359375 0.21875
0 0.5296875 0.37421875 0.059375 0.253125
8 0.33671875 0.3703125 0.03125 0.209375
17 0.1171875 0.59296875 0.0484375 0.17578125
2 0.87890625 0.40390625 0.08671875 0.284375
17 0.2171875 0.60546875 0.0484375 0.1953125
17 0.7390625 0.73828125 0.0625 0.1734375
17 0.26796875 0.61484375 0.0484375 0.2015625
18 0.50859375 0.6796875 0.04765625 0.1796875
10 0.209375 0.346875 0.0453125 0.22109375
17 0.16640625 0.6 0.046875 0.178125
11 0.0078125 0.0390625 0.015625 0.078125
18 0.93984375 0.965625 0.0703125 0.06796875
18 0.871875 0.95703125 0.07109375 0.0859375