17 0.4796875 0.76640625 0.03828125 0.11796875
8 0.52890625 0.19296875 0.03359375 0.17578125
8 0.55234375 0.403125 0.0359375 0.16171875
10 0.18984375 0.18828125 0.0484375 0.221875
10 0.23984375 0.18984375 0.046875 0.21328125
10 0.34921875 0.43203125 0.0453125 0.1875
10 0.190625 0.45234375 0.0546875 0.2046875
17 0.234375 0.8625 0.05703125 0.146875
10 0.375 0.18984375 0.0390625 0.19921875
8 0.6765625 0.19375 0.02421875 0.15703125
10 0.3 0.4390625 0.04609375 0.1921875
18 0.58515625 0.72421875 0.03125 0.10390625
10 0.1375 0.18671875 0.053125 0.22890625
10 0.2875 0.18984375 0.0421875 0.20703125
10 0.08046875 0.1875 0.05625 0.23046875
10 0.24765625 0.44609375 0.053125 0.19921875
17 0.2921875 0.84375 0.053125 0.1421875
10 0.43984375 0.41796875 0.03828125 0.17578125
19 0.39375 0.8046875 0.0453125 0.13515625
10 0.1296875 0.4609375 0.06171875 0.21328125
8 0.65078125 0.19375 0.02578125 0.16171875
10 0.49296875 0.19140625 0.0359375 0.184375
10 0.33203125 0.18984375 0.0421875 0.2015625
18 0.34453125 0.821875 0.04765625 0.134375
18 0.64921875 0.7 0.02890625 0.10078125
13 0.23203125 0.66484375 0.059375 0.16875
10 0.45390625 0.190625 0.03671875 0.18828125
8 0.59296875 0.19296875 0.02890625 0.16875
8 0.6515625 0.38828125 0.028125 0.1515625
10 0.39609375 0.42265625 0.04140625 0.1796875
0 0.72421875 0.19375 0.02421875 0.15078125
13 0.1609375 0.684375 0.07265625 0.184375
8 0.68125 0.3828125 0.0296875 0.1484375
8 0.62265625 0.19375 0.028125 0.1640625
10 0.415625 0.18984375 0.0375 0.19296875
8 0.70078125 0.19375 0.02109375 0.153125
8 0.56171875 0.19375 0.03046875 0.17265625
8 0.58828125 0.396875 0.0328125 0.15703125
0 0.77578125 0.19375 0.0234375 0.14375
2 0.8234375 0.19453125 0.02109375 0.13984375
8 0.621875 0.39375 0.03046875 0.15546875
0 0.8 0.1953125 0.025 0.14375
0 0.75 0.19375 0.02578125 0.146875
10 0.515625 0.41171875 0.03359375 0.15703125
17 0.171875 0.8875 0.06171875 0.15078125
10 0.47890625 0.41640625 0.0359375 0.1640625
1 0.79296875 0.3671875 0.021875 0.13515625
0 0.7140625 0.37734375 0.03125 0.146875
13 0.33671875 0.63828125 0.0546875 0.159375
2 0.84453125 0.19375 0.0203125 0.1375
18 0.61796875 0.71484375 0.03046875 0.10859375
19 0.43828125 0.78203125 0.03984375 0.11796875
0 0.7671875 0.37109375 0.02890625 0.14140625
2 0.86328125 0.19296875 0.01875 0.13671875
2 0.88203125 0.19296875 0.01875 0.1328125
2 0.9015625 0.19296875 0.02109375 0.13046875
1 0.8390625 0.359375 0.02578125 0.1328125
1 0.81484375 0.36328125 0.021875 0.1328125
2 0.86328125 0.35546875 0.02265625 0.12734375
13 0.4328125 0.6171875 0.04140625 0.15390625
0 0.74140625 0.37421875 0.02265625 0.1421875
18 0.80546875 0.6421875 0.021875 0.08359375
2 0.88359375 0.35390625 0.0203125 0.125
18 0.83046875 0.63515625 0.02421875 0.0796875
13 0.38828125 0.628125 0.0421875 0.1609375
3 0.52265625 0.59453125 0.03359375 0.14609375
4 0.66328125 0.55859375 0.02578125 0.1328125
17 0.8609375 0.6234375 0.0171875 0.06796875
13 0.28359375 0.65234375 0.040625 0.1609375
17 0.67890625 0.690625 0.02578125 0.09375
17 0.70390625 0.68046875 0.021875 0.0890625