5 0.33359375 0.68359375 0.04375 0.1921875
17 0.22734375 0.5015625 0.053125 0.14921875
17 0.11875 0.51875 0.0609375 0.159375
17 0.596875 0.4390625 0.02578125 0.12265625
17 0.24375 0.2375 0.06171875 0.2375
17 0.40390625 0.475 0.04375 0.128125
17 0.6234375 0.434375 0.02421875 0.11953125
17 0.44453125 0.4703125 0.034375 0.12265625
8 0.821875 0.40078125 0.0140625 0.1015625
17 0.16953125 0.23671875 0.08125 0.246875
5 0.3734375 0.671875 0.034375 0.1875
17 0.1734375 0.50390625 0.046875 0.1515625
17 0.64921875 0.43046875 0.025 0.115625
8 0.840625 0.26875 0.01796875 0.11953125
18 0.54140625 0.44765625 0.028125 0.13046875
17 0.27890625 0.49609375 0.04609375 0.1421875
17 0.08203125 0.23125 0.0859375 0.26640625
10 0.73359375 0.2640625 0.02109375 0.14140625
18 0.47890625 0.45703125 0.0328125 0.13515625
10 0.76171875 0.409375 0.0140625 0.1125
18 0.51171875 0.45234375 0.0296875 0.134375
1 0.746875 0.559375 0.0203125 0.12265625
10 0.75546875 0.26484375 0.0203125 0.13671875
10 0.68984375 0.26328125 0.021875 0.14609375
0 0.72734375 0.5703125 0.01640625 0.1171875
10 0.74609375 0.4109375 0.015625 0.11328125
17 0.36015625 0.478125 0.0296875 0.134375
10 0.7125 0.2640625 0.02109375 0.14375
17 0.325 0.48828125 0.04140625 0.13984375
17 0.56953125 0.44296875 0.02578125 0.12578125
2 0.90703125 0.5078125 0.01640625 0.096875
1 0.784375 0.55234375 0.01640625 0.10859375
8 0.85859375 0.26875 0.015625 0.11484375
1 0.76640625 0.553125 0.0171875 0.1203125
8 0.88828125 0.2703125 0.0140625 0.11015625
10 0.7109375 0.4171875 0.01640625 0.11796875
2 0.89140625 0.5125 0.01328125 0.10078125
8 0.821875 0.2671875 0.0171875 0.12265625
0 0.81796875 0.54609375 0.01484375 0.09296875
10 0.72890625 0.4140625 0.01640625 0.1171875
10 0.7921875 0.40546875 0.01484375 0.1078125
17 0.6625 0.26171875 0.03046875 0.1515625
8 0.8609375 0.39609375 0.0109375 0.09375
18 0.309375 0.24140625 0.0671875 0.2265625
4 0.4078125 0.66015625 0.03125 0.18515625
4 0.440625 0.65 0.03203125 0.18046875
8 0.8046875 0.26640625 0.01640625 0.12578125
8 0.83515625 0.39921875 0.0125 0.09921875
10 0.7765625 0.40703125 0.01484375 0.1109375
0 0.83359375 0.534375 0.0140625 0.1015625
8 0.903125 0.2703125 0.01484375 0.1078125
0 0.709375 0.5765625 0.01796875 0.1171875
10 0.80703125 0.403125 0.0140625 0.10546875
0 0.8015625 0.55 0.01640625 0.10078125
10 0.6921875 0.4203125 0.01796875 0.121875
8 0.7875 0.2671875 0.01640625 0.128125
8 0.8484375 0.39765625 0.01328125 0.096875
0 0.84921875 0.52578125 0.01484375 0.11015625
8 0.87421875 0.26875 0.01484375 0.1109375
8 0.884375 0.3921875 0.0109375 0.090625
4 0.47109375 0.63984375 0.0265625 0.175
2 0.87734375 0.51640625 0.0125 0.103125
8 0.87265625 0.39375 0.0109375 0.09296875
18 0.59609375 0.26171875 0.0359375 0.159375
8 0.91796875 0.26953125 0.0140625 0.10546875
2 0.690625 0.58359375 0.0171875 0.11953125
0 0.8640625 0.5203125 0.0140625 0.10625
4 0.5 0.6328125 0.02890625 0.16875
4 0.5265625 0.6234375 0.02421875 0.16171875
18 0.37421875 0.24453125 0.0578125 0.21640625
18 0.43125 0.246875 0.05390625 0.20703125
8 0.896875 0.390625 0.0109375 0.08828125
8 0.9078125 0.3890625 0.00859375 0.08671875
2 0.67734375 0.58671875 0.01640625 0.121875
18 0.63046875 0.2625 0.03046875 0.15546875
8 0.91796875 0.3890625 0.009375 0.08359375
8 0.7734375 0.26640625 0.0140625 0.13203125
22 0.24375 0.721875 0.059375 0.18671875
22 0.28984375 0.6953125 0.0390625 0.1734375
3 0.553125 0.61484375 0.02578125 0.1609375