8 0.0671875 0.35859375 0.0546875 0.24296875
8 0.17890625 0.3609375 0.05390625 0.23828125
16 0.45625 0.65546875 0.0515625 0.26640625
10 0.5109375 0.36953125 0.05390625 0.23515625
8 0.6453125 0.35859375 0.0640625 0.2640625
8 0.29140625 0.36328125 0.053125 0.2375
10 0.8515625 0.3625 0.0640625 0.2640625
8 0.2359375 0.36171875 0.05390625 0.23828125
0 0.2640625 0.065625 0.05625 0.13125
8 0.5765625 0.3578125 0.0671875 0.26171875
10 0.45546875 0.36875 0.0515625 0.2359375
8 0.12265625 0.36015625 0.053125 0.23984375
10 0.78203125 0.36015625 0.06796875 0.26171875
0 0.1453125 0.06328125 0.059375 0.1265625
8 0.7109375 0.35859375 0.06328125 0.26171875
2 0.0859375 0.06328125 0.05703125 0.12578125
16 0.403125 0.65546875 0.05234375 0.26640625
0 0.32578125 0.0671875 0.06171875 0.134375
2 0.02734375 0.0625 0.0546875 0.125
10 0.4015625 0.36640625 0.05234375 0.2375
10 0.34609375 0.36484375 0.0515625 0.2375
16 0.125 0.65078125 0.05 0.2671875
16 0.509375 0.65625 0.0515625 0.26484375
0 0.20546875 0.06484375 0.05546875 0.1296875
16 0.56171875 0.65703125 0.0515625 0.2625
10 0.91953125 0.3625 0.065625 0.26171875
16 0.6671875 0.6625 0.0546875 0.25703125
16 0.6140625 0.659375 0.0515625 0.26171875
16 0.9796875 0.6640625 0.040625 0.24921875
16 0.23828125 0.6546875 0.05703125 0.26484375
3 0.878125 0.66640625 0.05 0.25078125
3 0.93046875 0.66640625 0.0546875 0.25234375
16 0.071875 0.65 0.05546875 0.26484375
16 0.021875 0.65234375 0.04375 0.259375
13 0.51875 0.06953125 0.05390625 0.1390625
16 0.17890625 0.65234375 0.05703125 0.26875
13 0.57421875 0.0703125 0.0546875 0.140625
13 0.64140625 0.0703125 0.0703125 0.13984375
16 0.9796875 0.3625 0.0390625 0.25546875
13 0.715625 0.07265625 0.07265625 0.14453125