11 0.3625 0.4828125 0.0421875 0.2
5 0.74296875 0.784375 0.04453125 0.1828125
5 0.61640625 0.7640625 0.0390625 0.18515625
8 0.4 0.2125 0.0421875 0.2015625
11 0.20625 0.47109375 0.0515625 0.190625
5 0.5375 0.75234375 0.03671875 0.18046875
4 0.49921875 0.746875 0.0359375 0.1796875
5 0.65703125 0.7671875 0.03828125 0.18515625
1 0.84453125 0.21953125 0.053125 0.22890625
8 0.5375 0.21640625 0.0484375 0.21328125
8 0.2265625 0.196875 0.046875 0.21875
8 0.44375 0.21328125 0.040625 0.20703125
10 0.35625 0.21328125 0.04140625 0.19921875
8 0.17890625 0.1953125 0.04453125 0.21328125
8 0.63984375 0.21796875 0.046875 0.21640625
5 0.5296875 0.4984375 0.03984375 0.21328125
2 0.7390625 0.21796875 0.04921875 0.2265625
5 0.4890625 0.4984375 0.0390625 0.20703125
8 0.5890625 0.2171875 0.04921875 0.215625
8 0.4890625 0.215625 0.04453125 0.2109375
5 0.571875 0.50234375 0.04140625 0.21640625
0 0.790625 0.21953125 0.0515625 0.2234375
10 0.3140625 0.21171875 0.03828125 0.19921875
5 0.6984375 0.7765625 0.04140625 0.18515625
5 0.57578125 0.759375 0.03828125 0.184375
5 0.6625 0.509375 0.04609375 0.221875
5 0.61640625 0.50546875 0.04375 0.22109375
4 0.4625 0.7390625 0.034375 0.17578125
4 0.32265625 0.71875 0.0328125 0.1640625
8 0.6890625 0.21796875 0.04609375 0.21875
4 0.4265625 0.73359375 0.0328125 0.17578125
3 0.40546875 0.49375 0.03984375 0.190625
11 0.315625 0.478125 0.04765625 0.196875
11 0.2609375 0.47578125 0.053125 0.19296875
10 0.271875 0.21015625 0.040625 0.19765625
4 0.35546875 0.721875 0.03046875 0.17109375
4 0.38984375 0.73125 0.0359375 0.17109375
10 0.13359375 0.19375 0.04453125 0.21171875
3 0.446875 0.5 0.03984375 0.18828125
0 0.90546875 0.20625 0.0671875 0.25546875
3 0.1390625 0.69140625 0.03046875 0.1609375
10 0.0890625 0.19375 0.0421875 0.20859375
3 0.0484375 0.6765625 0.028125 0.15625
3 0.0765625 0.68203125 0.02890625 0.15859375
3 0.10703125 0.6875 0.03125 0.16171875
3 0.2546875 0.70546875 0.03125 0.1609375
3 0.0171875 0.6734375 0.03359375 0.15390625
3 0.16953125 0.6953125 0.03046875 0.16171875