3 0.3234375 0.69296875 0.0359375 0.1703125
8 0.428125 0.17109375 0.04765625 0.20625
3 0.084375 0.74921875 0.04375 0.18046875
11 0.41875 0.43671875 0.0515625 0.18828125
11 0.56171875 0.41953125 0.040625 0.1734375
10 0.3296875 0.17265625 0.04921875 0.21171875
3 0.28671875 0.703125 0.0375 0.17109375
11 0.51875 0.425 0.040625 0.175
3 0.12734375 0.73984375 0.04453125 0.1796875
8 0.47578125 0.17109375 0.0421875 0.20234375
8 0.7171875 0.17578125 0.03046875 0.1609375
5 0.7609375 0.59296875 0.02421875 0.14453125
3 0.1703125 0.72890625 0.04140625 0.17734375
11 0.47109375 0.434375 0.04765625 0.175
2 0.8375 0.1703125 0.02578125 0.153125
3 0.21015625 0.71953125 0.03828125 0.17734375
10 0.37890625 0.17109375 0.0453125 0.209375
3 0.36015625 0.684375 0.034375 0.16640625
8 0.61796875 0.17734375 0.03203125 0.16796875
5 0.71171875 0.6078125 0.0265625 0.15078125
5 0.72265625 0.396875 0.0296875 0.17109375
4 0.5078125 0.6515625 0.02890625 0.153125
10 0.58515625 0.17890625 0.03125 0.17109375
8 0.6515625 0.17578125 0.0328125 0.1640625
4 0.59765625 0.6296875 0.025 0.15390625
10 0.51640625 0.18203125 0.03359375 0.178125
3 0.2484375 0.70859375 0.0375 0.178125
10 0.5515625 0.1796875 0.03203125 0.17578125
8 0.68515625 0.17578125 0.03125 0.16328125
5 0.78671875 0.58828125 0.0265625 0.1421875
8 0.74921875 0.175 0.03125 0.15703125
4 0.62578125 0.62421875 0.02890625 0.153125
5 0.73671875 0.59921875 0.0234375 0.146875
5 0.7515625 0.39375 0.028125 0.16796875
5 0.684375 0.61484375 0.0265625 0.14921875
1 0.89140625 0.16875 0.02421875 0.14921875
8 0.81015625 0.17265625 0.0265625 0.15390625
5 0.69296875 0.403125 0.028125 0.16875
3 0.396875 0.67734375 0.03671875 0.1640625
8 0.78125 0.1734375 0.02890625 0.15625
0 0.86484375 0.1703125 0.02578125 0.14921875
5 0.81328125 0.5828125 0.025 0.1390625
5 0.6640625 0.41015625 0.02890625 0.1640625
5 0.78046875 0.38984375 0.02890625 0.16640625
3 0.60078125 0.41875 0.0328125 0.16640625
4 0.56875 0.63828125 0.0296875 0.1515625
5 0.040625 0.76015625 0.04765625 0.184375
5 0.009375 0.76953125 0.01796875 0.1921875
4 0.53828125 0.6421875 0.02890625 0.15625
3 0.6328125 0.415625 0.0296875 0.1640625
4 0.65546875 0.61953125 0.028125 0.1484375
0 0.91953125 0.1640625 0.0296875 0.15546875