10 0.46640625 0.2421875 0.04609375 0.190625
8 0.57109375 0.2265625 0.05 0.20703125
10 0.41875 0.246875 0.04453125 0.18828125
10 0.2859375 0.70390625 0.04140625 0.2015625
18 0.809375 0.76328125 0.0796875 0.2453125
10 0.33125 0.7078125 0.04375 0.2046875
17 0.43828125 0.721875 0.059375 0.2109375
17 0.57578125 0.7359375 0.06875 0.2234375
18 0.725 0.75546875 0.075 0.2359375
10 0.3734375 0.2515625 0.040625 0.18203125
8 0.19765625 0.69609375 0.04140625 0.1921875
10 0.24140625 0.7 0.0421875 0.19765625
8 0.68515625 0.21328125 0.05703125 0.21796875
17 0.5046875 0.7296875 0.065625 0.21640625
8 0.6265625 0.21953125 0.05390625 0.2140625
10 0.5171875 0.2359375 0.05 0.196875
18 0.64921875 0.74453125 0.0703125 0.23984375
10 0.3265625 0.25625 0.04609375 0.1796875
8 0.1546875 0.69296875 0.03828125 0.18671875
10 0.38046875 0.71328125 0.04921875 0.209375
8 0.74765625 0.20390625 0.0609375 0.2234375
8 0.81484375 0.19609375 0.065625 0.2328125