13 0.85390625 0.78515625 0.08359375 0.16328125
8 0.40703125 0.3765625 0.07421875 0.17734375
4 0.76796875 0.5875 0.05234375 0.17734375
8 0.35625 0.128125 0.06328125 0.165625
8 0.13984375 0.1078125 0.071875 0.171875
8 0.54765625 0.14765625 0.0578125 0.15625
8 0.15625 0.36875 0.084375 0.18984375
8 0.4859375 0.14140625 0.059375 0.15859375
17 0.16640625 0.8796875 0.07890625 0.15
8 0.32734375 0.37421875 0.07734375 0.18203125
8 0.2875 0.121875 0.0671875 0.16640625
17 0.53359375 0.8484375 0.06328125 0.12265625
10 0.55859375 0.38046875 0.06796875 0.17109375
17 0.3203125 0.86328125 0.0703125 0.1453125
8 0.24375 0.371875 0.0796875 0.1859375
3 0.65546875 0.5921875 0.0578125 0.1828125
17 0.6640625 0.83359375 0.0625 0.1171875
8 0.42265625 0.13515625 0.0625 0.1625
11 0.8671875 0.38125 0.08828125 0.17421875
17 0.39296875 0.85625 0.06796875 0.14140625
12 0.775 0.38125 0.08359375 0.171875
10 0.6078125 0.153125 0.0546875 0.153125
10 0.7734375 0.1671875 0.05078125 0.14609375
0 0.53828125 0.62265625 0.0578125 0.13984375
17 0.46484375 0.84921875 0.0671875 0.1390625
17 0.2453125 0.8703125 0.07265625 0.1484375
0 0.24921875 0.6140625 0.08125 0.1859375
0 0.596875 0.6125 0.05546875 0.15078125
4 0.82265625 0.58515625 0.053125 0.175
10 0.82578125 0.171875 0.04765625 0.1421875
4 0.878125 0.58359375 0.05546875 0.171875
13 0.76484375 0.79140625 0.0859375 0.175
8 0.21484375 0.115625 0.06953125 0.1703125
0 0.33359375 0.6125 0.0765625 0.1796875
0 0.409375 0.6140625 0.0703125 0.1671875
10 0.6953125 0.39296875 0.065625 0.146875
10 0.628125 0.38359375 0.06171875 0.16484375
0 0.47734375 0.62578125 0.059375 0.13828125
8 0.48359375 0.378125 0.071875 0.1734375
10 0.8765625 0.1765625 0.05078125 0.13984375
17 0.59921875 0.84140625 0.06015625 0.11953125
10 0.6640625 0.1578125 0.053125 0.15
10 0.71953125 0.16328125 0.05078125 0.14765625
0 0.16171875 0.61640625 0.0859375 0.18828125
3 0.71328125 0.590625 0.053125 0.178125
17 0.33515625 0.98359375 0.07890625 0.0328125
17 0.25078125 0.9875 0.0765625 0.025