10 0.80546875 0.328125 0.08671875 0.3515625
10 0.71328125 0.33046875 0.08671875 0.34609375
17 0.046875 0.3484375 0.09296875 0.29609375
17 0.21640625 0.7890625 0.10234375 0.19453125
8 0.20390625 0.35859375 0.065625 0.29765625
8 0.28046875 0.3421875 0.08046875 0.3296875
8 0.44375 0.34140625 0.078125 0.33125
8 0.5296875 0.33515625 0.08671875 0.34296875
0 0.78984375 0.725 0.071875 0.30078125
0 0.86640625 0.72421875 0.0765625 0.30078125
8 0.3625 0.33984375 0.0765625 0.3296875
0 0.69375 0.03671875 0.078125 0.0734375
10 0.896875 0.325 0.08671875 0.3515625
8 0.13203125 0.35859375 0.07109375 0.2984375
18 0.12265625 0.784375 0.07890625 0.18515625
17 0.321875 0.78046875 0.1 0.196875
8 0.621875 0.33515625 0.0875 0.34921875
2 0.91484375 0.03671875 0.07734375 0.07265625
18 0.0390625 0.73984375 0.078125 0.29375
0 0.83828125 0.03671875 0.06796875 0.07265625
0 0.715625 0.778125 0.0703125 0.2015625
17 0.33984375 0.03515625 0.08359375 0.0703125
17 0.2546875 0.03515625 0.07890625 0.0703125
0 0.76875 0.03671875 0.065625 0.07265625
0 0.63984375 0.78515625 0.075 0.184375
17 0.175 0.03515625 0.071875 0.0703125
18 0.0390625 0.03046875 0.075 0.0609375
17 0.11015625 0.034375 0.0546875 0.06875
18 0.046875 0.97890625 0.09140625 0.04140625