17 0.81796875 0.42890625 0.04453125 0.14453125
18 0.53984375 0.390625 0.03359375 0.1203125
17 0.73203125 0.41328125 0.03828125 0.125
18 0.25078125 0.33203125 0.03203125 0.1296875
0 0.1484375 0.1328125 0.0265625 0.14375
18 0.5765625 0.39609375 0.034375 0.12421875
18 0.28515625 0.33125 0.03203125 0.1375
8 0.5640625 0.1484375 0.040625 0.184375
8 0.85703125 0.16640625 0.0421875 0.1875
8 0.6078125 0.1484375 0.0421875 0.1875
10 0.271875 0.1328125 0.03203125 0.1609375
8 0.65234375 0.15078125 0.04140625 0.190625
18 0.61640625 0.3984375 0.040625 0.12578125
17 0.659375 0.39140625 0.03359375 0.1203125
8 0.90390625 0.16875 0.0484375 0.19453125
17 0.7734375 0.42421875 0.04140625 0.1375
8 0.8140625 0.165625 0.04140625 0.18515625
8 0.34140625 0.13671875 0.0328125 0.16875
8 0.37734375 0.1390625 0.03671875 0.17265625
10 0.521875 0.14609375 0.0390625 0.1796875
17 0.8640625 0.4296875 0.04375 0.15078125
8 0.30625 0.134375 0.0328125 0.165625
10 0.73203125 0.16328125 0.03828125 0.178125
17 0.321875 0.33359375 0.0375 0.14609375
10 0.771875 0.1640625 0.0390625 0.18046875
10 0.69296875 0.1609375 0.03671875 0.175
10 0.48203125 0.14609375 0.0359375 0.17578125
10 0.44609375 0.14453125 0.0328125 0.17265625
10 0.4125 0.14375 0.03046875 0.16875
17 0.69453125 0.409375 0.03359375 0.10546875
10 0.2078125 0.13046875 0.03046875 0.15390625
17 0.04453125 0.2953125 0.02265625 0.10546875
0 0.12421875 0.1328125 0.02109375 0.1375
10 0.23984375 0.13125 0.0296875 0.15859375
2 0.06484375 0.13515625 0.0203125 0.121875
0 0.084375 0.13671875 0.01796875 0.12265625
17 0.01953125 0.2921875 0.025 0.10390625
10 0.17734375 0.13203125 0.02890625 0.14921875
0 0.103125 0.13671875 0.01875 0.12578125
17 0.12734375 0.3 0.02109375 0.11484375
17 0.35703125 0.340625 0.0296875 0.1484375
17 0.0828125 0.3 0.0265625 0.11328125
17 0.06328125 0.2984375 0.01484375 0.1109375
17 0.10625 0.2984375 0.01796875 0.11328125
15 0.62265625 0.58046875 0.0359375 0.15546875
12 0.1703125 0.00859375 0.025 0.0171875
3 0.14375 0.58828125 0.01875 0.096875
3 0.02421875 0.12421875 0.0359375 0.13515625