12 0.459375 0.9484375 0.04921875 0.103125
17 0.503125 0.728125 0.05625 0.2
8 0.128125 0.3953125 0.05546875 0.23828125
8 0.365625 0.37578125 0.06328125 0.2640625
10 0.2390625 0.39296875 0.05234375 0.2359375
6 0.5734375 0.93671875 0.05625 0.12578125
17 0.44453125 0.73046875 0.0546875 0.1953125
3 0.94296875 0.921875 0.0484375 0.15625
18 0.08671875 0.76015625 0.0609375 0.17734375
10 0.49609375 0.37421875 0.0578125 0.2578125
10 0.78671875 0.36015625 0.0671875 0.26484375
10 0.62421875 0.371875 0.0625 0.2578125
17 0.3859375 0.73359375 0.05625 0.196875
10 0.18515625 0.39453125 0.0515625 0.23515625
10 0.559375 0.37265625 0.0609375 0.25703125
18 0.7265625 0.71796875 0.0515625 0.1875
17 0.209375 0.75625 0.0578125 0.175
11 0.26875 0.94765625 0.06953125 0.10390625
8 0.06796875 0.39609375 0.0609375 0.2421875
17 0.26875 0.7515625 0.0546875 0.17265625
4 0.84296875 0.928125 0.0515625 0.14375
10 0.71171875 0.3640625 0.0765625 0.26484375
8 0.29921875 0.37734375 0.0640625 0.26484375
12 0.4015625 0.94609375 0.059375 0.10625
8 0.8578125 0.359375 0.0671875 0.259375
8 0.43203125 0.37578125 0.06328125 0.2640625
17 0.32734375 0.7484375 0.05546875 0.17734375
18 0.1484375 0.75859375 0.05703125 0.175
8 0.9265625 0.35625 0.06796875 0.26015625
18 0.78203125 0.71796875 0.05390625 0.1875
4 0.89296875 0.92578125 0.0484375 0.1484375
18 0.91171875 0.69296875 0.065625 0.221875
11 0.19296875 0.94921875 0.0703125 0.1015625
0 0.984375 0.36953125 0.03125 0.23046875
6 0.515625 0.94375 0.05546875 0.1109375
18 0.97421875 0.68203125 0.0515625 0.22578125
11 0.11796875 0.9515625 0.06953125 0.09609375
12 0.3375 0.94921875 0.0609375 0.1015625
13 0.67421875 0.93359375 0.0390625 0.1328125
3 0.984375 0.9203125 0.03125 0.159375
13 0.72734375 0.93046875 0.0625 0.1390625
13 0.78828125 0.93046875 0.05390625 0.1390625