5 0.35859375 0.725 0.0484375 0.153125
4 0.59296875 0.7015625 0.0453125 0.13984375
8 0.60859375 0.2234375 0.0625 0.11953125
17 0.7375 0.08125 0.06015625 0.125
17 0.8609375 0.0875 0.05703125 0.121875
17 0.675 0.0765625 0.059375 0.1296875
8 0.309375 0.36953125 0.059375 0.12265625
8 0.24453125 0.36953125 0.06328125 0.125
2 0.37109375 0.2203125 0.05078125 0.12265625
3 0.7234375 0.68828125 0.0390625 0.13515625
10 0.79609375 0.22734375 0.0390625 0.109375
8 0.4296875 0.36796875 0.0578125 0.11875
8 0.17421875 0.36953125 0.0671875 0.12734375
8 0.92578125 0.2296875 0.04296875 0.109375
8 0.3703125 0.36875 0.0578125 0.121875
3 0.84296875 0.6734375 0.03828125 0.1296875
17 0.91796875 0.10625 0.05078125 0.08828125
8 0.48984375 0.3671875 0.05703125 0.11796875
8 0.53984375 0.221875 0.06796875 0.12265625
2 0.475 0.22109375 0.05234375 0.121875
8 0.6015625 0.36484375 0.05234375 0.11484375
17 0.3953125 0.071875 0.06171875 0.1125
3 0.803125 0.678125 0.03828125 0.13125
8 0.546875 0.36640625 0.05234375 0.11640625
5 0.3078125 0.73125 0.05 0.15390625
5 0.25546875 0.7359375 0.05234375 0.15546875
8 0.8390625 0.228125 0.0453125 0.109375
10 0.709375 0.22578125 0.04375 0.11171875
4 0.50078125 0.709375 0.04375 0.14375
4 0.546875 0.70546875 0.0453125 0.140625
17 0.6109375 0.071875 0.06328125 0.13203125
4 0.6390625 0.69765625 0.04296875 0.1390625
5 0.40859375 0.71953125 0.0484375 0.14921875
17 0.80078125 0.084375 0.06015625 0.1234375
10 0.6546875 0.3640625 0.05 0.11171875
10 0.70703125 0.3625 0.0484375 0.109375
0 0.1796875 0.2125 0.07421875 0.1328125
1 0.31640625 0.21796875 0.053125 0.1234375
3 0.7640625 0.6828125 0.03828125 0.13515625
2 0.42265625 0.21953125 0.0484375 0.1234375
10 0.90234375 0.359375 0.04609375 0.1046875
10 0.75390625 0.22734375 0.04296875 0.1109375
10 0.6640625 0.225 0.04375 0.11484375
16 0.6328125 0.51953125 0.04296875 0.1390625
16 0.7734375 0.5109375 0.04765625 0.134375
5 0.45625 0.715625 0.04375 0.14765625
13 0.2734375 0.54375 0.065625 0.14609375
13 0.2 0.54921875 0.0765625 0.1515625
10 0.7578125 0.359375 0.04765625 0.103125
1 0.2578125 0.21640625 0.06015625 0.1265625
8 0.88359375 0.228125 0.040625 0.1078125
3 0.91875 0.6671875 0.03828125 0.128125
18 0.32890625 0.06796875 0.0625 0.11484375
10 0.8546875 0.36171875 0.04296875 0.103125
16 0.58828125 0.52265625 0.0453125 0.140625
5 0.20234375 0.7421875 0.05234375 0.153125
3 0.88125 0.66953125 0.03671875 0.1296875
10 0.8078125 0.371875 0.0453125 0.0859375
4 0.68203125 0.69296875 0.0390625 0.13828125
16 0.540625 0.52578125 0.04765625 0.140625
13 0.0328125 0.7546875 0.065625 0.096875
13 0.04921875 0.6265625 0.07734375 0.10234375
16 0.815625 0.5078125 0.0359375 0.1328125
13 0.33828125 0.53828125 0.059375 0.14296875
16 0.4421875 0.53203125 0.0484375 0.13984375
16 0.4921875 0.52890625 0.04765625 0.140625
16 0.909375 0.503125 0.04765625 0.128125
16 0.725 0.5140625 0.0453125 0.13515625
6 0.02109375 0.88359375 0.0421875 0.0953125
16 0.20703125 0.06171875 0.05546875 0.1140625
13 0.10859375 0.74765625 0.07265625 0.0953125