19 0.61171875 0.14375 0.07109375 0.23984375
2 0.14921875 0.43359375 0.04375 0.2
16 0.1078125 0.921875 0.04765625 0.15625
19 0.6859375 0.1421875 0.07109375 0.24453125
8 0.64375 0.70390625 0.053125 0.21796875
17 0.54140625 0.153125 0.06171875 0.21640625
10 0.759375 0.70625 0.053125 0.21796875
16 0.56953125 0.92578125 0.04453125 0.1484375
0 0.2875 0.43671875 0.04453125 0.19921875
16 0.4796875 0.92265625 0.04453125 0.153125
10 0.3890625 0.7125 0.04140625 0.19765625
16 0.434375 0.921875 0.04375 0.15625
8 0.3 0.7109375 0.04375 0.196875
10 0.7015625 0.70390625 0.0546875 0.21875
17 0.8375 0.13359375 0.08125 0.2640625
17 0.41171875 0.15078125 0.0625 0.215625
3 0.8421875 0.928125 0.0484375 0.14375
10 0.81484375 0.70625 0.05234375 0.21953125
16 0.525 0.925 0.04375 0.14921875
8 0.16328125 0.7109375 0.0421875 0.1953125
10 0.434375 0.7109375 0.0421875 0.2
8 0.11875 0.71015625 0.04453125 0.196875
17 0.2828125 0.16640625 0.05390625 0.178125
10 0.48046875 0.7109375 0.04453125 0.2015625
17 0.47734375 0.15234375 0.0625 0.21796875
0 0.240625 0.4359375 0.04453125 0.2
3 0.79609375 0.92890625 0.0421875 0.1421875
10 0.34453125 0.71171875 0.04140625 0.196875
0 0.33515625 0.43671875 0.04765625 0.2
8 0.2546875 0.71015625 0.04375 0.19453125
8 0.20859375 0.7109375 0.04375 0.19453125
17 0.22734375 0.16640625 0.05234375 0.17578125
16 0.3890625 0.92265625 0.04375 0.15390625
8 0.5890625 0.70234375 0.0515625 0.21875
8 0.53359375 0.70234375 0.05390625 0.22109375
17 0.759375 0.13515625 0.06796875 0.25546875
17 0.3453125 0.15078125 0.0640625 0.2140625
3 0.75234375 0.92890625 0.0421875 0.1421875
16 0.1984375 0.921875 0.046875 0.15625
0 0.19453125 0.434375 0.04453125 0.2
13 0.63984375 0.425 0.06015625 0.23515625
2 0.10234375 0.4375 0.046875 0.1921875
16 0.15390625 0.921875 0.0421875 0.15625
13 0.5796875 0.42265625 0.05625 0.2359375
16 0.61640625 0.92890625 0.046875 0.1421875
16 0.24765625 0.9234375 0.046875 0.153125
16 0.0140625 0.925 0.028125 0.14921875
13 0.52734375 0.42265625 0.0421875 0.23359375
13 0.4421875 0.421875 0.040625 0.23125
13 0.70078125 0.425 0.0578125 0.2359375
16 0.05546875 0.921875 0.05390625 0.15625