2 0.3390625 0.62421875 0.0546875 0.23046875
2 0.39453125 0.625 0.0515625 0.221875
8 0.7078125 0.31875 0.0453125 0.2140625
24 0.7203125 0.88515625 0.0484375 0.21171875
24 0.7734375 0.87734375 0.0515625 0.20859375
17 0.72734375 0.621875 0.0453125 0.16875
24 0.56015625 0.9125 0.05234375 0.175
10 0.240625 0.28515625 0.065625 0.2640625
8 0.6609375 0.31796875 0.0453125 0.21640625
10 0.7546875 0.32109375 0.04140625 0.2109375
10 0.16328125 0.2765625 0.0765625 0.28046875
10 0.309375 0.290625 0.0625 0.2578125
1 0.44609375 0.63515625 0.046875 0.1875
8 0.559375 0.30234375 0.05625 0.24453125
17 0.62734375 0.62109375 0.053125 0.18515625
17 0.8296875 0.59765625 0.05625 0.2046875
8 0.49921875 0.3 0.05546875 0.246875
10 0.37421875 0.2921875 0.06015625 0.2546875
17 0.6796875 0.61953125 0.046875 0.1828125
24 0.615625 0.909375 0.05 0.18046875
10 0.79609375 0.32265625 0.03828125 0.20859375
24 0.66953125 0.90859375 0.0484375 0.1828125
8 0.61328125 0.315625 0.046875 0.21953125
8 0.4390625 0.29453125 0.06171875 0.253125
24 0.32265625 0.915625 0.0609375 0.16875
0 0.49765625 0.63046875 0.05 0.1921875
17 0.98515625 0.5890625 0.0296875 0.19921875
10 0.8796875 0.32734375 0.0421875 0.2046875
24 0.50390625 0.915625 0.0515625 0.16875
24 0.87421875 0.86875 0.046875 0.18828125
10 0.83671875 0.32578125 0.0390625 0.20390625
24 0.825 0.871875 0.0453125 0.2
24 0.44609375 0.915625 0.0546875 0.16875
0 0.54921875 0.61328125 0.04921875 0.21875
24 0.3875 0.91484375 0.05625 0.1703125
17 0.8875 0.59453125 0.05234375 0.20859375
0 0.17265625 0.6578125 0.0703125 0.18984375
10 0.075 0.275 0.090625 0.29375
13 0.4140625 0.04375 0.109375 0.0875
13 0.2953125 0.03671875 0.121875 0.0734375