8 0.85078125 0.56328125 0.04609375 0.2234375
8 0.80234375 0.56640625 0.04765625 0.2234375
2 0.23125 0.58671875 0.0515625 0.23125
10 0.4015625 0.23515625 0.0625 0.25703125
2 0.1203125 0.5859375 0.05390625 0.240625
8 0.896875 0.22109375 0.06875 0.25546875
8 0.70078125 0.57734375 0.04765625 0.20859375
8 0.90078125 0.56171875 0.0484375 0.22578125
8 0.0671875 0.23984375 0.0671875 0.26015625
10 0.44296875 0.57734375 0.04921875 0.23046875
10 0.3359375 0.23515625 0.06328125 0.25703125
8 0.59765625 0.57109375 0.0484375 0.2265625
8 0.6828125 0.2234375 0.0703125 0.25703125
10 0.61015625 0.22265625 0.06796875 0.26875
8 0.7515625 0.571875 0.04921875 0.21640625
8 0.7546875 0.22265625 0.06875 0.25703125
10 0.4671875 0.23359375 0.06328125 0.25703125
8 0.82578125 0.2203125 0.06875 0.25546875
10 0.546875 0.57265625 0.04765625 0.22890625
10 0.5375 0.225 0.06953125 0.26875
1 0.06328125 0.58671875 0.05546875 0.246875
8 0.20390625 0.2375 0.0640625 0.2546875
8 0.2703125 0.2359375 0.06328125 0.253125
8 0.65 0.57421875 0.04921875 0.21875
10 0.4953125 0.57578125 0.04921875 0.23046875
3 0.9125 0.83359375 0.0546875 0.22578125
10 0.28359375 0.59609375 0.05 0.20703125
8 0.1359375 0.23984375 0.065625 0.2546875
3 0.9640625 0.8328125 0.0453125 0.23046875
2 0.1765625 0.58515625 0.05546875 0.240625
10 0.3375 0.5953125 0.05 0.20234375
1 0.01640625 0.58671875 0.0328125 0.25
10 0.38984375 0.57890625 0.05 0.23125
5 0.715625 0.846875 0.0578125 0.2453125
17 0.95859375 0.55390625 0.0625 0.2375
5 0.78046875 0.846875 0.06796875 0.24765625
3 0.99375 0.83125 0.0125 0.22578125
16 0.21015625 0.875 0.05703125 0.25
17 0.9953125 0.55 0.00859375 0.240625
5 0.43984375 0.86484375 0.05625 0.253125
5 0.49375 0.859375 0.0515625 0.24296875