17 0.54140625 0.17890625 0.0703125 0.21953125
10 0.7125 0.690625 0.0609375 0.2
10 0.64921875 0.69765625 0.059375 0.2109375
8 0.1578125 0.7 0.0578125 0.215625
1 0.24140625 0.44296875 0.04921875 0.20703125
10 0.5875 0.7 0.0578125 0.215625
8 0.40390625 0.69921875 0.0578125 0.21640625
2 0.34453125 0.44140625 0.04765625 0.2109375
0 0.1234375 0.44296875 0.06796875 0.20703125
2 0.29375 0.44140625 0.04921875 0.2109375
1 0.1890625 0.44453125 0.053125 0.20625
8 0.21875 0.7 0.05703125 0.215625
8 0.2796875 0.69921875 0.05703125 0.21328125
17 0.68515625 0.17734375 0.06875 0.2140625
18 0.2671875 0.20625 0.05703125 0.175
8 0.86796875 0.43515625 0.05390625 0.2109375
8 0.34140625 0.7 0.06015625 0.2140625
8 0.46484375 0.69921875 0.05703125 0.21640625
10 0.7546875 0.43515625 0.05 0.21328125
17 0.61328125 0.17890625 0.065625 0.21640625
10 0.5953125 0.43828125 0.0484375 0.209375
8 0.52578125 0.69921875 0.0578125 0.2140625
17 0.83046875 0.171875 0.06953125 0.21640625
10 0.903125 0.6984375 0.0609375 0.21796875
8 0.09296875 0.7 0.0625 0.215625
17 0.9015625 0.1984375 0.065625 0.16328125
17 0.7578125 0.175 0.06875 0.2140625
17 0.328125 0.2046875 0.05625 0.175
10 0.64765625 0.43671875 0.05 0.2109375
16 0.5640625 0.928125 0.053125 0.14375
2 0.3953125 0.4421875 0.05234375 0.20859375
10 0.7015625 0.43671875 0.0515625 0.21171875
16 0.79296875 0.92890625 0.0515625 0.1421875
8 0.81015625 0.434375 0.05546875 0.21171875
8 0.46015625 0.440625 0.06875 0.2109375
8 0.534375 0.43828125 0.06875 0.21328125
16 0.67734375 0.92890625 0.05546875 0.1421875
10 0.83984375 0.70078125 0.05703125 0.21328125
8 0.925 0.43359375 0.05546875 0.215625
16 0.51015625 0.92890625 0.0515625 0.1421875
16 0.45625 0.934375 0.05234375 0.13046875
10 0.77734375 0.73515625 0.05703125 0.14375
16 0.7375 0.92890625 0.059375 0.1421875
16 0.403125 0.94140625 0.05 0.115625
16 0.92890625 0.9296875 0.06171875 0.13984375
16 0.3484375 0.94140625 0.05390625 0.115625
13 0.23515625 0.93515625 0.05703125 0.1296875
13 0.16875 0.93984375 0.071875 0.1203125