18 0.87890625 0.55546875 0.0984375 0.16875
8 0.60546875 0.16796875 0.0578125 0.1515625
10 0.4875 0.18125 0.05078125 0.13828125
17 0.4734375 0.50703125 0.06328125 0.13203125
8 0.7375 0.15546875 0.06796875 0.1640625
18 0.69296875 0.53515625 0.07890625 0.15078125
17 0.540625 0.515625 0.06328125 0.13828125
17 0.6125 0.52421875 0.07421875 0.1453125
10 0.278125 0.48359375 0.04140625 0.121875
8 0.234375 0.4796875 0.040625 0.1171875
10 0.36484375 0.49296875 0.04296875 0.1265625
8 0.66875 0.16171875 0.0625 0.1578125
8 0.81328125 0.14921875 0.07421875 0.16875
10 0.54453125 0.175 0.0578125 0.1421875
10 0.4359375 0.1859375 0.04609375 0.13359375
8 0.19453125 0.47578125 0.03671875 0.1125
18 0.778125 0.54453125 0.08203125 0.1578125
10 0.3203125 0.48671875 0.040625 0.12421875
8 0.90234375 0.13828125 0.09296875 0.18046875
10 0.41328125 0.4984375 0.05 0.13125
10 0.3890625 0.18984375 0.04296875 0.1296875
10 0.34140625 0.19375 0.04609375 0.125