12 0.3484375 0.63125 0.03359375 0.15546875
17 0.371875 0.43359375 0.0390625 0.1296875
17 0.33046875 0.43671875 0.03828125 0.13046875
6 0.42109375 0.6125 0.034375 0.1515625
10 0.540625 0.18359375 0.0375 0.1734375
8 0.61796875 0.1875 0.0359375 0.16328125
20 0.853125 0.371875 0.02265625 0.1171875
12 0.259375 0.64765625 0.0453125 0.1640625
10 0.403125 0.1828125 0.03984375 0.1796875
8 0.58046875 0.18515625 0.0375 0.16796875
11 0.20703125 0.65234375 0.05390625 0.178125
17 0.15859375 0.459375 0.04609375 0.134375
11 0.15 0.66328125 0.0546875 0.18984375
4 0.578125 0.57265625 0.02890625 0.1484375
10 0.17578125 0.184375 0.040625 0.178125
17 0.2046875 0.45546875 0.04140625 0.128125
8 0.27109375 0.178125 0.0453125 0.1921875
12 0.30625 0.63828125 0.04375 0.1640625
10 0.36171875 0.18125 0.0390625 0.1828125
18 0.5421875 0.4171875 0.03046875 0.1171875
8 0.31796875 0.1796875 0.04609375 0.190625
11 0.0890625 0.67421875 0.06015625 0.2
18 0.6484375 0.38984375 0.03359375 0.13671875
0 0.70390625 0.2 0.02265625 0.1328125
17 0.9015625 0.3671875 0.021875 0.1125
10 0.44609375 0.184375 0.04140625 0.17578125
2 0.9046875 0.20078125 0.02109375 0.12734375
10 0.49609375 0.18359375 0.046875 0.175
17 0.28984375 0.440625 0.0390625 0.134375
17 0.24765625 0.45078125 0.04140625 0.12578125
6 0.384375 0.6203125 0.0359375 0.1515625
8 0.221875 0.1765625 0.04765625 0.196875
0 0.65390625 0.1984375 0.0296875 0.13984375
0 0.83671875 0.2 0.021875 0.134375
2 0.88359375 0.2 0.0203125 0.13046875
18 0.11015625 0.4671875 0.046875 0.13203125
8 0.0875 0.18203125 0.04609375 0.1875
18 0.51015625 0.41875 0.03046875 0.11953125
4 0.60625 0.56796875 0.025 0.146875
3 0.63203125 0.5625 0.02421875 0.1484375
2 0.7953125 0.2046875 0.0203125 0.125
10 0.1328125 0.18359375 0.04140625 0.18046875
5 0.70234375 0.55 0.02265625 0.14375
17 0.77421875 0.378125 0.0296875 0.12578125
0 0.86015625 0.2 0.02421875 0.13203125
17 0.82890625 0.37421875 0.025 0.1203125
0 0.68046875 0.2 0.02265625 0.13515625
17 0.7109375 0.3859375 0.0296875 0.125
2 0.77265625 0.20390625 0.02265625 0.12578125
17 0.80234375 0.37578125 0.025 0.12421875
17 0.74296875 0.38203125 0.03046875 0.125
18 0.68125 0.38984375 0.028125 0.1296875
2 0.81484375 0.2046875 0.01875 0.12578125
18 0.6125 0.3984375 0.034375 0.1328125
18 0.0578125 0.4734375 0.05 0.13203125
5 0.6796875 0.55234375 0.02109375 0.14453125
8 0.0375 0.1796875 0.04921875 0.19296875
5 0.72578125 0.5453125 0.02421875 0.14140625
1 0.92421875 0.20234375 0.015625 0.12578125
1 0.728125 0.2015625 0.02265625 0.13046875
1 0.75078125 0.20234375 0.02109375 0.1296875
3 0.65703125 0.55859375 0.02265625 0.14453125
20 0.878125 0.36953125 0.02421875 0.11484375
17 0.9546875 0.35703125 0.021875 0.11953125
1 0.9421875 0.20390625 0.01875 0.121875
17 0.928125 0.36015625 0.0265625 0.11953125
13 0.51328125 0.5859375 0.03671875 0.153125
13 0.54765625 0.58125 0.0296875 0.14921875
0 0.9609375 0.20625 0.01796875 0.1125
19 0.43984375 0.81640625 0.040625 0.13515625
19 0.39296875 0.82734375 0.0484375 0.15390625
13 0.4546875 0.6 0.02890625 0.15546875