5 0.73671875 0.74609375 0.0203125 0.15625
10 0.26640625 0.33046875 0.05 0.190625
10 0.41171875 0.34453125 0.0453125 0.18515625
8 0.61796875 0.36953125 0.0359375 0.15625
8 0.50078125 0.35625 0.040625 0.16796875
8 0.21171875 0.3234375 0.05234375 0.196875
3 0.678125 0.753125 0.0234375 0.1515625
2 0.065625 0.59921875 0.05234375 0.209375
8 0.44765625 0.58828125 0.03203125 0.15859375
2 0.16796875 0.59765625 0.04609375 0.1953125
8 0.1546875 0.31640625 0.05546875 0.2046875
10 0.2140625 0.60625 0.04375 0.1703125
8 0.09453125 0.309375 0.06015625 0.2109375
1 0.01875 0.60078125 0.0375 0.21796875
10 0.36484375 0.34296875 0.04453125 0.1828125
10 0.4578125 0.34921875 0.0421875 0.1796875
8 0.58046875 0.36484375 0.03671875 0.15859375
8 0.621875 0.58046875 0.025 0.14140625
8 0.48046875 0.58671875 0.03125 0.15546875
8 0.54140625 0.36015625 0.03828125 0.1640625
10 0.378125 0.590625 0.034375 0.16796875
2 0.11875 0.5984375 0.04921875 0.20234375
10 0.340625 0.59296875 0.03828125 0.1703125
10 0.3171875 0.33671875 0.046875 0.1875
10 0.4140625 0.5890625 0.0328125 0.16328125
8 0.59609375 0.58125 0.02421875 0.14375
10 0.25859375 0.60625 0.040625 0.1609375
8 0.03046875 0.3 0.0609375 0.21875
17 0.87578125 0.5703125 0.0234375 0.121875
8 0.56953125 0.5828125 0.02578125 0.1484375
17 0.85078125 0.57109375 0.02421875 0.12421875
5 0.709375 0.74921875 0.03203125 0.15859375
8 0.54140625 0.5859375 0.028125 0.14453125
5 0.7609375 0.74296875 0.0265625 0.15625
10 0.3 0.6015625 0.03828125 0.16328125
8 0.51171875 0.58828125 0.02890625 0.14453125
18 0.73671875 0.40546875 0.02109375 0.10859375
3 0.65390625 0.7546875 0.0234375 0.15546875
17 0.7453125 0.57578125 0.0265625 0.134375
17 0.7734375 0.575 0.028125 0.13046875
17 0.8 0.5734375 0.02421875 0.128125
16 0.7171875 0.93125 0.02421875 0.13671875
17 0.825 0.57109375 0.025 0.12578125
3 0.62578125 0.7546875 0.03046875 0.15390625
17 0.715625 0.575 0.03046875 0.13671875
17 0.68359375 0.57734375 0.03203125 0.14140625
16 0.7703125 0.915625 0.03203125 0.13671875
18 0.75859375 0.40859375 0.0234375 0.10625
18 0.8078125 0.4140625 0.02265625 0.103125
18 0.78359375 0.41171875 0.02421875 0.10390625
17 0.92109375 0.4203125 0.01640625 0.10859375
17 0.65078125 0.57734375 0.03125 0.14140625
18 0.709375 0.3984375 0.0328125 0.11953125
17 0.903125 0.42265625 0.01796875 0.09921875
17 0.93828125 0.42265625 0.01640625 0.10390625
16 0.7953125 0.909375 0.0171875 0.13671875
17 0.88515625 0.42265625 0.01640625 0.096875
16 0.69296875 0.9328125 0.021875 0.134375
17 0.95625 0.42734375 0.01875 0.0984375
16 0.8140625 0.903125 0.02109375 0.13203125
18 0.8296875 0.41484375 0.0203125 0.10390625
17 0.86640625 0.4203125 0.0203125 0.09921875
16 0.78515625 0.73828125 0.021875 0.15390625
3 0.27890625 0.9828125 0.0390625 0.034375
3 0.22890625 0.9890625 0.0453125 0.021875