0 0.22578125 0.18046875 0.04765625 0.20390625
10 0.478125 0.15390625 0.0421875 0.190625
10 0.3296875 0.16640625 0.0515625 0.20390625
0 0.1359375 0.1984375 0.04609375 0.1953125
10 0.834375 0.13203125 0.0203125 0.128125
18 0.43203125 0.4 0.04765625 0.17109375
10 0.43203125 0.15703125 0.04609375 0.196875
10 0.38203125 0.16171875 0.05 0.2015625
2 0.08828125 0.20546875 0.0484375 0.19921875
18 0.7765625 0.3296875 0.0203125 0.11015625
17 0.20390625 0.43203125 0.053125 0.165625
8 0.7578125 0.1328125 0.02578125 0.14921875
10 0.73046875 0.13515625 0.025 0.153125
8 0.52109375 0.15 0.040625 0.184375
8 0.8921875 0.1265625 0.0171875 0.121875
8 0.5625 0.14765625 0.0390625 0.18046875
0 0.2765625 0.17578125 0.05 0.2015625
17 0.14609375 0.45625 0.0578125 0.175
8 0.8109375 0.128125 0.025 0.14375
10 0.70234375 0.1390625 0.028125 0.15625
18 0.47734375 0.3921875 0.03984375 0.15703125
10 0.67109375 0.14140625 0.03125 0.1609375
17 0.084375 0.4875 0.06015625 0.184375
8 0.60234375 0.14453125 0.0375 0.17578125
8 0.784375 0.13046875 0.025 0.146875
2 0.0375 0.2078125 0.0515625 0.20234375
0 0.1796875 0.19296875 0.04375 0.190625
10 0.8546875 0.13125 0.01875 0.12421875
17 0.51875 0.38828125 0.0390625 0.14140625
10 0.63828125 0.14375 0.03046875 0.16328125
3 0.26328125 0.86015625 0.034375 0.14140625
3 0.29609375 0.84375 0.03203125 0.13515625
8 0.92734375 0.121875 0.01875 0.11796875
17 0.02734375 0.49453125 0.0546875 0.190625
17 0.825 0.3109375 0.0265625 0.10078125
17 0.56171875 0.365625 0.04375 0.15859375
10 0.8734375 0.128125 0.01640625 0.125
8 0.90859375 0.12421875 0.015625 0.11953125
17 0.7984375 0.315625 0.02265625 0.09921875
3 0.228125 0.875 0.03671875 0.14140625
17 0.8546875 0.3078125 0.0265625 0.1015625
17 0.8796875 0.30390625 0.02109375 0.096875
18 0.75390625 0.33828125 0.021875 0.10546875
16 0.29921875 0.6375 0.04921875 0.15703125
18 0.73203125 0.35546875 0.0203125 0.08203125
13 0.18828125 0.88984375 0.04453125 0.13671875
3 0.00546875 0.2078125 0.0109375 0.21328125
17 0.890625 0.30234375 0.01875 0.096875
1 0.69921875 0.00703125 0.028125 0.0140625
17 0.56015625 0.00703125 0.03125 0.0140625