3 0.6109375 0.91171875 0.06328125 0.17578125
11 0.83359375 0.61328125 0.0953125 0.31484375
8 0.3796875 0.24140625 0.05625 0.2453125
10 0.553125 0.25078125 0.05234375 0.23984375
8 0.4953125 0.24765625 0.05625 0.24296875
10 0.5046875 0.62421875 0.06953125 0.2890625
10 0.66484375 0.25390625 0.053125 0.2375
8 0.28359375 0.621875 0.075 0.2953125
8 0.31953125 0.2390625 0.0578125 0.24765625
12 0.73515625 0.6171875 0.0890625 0.3046875
8 0.259375 0.23515625 0.05703125 0.246875
8 0.4375 0.24453125 0.0546875 0.2453125
10 0.60859375 0.2515625 0.05390625 0.23828125
8 0.359375 0.62265625 0.06875 0.29375
8 0.13515625 0.22890625 0.0609375 0.246875
8 0.43125 0.621875 0.07109375 0.29296875
10 0.57578125 0.63515625 0.06484375 0.2671875
4 0.86171875 0.91015625 0.0640625 0.1796875
10 0.64921875 0.64296875 0.07265625 0.25078125
10 0.7203125 0.25546875 0.05234375 0.2359375
8 0.20625 0.61875 0.071875 0.2984375
8 0.19765625 0.2328125 0.06015625 0.246875
3 0.67421875 0.91171875 0.059375 0.17578125
4 0.796875 0.91015625 0.0609375 0.1796875
4 0.7359375 0.91015625 0.0609375 0.1796875
10 0.775 0.2578125 0.0515625 0.2328125
10 0.83125 0.26015625 0.05546875 0.23359375
8 0.12890625 0.61484375 0.0765625 0.30234375
0 0.28046875 0.9296875 0.0765625 0.1390625
0 0.20078125 0.9265625 0.0734375 0.146875
0 0.48515625 0.97109375 0.0578125 0.0578125
0 0.4234375 0.97421875 0.0625 0.05078125
0 0.11875 0.9265625 0.08125 0.146875
10 0.97890625 0.92421875 0.040625 0.1515625
10 0.9953125 0.26015625 0.009375 0.246875
22 0.54609375 0.94375 0.0609375 0.1125
0 0.35625 0.9453125 0.06796875 0.10859375