17 0.221875 0.57734375 0.053125 0.184375
8 0.434375 0.58203125 0.046875 0.19921875
0 0.68125 0.3375 0.0421875 0.1828125
8 0.4828125 0.58125 0.046875 0.19921875
10 0.7546875 0.57734375 0.05390625 0.2109375
2 0.81171875 0.33359375 0.0453125 0.184375
8 0.34375 0.59296875 0.04375 0.1796875
10 0.69765625 0.57734375 0.053125 0.209375
18 0.15 0.83125 0.05546875 0.1953125
18 0.23125 0.346875 0.0515625 0.1640625
8 0.64140625 0.578125 0.0546875 0.20625
10 0.8109375 0.5765625 0.053125 0.209375
0 0.725 0.3359375 0.040625 0.1828125
17 0.37578125 0.35 0.04609375 0.15859375
17 0.4234375 0.34921875 0.0453125 0.159375
8 0.38828125 0.59296875 0.040625 0.178125
17 0.4484375 0.83515625 0.06484375 0.17734375
8 0.584375 0.57890625 0.05390625 0.20625
8 0.53203125 0.58125 0.046875 0.2015625
0 0.753125 0.825 0.04609375 0.19765625
17 0.47265625 0.35 0.0484375 0.15859375
18 0.265625 0.82734375 0.053125 0.196875
0 0.7671875 0.3359375 0.03984375 0.1796875
17 0.28125 0.57890625 0.0609375 0.18203125
0 0.803125 0.825 0.05 0.2
17 0.38203125 0.840625 0.06171875 0.1734375
18 0.321875 0.834375 0.053125 0.175
18 0.309375 0.34921875 0.0421875 0.15859375
18 0.2078125 0.83359375 0.05546875 0.1921875
0 0.70546875 0.85078125 0.0453125 0.1484375
0 0.6546875 0.82890625 0.05 0.190625
24 0.5734375 0.08828125 0.046875 0.153125
21 0.12734375 0.34921875 0.0484375 0.16171875
16 0.040625 0.82421875 0.04609375 0.1921875
18 0.27578125 0.3515625 0.0265625 0.15625
17 0.34140625 0.35 0.021875 0.15703125
21 0.17890625 0.34921875 0.0484375 0.16171875
24 0.48203125 0.09140625 0.04453125 0.146875