8 0.61640625 0.2046875 0.05546875 0.1546875
2 0.475 0.4109375 0.0484375 0.13828125
8 0.503125 0.20078125 0.06171875 0.16328125
10 0.2125 0.18828125 0.090625 0.19453125
10 0.43828125 0.19921875 0.0625 0.16640625
10 0.29765625 0.19453125 0.07265625 0.17734375
8 0.70859375 0.2140625 0.0390625 0.13203125
8 0.5609375 0.20390625 0.05078125 0.15625
24 0.42265625 0.61171875 0.059375 0.11796875
24 0.5390625 0.59140625 0.05234375 0.1109375
10 0.37109375 0.19765625 0.0671875 0.1703125
5 0.86640625 0.65859375 0.028125 0.1078125
10 0.11484375 0.184375 0.09375 0.20546875
24 0.81171875 0.534375 0.040625 0.1109375
24 0.590625 0.5828125 0.04375 0.10625
8 0.75 0.215625 0.040625 0.13046875
10 0.8546875 0.21796875 0.03125 0.11875
24 0.6375 0.57421875 0.0453125 0.1046875
24 0.88828125 0.521875 0.034375 0.103125
16 0.225 0.82109375 0.0703125 0.146875
10 0.7890625 0.21640625 0.03359375 0.12421875
24 0.4828125 0.60078125 0.053125 0.1140625
17 0.7265625 0.396875 0.0390625 0.10390625
24 0.8515625 0.52734375 0.034375 0.1078125
8 0.6671875 0.21328125 0.04140625 0.13515625
3 0.7234375 0.68984375 0.0453125 0.115625
0 0.5703125 0.40390625 0.04765625 0.1296875
2 0.415625 0.41328125 0.06796875 0.13984375
17 0.76484375 0.39375 0.0359375 0.10078125
24 0.7703125 0.5421875 0.03671875 0.115625
4 0.66875 0.71015625 0.04609375 0.12578125
24 0.684375 0.565625 0.04140625 0.10078125
17 0.8484375 0.37890625 0.04765625 0.1109375
5 0.83359375 0.66640625 0.034375 0.1109375
0 0.6171875 0.4 0.0453125 0.12578125
4 0.621875 0.7203125 0.0453125 0.12578125
10 0.82265625 0.2171875 0.03046875 0.12265625
1 0.52265625 0.4078125 0.04375 0.13046875
24 0.72890625 0.55859375 0.04296875 0.09921875
5 0.7984375 0.6734375 0.03203125 0.11171875
17 0.9765625 0.3640625 0.03671875 0.1109375
17 0.67890625 0.4 0.05078125 0.10703125
4 0.57109375 0.72890625 0.053125 0.12734375
10 0.88828125 0.21875 0.03203125 0.11875
17 0.89609375 0.37265625 0.04140625 0.115625
3 0.76484375 0.68203125 0.03359375 0.1125
16 0.0265625 0.86640625 0.053125 0.1484375
16 0.40390625 0.778125 0.05 0.14140625
18 0.32421875 0.9640625 0.06171875 0.0703125
17 0.9375 0.36875 0.03828125 0.11171875
18 0.25546875 0.975 0.06953125 0.04921875
0 0.2578125 0.43984375 0.0765625 0.1265625
17 0.803125 0.39140625 0.03828125 0.096875
16 0.09140625 0.84921875 0.075 0.14296875
16 0.29140625 0.80703125 0.059375 0.146875
16 0.45625 0.76328125 0.05078125 0.13828125
16 0.35 0.7921875 0.05703125 0.1421875
0 0.16875 0.41953125 0.0984375 0.1859375
24 0.9203125 0.51484375 0.02578125 0.1015625