11 0.61484375 0.20078125 0.08203125 0.21796875
4 0.76875 0.9078125 0.053125 0.13828125
17 0.5921875 0.71328125 0.0671875 0.12734375
8 0.54296875 0.22890625 0.06171875 0.17265625
8 0.29765625 0.25078125 0.06484375 0.175
17 0.79296875 0.73359375 0.065625 0.1125
5 0.53984375 0.8875 0.05078125 0.1265625
12 0.79609375 0.1703125 0.10546875 0.24140625
3 0.9453125 0.9203125 0.0625 0.15625
12 0.90703125 0.15234375 0.103125 0.25234375
3 0.8828125 0.915625 0.05546875 0.15078125
17 0.8640625 0.7359375 0.06796875 0.11640625
0 0.52578125 0.50546875 0.053125 0.134375
8 0.3640625 0.24453125 0.06171875 0.178125
2 0.84453125 0.4953125 0.07421875 0.1609375
1 0.7 0.5 0.0625 0.1453125
5 0.4015625 0.86640625 0.04140625 0.11640625
18 0.65859375 0.72734375 0.059375 0.11015625
8 0.48125 0.2375 0.0578125 0.16953125
5 0.35859375 0.86015625 0.04296875 0.115625
2 0.3078125 0.50078125 0.05546875 0.1390625
1 0.63828125 0.5015625 0.0546875 0.14375
11 0.6984375 0.18828125 0.08125 0.228125
18 0.72421875 0.73125 0.0625 0.11171875
17 0.940625 0.7484375 0.07421875 0.10625
2 0.9296875 0.49140625 0.08203125 0.16484375
0 0.58125 0.50546875 0.0546875 0.13515625
10 0.42265625 0.24375 0.0546875 0.16953125
4 0.7125 0.90078125 0.053125 0.14140625
19 0.325 0.68828125 0.065625 0.1296875
5 0.490625 0.87734375 0.04296875 0.125
2 0.76875 0.4984375 0.06953125 0.1484375
0 0.47109375 0.50625 0.05234375 0.13203125
10 0.17265625 0.2625 0.0671875 0.16328125
18 0.39140625 0.7 0.059375 0.11953125
10 0.23515625 0.25625 0.0578125 0.16953125
3 0.825 0.90859375 0.0546875 0.146875
1 0.246875 0.50234375 0.0625 0.1359375
5 0.4453125 0.8703125 0.04375 0.1203125
4 0.65625 0.8953125 0.0546875 0.14296875
2 0.3671875 0.50078125 0.059375 0.140625
0 0.42109375 0.51171875 0.0453125 0.11875
3 0.990625 0.9203125 0.01875 0.159375
21 0.45546875 0.703125 0.06171875 0.121875