1 0.6578125 0.58671875 0.0484375 0.20703125
2 0.6109375 0.5984375 0.04140625 0.18671875
18 0.50703125 0.87421875 0.04140625 0.1609375
0 0.76796875 0.578125 0.0546875 0.21640625
17 0.40078125 0.88046875 0.05234375 0.1515625
18 0.55234375 0.8765625 0.0421875 0.16171875
10 0.28984375 0.61171875 0.04140625 0.18828125
0 0.71171875 0.58203125 0.05546875 0.21328125
17 0.1859375 0.85625 0.05390625 0.19296875
17 0.45625 0.86640625 0.05390625 0.184375
17 0.5984375 0.87734375 0.0453125 0.16796875
18 0.2421875 0.88046875 0.053125 0.1484375
18 0.346875 0.86484375 0.04921875 0.1828125
2 0.56796875 0.6015625 0.040625 0.1828125
17 0.646875 0.87421875 0.046875 0.1734375
8 0.3703125 0.615625 0.0375 0.1734375
2 0.48671875 0.60703125 0.03828125 0.1796875
12 0.37109375 0.3234375 0.04765625 0.22421875
10 0.44765625 0.61015625 0.0375 0.17578125
2 0.5265625 0.60390625 0.0390625 0.1828125
8 0.33125 0.61796875 0.03828125 0.1734375
8 0.15859375 0.61953125 0.04375 0.18671875
12 0.46796875 0.31171875 0.053125 0.22890625
8 0.20390625 0.6171875 0.04375 0.18671875
10 0.409375 0.6125 0.03671875 0.175
0 0.82578125 0.57265625 0.0546875 0.22109375
10 0.246875 0.61328125 0.0390625 0.18828125
12 0.41875 0.32265625 0.0421875 0.21640625
16 0.734375 0.8828125 0.0421875 0.1609375
16 0.778125 0.88359375 0.0421875 0.15859375
16 0.69296875 0.88046875 0.0390625 0.1609375