3 0.8171875 0.903125 0.04375 0.11484375
22 0.98515625 0.21015625 0.02890625 0.14921875
3 0.971875 0.94453125 0.0546875 0.11015625
0 0.82265625 0.5953125 0.06171875 0.1359375
0 0.68203125 0.228125 0.04609375 0.14609375
18 0.3859375 0.5359375 0.0359375 0.09921875
3 0.9171875 0.9359375 0.05 0.1234375
0 0.703125 0.57890625 0.0546875 0.128125
2 0.65546875 0.4171875 0.04296875 0.12578125
18 0.34921875 0.53125 0.03359375 0.09453125
8 0.3953125 0.40390625 0.03828125 0.1171875
0 0.7 0.41953125 0.04296875 0.128125
0 0.76171875 0.5875 0.05546875 0.13125
3 0.771875 0.88671875 0.04140625 0.1125
2 0.575 0.41328125 0.04140625 0.11875
0 0.5578125 0.55859375 0.040625 0.11640625
18 0.4671875 0.54609375 0.040625 0.10390625
8 0.4359375 0.4046875 0.040625 0.121875
3 0.865625 0.91875 0.0484375 0.1203125
8 0.52578125 0.40703125 0.05 0.128125
22 0.9328125 0.21640625 0.06953125 0.14296875
0 0.73359375 0.2234375 0.05234375 0.1515625
0 0.8015625 0.4234375 0.05546875 0.13984375
0 0.79296875 0.21796875 0.06015625 0.15546875
17 0.2796875 0.52734375 0.02890625 0.075
8 0.47890625 0.4046875 0.04140625 0.12578125
18 0.5125 0.55234375 0.04609375 0.10859375
18 0.31328125 0.5265625 0.034375 0.09140625
18 0.425 0.540625 0.0390625 0.1015625
3 0.72890625 0.8734375 0.0390625 0.11015625
0 0.590625 0.2375 0.04296875 0.134375
0 0.63515625 0.234375 0.04296875 0.13984375
10 0.50234375 0.246875 0.04609375 0.12578125
2 0.61484375 0.41484375 0.0359375 0.1234375
15 0.8921875 0.6046875 0.07421875 0.14140625
15 0.871875 0.41953125 0.07890625 0.15703125
0 0.74765625 0.42265625 0.04765625 0.1328125
0 0.65078125 0.57109375 0.04765625 0.12421875
22 0.86015625 0.221875 0.0671875 0.1390625
10 0.45546875 0.253125 0.04296875 0.11875
0 0.60234375 0.56328125 0.04375 0.11875
17 0.25078125 0.5234375 0.02421875 0.0734375
8 0.153125 0.28359375 0.01875 0.08671875
0 0.54765625 0.2421875 0.0390625 0.13125
3 0.68828125 0.85859375 0.03671875 0.10703125
10 0.4140625 0.25859375 0.0359375 0.1125
8 0.253125 0.4 0.03046875 0.10390625
16 0.371875 0.64375 0.0390625 0.08671875
15 0.9578125 0.42109375 0.08203125 0.16640625
8 0.28671875 0.40078125 0.03359375 0.1078125
23 0.5234375 0.80546875 0.04140625 0.096875
8 0.3078125 0.2703125 0.03203125 0.10078125
23 0.47421875 0.7828125 0.04375 0.0890625
23 0.56484375 0.8171875 0.04375 0.09921875
8 0.1359375 0.28515625 0.01640625 0.08671875
3 0.64921875 0.84609375 0.0359375 0.10625
10 0.3421875 0.26640625 0.03359375 0.10390625
8 0.275 0.2734375 0.03125 0.0984375
10 0.221875 0.39765625 0.02890625 0.1015625
10 0.1171875 0.2875 0.01875 0.084375
17 0.22734375 0.5203125 0.021875 0.07109375
8 0.21640625 0.27890625 0.0265625 0.09296875
8 0.35703125 0.403125 0.0359375 0.1109375
10 0.37734375 0.26328125 0.03359375 0.1078125
8 0.24453125 0.2765625 0.0265625 0.0953125
23 0.4125 0.76640625 0.0265625 0.08671875
23 0.3859375 0.75625 0.03203125 0.0859375
8 0.17265625 0.28203125 0.02109375 0.0890625
23 0.43828125 0.775 0.03125 0.08828125
8 0.19375 0.28046875 0.01875 0.090625
15 0.9671875 0.61796875 0.06484375 0.1515625
17 0.20546875 0.5171875 0.01953125 0.06796875
23 0.33515625 0.73984375 0.03046875 0.08046875
8 0.32109375 0.403125 0.03203125 0.10703125
16 0.33828125 0.6390625 0.028125 0.0859375
23 0.359375 0.7484375 0.03046875 0.08359375
17 0.184375 0.51328125 0.01953125 0.0671875
10 0.0921875 0.28984375 0.03125 0.0828125
17 0.1640625 0.51015625 0.01953125 0.065625
10 0.19375 0.396875 0.02578125 0.096875
23 0.29375 0.72734375 0.0359375 0.0765625
23 0.23125 0.7046875 0.028125 0.07109375
10 0.14140625 0.39765625 0.021875 0.08828125
10 0.16640625 0.396875 0.02578125 0.09296875
16 0.31171875 0.63359375 0.0265625 0.08125
10 0.1171875 0.39765625 0.02578125 0.084375
23 0.25859375 0.7125 0.03671875 0.0734375
23 0.31171875 0.73203125 0.03203125 0.07734375
16 0.28671875 0.628125 0.02421875 0.08125
16 0.240625 0.61640625 0.03203125 0.078125
16 0.2640625 0.62109375 0.021875 0.0796875
23 0.2109375 0.7 0.028125 0.06875
17 0.1421875 0.50859375 0.02109375 0.06484375
16 0.221875 0.6125 0.02578125 0.07734375