11 0.28828125 0.57578125 0.0890625 0.225
11 0.08828125 0.58828125 0.11328125 0.26015625
11 0.37421875 0.57578125 0.07734375 0.20546875
12 0.503125 0.56640625 0.053125 0.18671875
12 0.55625 0.5640625 0.0484375 0.17734375
0 0.56328125 0.76953125 0.05703125 0.16484375
10 0.66953125 0.74375 0.04375 0.15078125
10 0.77109375 0.39296875 0.02890625 0.11875
2 0.2421875 0.32421875 0.065625 0.1984375
11 0.19375 0.584375 0.09140625 0.2359375
8 0.5078125 0.36015625 0.04140625 0.153125
0 0.31171875 0.3328125 0.06953125 0.184375
8 0.5515625 0.365625 0.04296875 0.1484375
10 0.6203125 0.75390625 0.0484375 0.15703125
0 0.44453125 0.83359375 0.05546875 0.1046875
8 0.596875 0.3703125 0.0453125 0.1453125
8 0.6390625 0.3765625 0.0359375 0.1375
10 0.71796875 0.73203125 0.04375 0.14296875
0 0.38203125 0.34296875 0.065625 0.17421875
0 0.503125 0.81796875 0.05546875 0.103125
12 0.63359375 0.5640625 0.053125 0.15390625
8 0.70703125 0.384375 0.034375 0.12734375
8 0.67265625 0.38046875 0.03125 0.1328125
0 0.38046875 0.821875 0.065625 0.17421875
10 0.7625 0.72421875 0.040625 0.1375
10 0.83203125 0.40078125 0.028125 0.10703125
12 0.44609375 0.57109375 0.059375 0.19609375
10 0.80234375 0.396875 0.03125 0.1125
10 0.740625 0.3890625 0.02890625 0.12265625
0 0.45390625 0.35390625 0.0625 0.1625
0 0.3078125 0.82890625 0.071875 0.20546875
24 0.77578125 0.56015625 0.03046875 0.12578125
24 0.81171875 0.5578125 0.0390625 0.11953125
18 0.98125 0.57734375 0.01484375 0.08046875
12 0.59375 0.56171875 0.028125 0.1671875
18 0.95859375 0.578125 0.0234375 0.08515625
24 0.7421875 0.56171875 0.03671875 0.128125
18 0.99453125 0.57578125 0.01015625 0.0828125
5 0.84921875 0.8546875 0.040625 0.11015625
24 0.8453125 0.55703125 0.02578125 0.1125
0 0.23359375 0.84375 0.071875 0.215625
3 0.91640625 0.83671875 0.01484375 0.10234375
11 0.00625 0.6359375 0.0125 0.25078125
4 0.95 0.8234375 0.01640625 0.10234375
3 0.93203125 0.83359375 0.01875 0.10390625