18 0.5546875 0.640625 0.04765625 0.15078125
10 0.39609375 0.37890625 0.059375 0.203125
17 0.50078125 0.66328125 0.05546875 0.1453125
10 0.6953125 0.37265625 0.0390625 0.159375
17 0.73828125 0.57578125 0.04296875 0.13984375
17 0.20234375 0.74765625 0.0890625 0.20859375
8 0.65546875 0.37265625 0.040625 0.16640625
8 0.25078125 0.37890625 0.07890625 0.2296875
17 0.440625 0.68125 0.0625 0.15390625
10 0.7375 0.3734375 0.0390625 0.15390625
8 0.5578125 0.371875 0.05546875 0.1875
10 0.4546875 0.38046875 0.05546875 0.190625
8 0.32890625 0.3796875 0.07421875 0.21640625
17 0.2921875 0.71640625 0.084375 0.190625
10 0.77578125 0.37265625 0.034375 0.14609375
8 0.61015625 0.371875 0.04765625 0.17734375
10 0.50546875 0.378125 0.04609375 0.1828125
17 0.371875 0.69453125 0.0703125 0.175
8 0.81328125 0.371875 0.040625 0.1421875
17 0.659375 0.61015625 0.040625 0.14140625
8 0.1640625 0.37734375 0.090625 0.24453125
18 0.60859375 0.615625 0.05703125 0.165625
17 0.69765625 0.6 0.03671875 0.11875
8 0.8515625 0.371875 0.03203125 0.1359375
8 0.87578125 0.37421875 0.0234375 0.12421875
2 0.90390625 0.37578125 0.03046875 0.11875
0 0.978125 0.37578125 0.0265625 0.1046875
2 0.92890625 0.375 0.021875 0.115625
0 0.953125 0.3765625 0.02109375 0.10703125
1 0.99140625 0.509375 0.0171875 0.0953125
18 0.83359375 0.54765625 0.03359375 0.1359375
21 0.78984375 0.55859375 0.05234375 0.146875
2 0.9265625 0.5265625 0.021875 0.109375
18 0.86953125 0.54296875 0.03359375 0.12578125