17 0.65390625 0.88515625 0.04453125 0.15625
10 0.4515625 0.6484375 0.034375 0.16875
1 0.69609375 0.60703125 0.0515625 0.20859375
18 0.56484375 0.88515625 0.0390625 0.1484375
17 0.51796875 0.88046875 0.05 0.16875
17 0.7015625 0.88203125 0.04765625 0.16328125
2 0.52578125 0.63828125 0.03828125 0.178125
2 0.56484375 0.63203125 0.03828125 0.18203125
10 0.340625 0.65625 0.03984375 0.17734375
0 0.809375 0.58984375 0.0578125 0.22109375
18 0.4171875 0.8828125 0.04765625 0.165625
18 0.6078125 0.88671875 0.0421875 0.14921875
2 0.64765625 0.61875 0.04375 0.18984375
8 0.3796875 0.65859375 0.03671875 0.16640625
17 0.4671875 0.89453125 0.04765625 0.13984375
2 0.6046875 0.628125 0.040625 0.18203125
0 0.75 0.59765625 0.05625 0.2140625
17 0.271875 0.878125 0.0484375 0.1734375
8 0.415625 0.65546875 0.034375 0.16640625
12 0.48828125 0.359375 0.053125 0.22109375
10 0.4875 0.64375 0.03671875 0.1703125
12 0.39453125 0.37890625 0.04609375 0.21796875
10 0.30234375 0.65859375 0.0359375 0.17734375
8 0.26484375 0.6640625 0.0390625 0.175
18 0.32265625 0.88984375 0.04765625 0.14921875
0 0.8703125 0.57890625 0.0578125 0.22578125
8 0.2234375 0.66875 0.040625 0.17734375
16 0.746875 0.88515625 0.0390625 0.15390625
12 0.43984375 0.3765625 0.04140625 0.20390625
16 0.7890625 0.88515625 0.04453125 0.15625