17 0.509375 0.3578125 0.05625 0.2234375
10 0.59921875 0.34609375 0.03984375 0.253125
10 0.7125 0.375 0.02578125 0.2046875
10 0.76875 0.39453125 0.02578125 0.1703125
8 0.68046875 0.3703125 0.034375 0.21328125
10 0.79375 0.3984375 0.02109375 0.16328125
10 0.81171875 0.40234375 0.01484375 0.15625
10 0.740625 0.3796875 0.028125 0.19921875
2 0.87734375 0.4109375 0.02421875 0.14140625
8 0.63984375 0.35625 0.040625 0.2375
17 0.37578125 0.31015625 0.08359375 0.31484375
8 0.828125 0.40546875 0.0171875 0.1515625
17 0.4484375 0.325 0.06015625 0.2859375
2 0.8578125 0.40859375 0.01484375 0.14375
8 0.84140625 0.40703125 0.01875 0.1484375
0 0.9125 0.4140625 0.0140625 0.1328125
0 0.92734375 0.4140625 0.01484375 0.1328125
0 0.9390625 0.41484375 0.0125 0.13203125
0 0.9015625 0.4140625 0.015625 0.134375
6 0.95546875 0.41875 0.02109375 0.125