17 0.66171875 0.43359375 0.06796875 0.1546875
17 0.83125 0.45234375 0.1125 0.15078125
2 0.45625 0.43125 0.03046875 0.1140625
17 0.60625 0.44375 0.040625 0.121875
17 0.5625 0.44140625 0.04296875 0.115625
2 0.425 0.43125 0.02890625 0.10859375
2 0.4875 0.43203125 0.03046875 0.11875
2 0.52109375 0.434375 0.034375 0.1234375
24 0.946875 0.4375 0.08828125 0.190625
0 0.3984375 0.42890625 0.021875 0.10625
10 0.24609375 0.42265625 0.02421875 0.08359375
0 0.32109375 0.421875 0.021875 0.10078125
0 0.34609375 0.4234375 0.02421875 0.10390625
0 0.37265625 0.428125 0.0265625 0.10234375
10 0.2765625 0.42421875 0.0234375 0.08828125
1 0.3 0.4234375 0.01953125 0.09453125
5 0.271875 0.534375 0.03046875 0.09375
10 0.21640625 0.4203125 0.02421875 0.08046875
17 0.72890625 0.9765625 0.0546875 0.046875
2 0.98515625 0.9171875 0.02890625 0.165625
24 0.99453125 0.43671875 0.01015625 0.1890625