19 0.55625 0.51484375 0.07265625 0.1296875
16 0.7078125 0.86953125 0.0546875 0.146875
16 0.54375 0.8328125 0.053125 0.1390625
2 0.7734375 0.10703125 0.090625 0.2109375
10 0.6765625 0.33671875 0.06796875 0.159375
1 0.68671875 0.115625 0.0796875 0.20234375
16 0.64921875 0.85625 0.05703125 0.14921875
18 0.29375 0.4953125 0.05 0.1203125
17 0.23828125 0.49296875 0.053125 0.11640625
1 0.60625 0.12578125 0.075 0.19375
10 0.753125 0.334375 0.07890625 0.165625
16 0.59609375 0.84140625 0.04609375 0.13828125
1 0.74765625 0.703125 0.05546875 0.1421875
10 0.840625 0.33125 0.0859375 0.17421875
17 0.7203125 0.52421875 0.0796875 0.14765625
18 0.684375 0.69375 0.06484375 0.13203125
10 0.5328125 0.340625 0.06328125 0.14609375
8 0.40859375 0.34453125 0.06015625 0.13984375
17 0.91640625 0.5375 0.1015625 0.16484375
10 0.6046875 0.3375 0.06953125 0.1546875
18 0.6171875 0.68515625 0.06171875 0.12734375
17 0.2140625 0.178125 0.059375 0.1578125
16 0.76796875 0.88515625 0.0625 0.1546875
8 0.35 0.34609375 0.05078125 0.134375
2 0.87890625 0.7203125 0.06953125 0.14609375
17 0.81171875 0.5296875 0.09453125 0.1578125
17 0.184375 0.4890625 0.05 0.1140625
0 0.95390625 0.72890625 0.07421875 0.15078125
12 0.14609375 0.615625 0.04375 0.10234375
1 0.528125 0.13359375 0.07265625 0.19296875
2 0.81015625 0.7125 0.0625 0.14609375
10 0.94140625 0.3265625 0.10546875 0.1859375
17 0.41171875 0.6578125 0.05 0.1
8 0.29765625 0.34765625 0.04765625 0.128125
8 0.24921875 0.3484375 0.0453125 0.12421875
18 0.6375 0.51796875 0.07890625 0.13828125
10 0.46953125 0.34296875 0.05546875 0.1390625
17 0.28046875 0.16875 0.0671875 0.16640625
17 0.125 0.48671875 0.06171875 0.1125
8 0.12578125 0.35078125 0.028125 0.11484375
2 0.87734375 0.10078125 0.1046875 0.2015625
8 0.203125 0.34921875 0.04140625 0.121875
8 0.159375 0.35 0.040625 0.11875
8 0.3625 0.64375 0.040625 0.1140625
12 0.1890625 0.621875 0.0359375 0.1046875
8 0.32265625 0.6390625 0.0359375 0.11015625
18 0.44140625 0.12734375 0.09296875 0.225
16 0.9703125 0.93671875 0.05546875 0.125
11 0.27578125 0.63203125 0.04765625 0.11015625
21 0.484375 0.5109375 0.0625 0.12734375
21 0.4140625 0.50546875 0.06328125 0.125