10 0.3171875 0.39609375 0.08203125 0.20234375
8 0.503125 0.3890625 0.0484375 0.1578125
10 0.39609375 0.390625 0.0703125 0.1890625
16 0.31484375 0.9015625 0.07734375 0.19609375
10 0.62421875 0.3796875 0.034375 0.13203125
16 0.39296875 0.84609375 0.071875 0.18125
8 0.45625 0.3953125 0.0453125 0.1609375
10 0.58515625 0.38203125 0.0390625 0.140625
3 0.61953125 0.55390625 0.03125 0.13359375
10 0.54609375 0.38515625 0.0359375 0.14765625
8 0.221875 0.40390625 0.103125 0.21953125
11 0.171875 0.6875 0.10078125 0.2203125
10 0.684375 0.3796875 0.03046875 0.11640625
16 0.528125 0.784375 0.05234375 0.1671875
11 0.32421875 0.64140625 0.06015625 0.1921875
8 0.1203125 0.4078125 0.09921875 0.234375
3 0.65078125 0.54921875 0.03125 0.125
12 0.48359375 0.59609375 0.0578125 0.15390625
0 0.809375 0.36875 0.02421875 0.096875
11 0.2578125 0.65859375 0.07265625 0.2046875
0 0.8328125 0.3671875 0.02109375 0.09296875
10 0.7171875 0.3765625 0.03125 0.11171875
10 0.6546875 0.38125 0.02578125 0.121875
2 0.88125 0.3640625 0.01875 0.08359375
17 0.96171875 0.3546875 0.028125 0.075
12 0.38125 0.6203125 0.053125 0.178125
10 0.74453125 0.37421875 0.0234375 0.1078125
3 0.5859375 0.56796875 0.03671875 0.13046875
0 0.85703125 0.36640625 0.02421875 0.08671875
12 0.54296875 0.58515625 0.05 0.128125
2 0.90234375 0.3625 0.01484375 0.08046875
10 0.78671875 0.371875 0.01875 0.10078125
3 0.67890625 0.54453125 0.02421875 0.1140625
16 0.2109375 0.91875 0.06171875 0.15859375
12 0.43125 0.6078125 0.04375 0.16484375
16 0.5703125 0.7671875 0.0359375 0.16328125
5 0.70390625 0.5375 0.0265625 0.10390625
17 0.93828125 0.36015625 0.01640625 0.071875
5 0.73046875 0.52890625 0.02578125 0.10703125
17 0.9203125 0.3609375 0.01875 0.0765625
2 0.89140625 0.3640625 0.0171875 0.08046875
10 0.765625 0.37421875 0.021875 0.1046875
17 0.98984375 0.35234375 0.01953125 0.07109375