18 0.38046875 0.540625 0.059375 0.140625
17 0.240625 0.55390625 0.075 0.15625
14 0.2203125 0.3625 0.06484375 0.1359375
17 0.15859375 0.56328125 0.08203125 0.165625
18 0.315625 0.54609375 0.06328125 0.146875
14 0.0609375 0.35546875 0.09140625 0.15
5 0.14609375 0.7796875 0.05703125 0.184375
5 0.084375 0.796875 0.0625 0.190625
14 0.1484375 0.359375 0.07265625 0.14296875
17 0.06484375 0.571875 0.09609375 0.1765625
5 0.203125 0.76484375 0.05234375 0.171875
14 0.28125 0.365625 0.05546875 0.128125
10 0.7234375 0.35234375 0.02421875 0.0984375
10 0.67109375 0.3484375 0.0265625 0.10390625
5 0.025 0.815625 0.05 0.19609375
2 0.671875 0.47421875 0.03203125 0.096875
10 0.69765625 0.35078125 0.02421875 0.1
2 0.73046875 0.4703125 0.02578125 0.0890625
1 0.63671875 0.47578125 0.034375 0.09921875
1 0.6015625 0.47890625 0.03359375 0.10078125
10 0.73203125 0.2140625 0.02578125 0.11796875
2 0.70234375 0.471875 0.0265625 0.09375
8 0.79375 0.35859375 0.02109375 0.0859375
10 0.70390625 0.20859375 0.02890625 0.121875
18 0.440625 0.53671875 0.0546875 0.13359375
10 0.64140625 0.346875 0.03046875 0.10703125
10 0.74921875 0.35546875 0.0234375 0.09375
10 0.75703125 0.2203125 0.02421875 0.115625
10 0.6734375 0.20546875 0.03046875 0.11796875
10 0.771875 0.35625 0.02109375 0.0890625
10 0.78203125 0.225 0.02421875 0.1125
10 0.82890625 0.2359375 0.0234375 0.1046875
8 0.8984375 0.2515625 0.03671875 0.0953125
8 0.87109375 0.36484375 0.0171875 0.078125
8 0.8671875 0.2453125 0.02421875 0.09921875
0 0.78046875 0.46796875 0.0265625 0.08125
0 0.8078125 0.46953125 0.02421875 0.07578125
8 0.8140625 0.3609375 0.02109375 0.08125
10 0.8046875 0.23203125 0.0234375 0.10625
8 0.834375 0.36171875 0.01875 0.0796875
8 0.890625 0.36484375 0.0171875 0.0765625
1 0.5609375 0.48828125 0.04375 0.08828125
8 0.853125 0.3625 0.0171875 0.07890625
0 0.83046875 0.46796875 0.02109375 0.07265625
8 0.92265625 0.36796875 0.01875 0.07109375
8 0.903125 0.365625 0.0171875 0.075
0 0.75546875 0.46875 0.021875 0.0859375
14 0.33125 0.36875 0.040625 0.12265625
14 0.378125 0.37109375 0.05234375 0.1203125
1 0.86328125 0.4625 0.01640625 0.07578125
18 0.525 0.3765625 0.0390625 0.10625
0 0.846875 0.46640625 0.01875 0.07265625
8 0.8484375 0.240625 0.0171875 0.1015625
18 0.48203125 0.37578125 0.04296875 0.1109375
1 0.8796875 0.46015625 0.01640625 0.07578125
14 0.43203125 0.3734375 0.05078125 0.11640625
2 0.88984375 0.459375 0.021875 0.075
2 0.91484375 0.45859375 0.0265625 0.071875