10 0.8015625 0.31171875 0.0265625 0.21171875
10 0.82890625 0.3234375 0.02421875 0.18515625
8 0.74296875 0.30625 0.0328125 0.228125
10 0.65859375 0.28046875 0.03984375 0.28359375
17 0.5046875 0.2671875 0.06171875 0.325
10 0.77421875 0.30546875 0.02578125 0.2234375
17 0.56796875 0.2984375 0.059375 0.253125
8 0.8890625 0.33046875 0.0234375 0.16640625
17 0.42890625 0.25546875 0.0875 0.3609375
10 0.85234375 0.32734375 0.02109375 0.178125
2 0.91328125 0.33359375 0.015625 0.15625
0 0.9640625 0.3375 0.01328125 0.1421875
0 0.978125 0.33671875 0.01484375 0.1421875
8 0.69921875 0.28984375 0.0421875 0.26484375
10 0.86953125 0.328125 0.01484375 0.17265625
2 0.93359375 0.3359375 0.0234375 0.15078125
0 0.95390625 0.3375 0.0140625 0.14453125
0 0.9921875 0.33828125 0.01328125 0.1390625