10 0.725 0.6109375 0.04296875 0.13359375
11 0.2078125 0.4859375 0.08671875 0.228125
11 0.38046875 0.4734375 0.0765625 0.1984375
11 0.296875 0.47578125 0.08671875 0.2140625
11 0.10625 0.49375 0.1078125 0.2421875
10 0.82890625 0.28046875 0.028125 0.1140625
12 0.634375 0.45546875 0.0546875 0.14921875
8 0.5390625 0.25703125 0.0453125 0.15390625
8 0.49296875 0.253125 0.04375 0.1609375
8 0.66328125 0.2671875 0.03125 0.1375
0 0.46953125 0.70859375 0.05234375 0.1
0 0.5765625 0.64765625 0.053125 0.153125
10 0.79765625 0.27890625 0.03125 0.11796875
12 0.50703125 0.46171875 0.053125 0.18046875
10 0.678125 0.62421875 0.04296875 0.13828125
8 0.628125 0.2640625 0.03671875 0.14296875
12 0.5578125 0.45703125 0.04609375 0.171875
10 0.765625 0.27578125 0.02890625 0.1234375
10 0.76875 0.60078125 0.03828125 0.128125
2 0.2203125 0.22578125 0.0671875 0.2046875
0 0.52265625 0.69140625 0.05078125 0.0984375
8 0.7 0.26875 0.03828125 0.1359375
10 0.63046875 0.63359375 0.0484375 0.14296875
0 0.3625 0.23984375 0.06796875 0.18203125
8 0.58515625 0.2609375 0.04609375 0.1484375
0 0.41015625 0.703125 0.06015625 0.1546875
0 0.29140625 0.2328125 0.071875 0.19375
24 0.7765625 0.44453125 0.03125 0.12265625
12 0.45 0.4671875 0.0578125 0.1890625
0 0.43671875 0.2484375 0.065625 0.16875
24 0.8140625 0.4421875 0.0390625 0.11875
0 0.34296875 0.709375 0.065625 0.18203125
10 0.73515625 0.271875 0.03046875 0.128125
0 0.27578125 0.72421875 0.06484375 0.19296875
12 0.59453125 0.45390625 0.028125 0.16328125
24 0.84765625 0.4421875 0.0265625 0.11015625
24 0.74453125 0.4484375 0.03203125 0.125
18 0.9859375 0.45546875 0.01640625 0.08046875
4 0.97890625 0.67890625 0.02109375 0.08359375
4 0.95859375 0.68984375 0.01640625 0.09296875
4 0.940625 0.70078125 0.01875 0.0953125
17 0.67109375 0.790625 0.0265625 0.11953125
16 0.91171875 0.58671875 0.0171875 0.10390625
18 0.96484375 0.4578125 0.0234375 0.0859375
16 0.99296875 0.56484375 0.0140625 0.096875