10 0.3703125 0.35234375 0.06171875 0.2078125
17 0.47265625 0.64140625 0.05703125 0.14375
17 0.71953125 0.559375 0.04296875 0.14140625
17 0.165625 0.71640625 0.09140625 0.20234375
8 0.3 0.3515625 0.0765625 0.21953125
8 0.53828125 0.34921875 0.05546875 0.19375
10 0.76328125 0.35546875 0.0359375 0.1484375
8 0.80390625 0.3546875 0.040625 0.1453125
17 0.25859375 0.6890625 0.08671875 0.1890625
17 0.4109375 0.65703125 0.0625 0.15703125
8 0.21875 0.35 0.08203125 0.2359375
8 0.12890625 0.3453125 0.09375 0.25078125
8 0.59296875 0.35078125 0.0484375 0.18125
17 0.33984375 0.66953125 0.071875 0.17421875
8 0.63984375 0.3515625 0.040625 0.1734375
10 0.484375 0.35546875 0.04765625 0.18671875
17 0.6375 0.58984375 0.04140625 0.1375
18 0.52890625 0.61484375 0.0484375 0.159375
10 0.68125 0.35390625 0.0390625 0.1625
10 0.43046875 0.35546875 0.05546875 0.19375
18 0.5859375 0.59453125 0.0578125 0.17109375
10 0.7234375 0.3546875 0.040625 0.15625
2 0.89609375 0.36015625 0.03125 0.121875
8 0.8453125 0.35625 0.03828125 0.1359375
17 0.67890625 0.57890625 0.03828125 0.13046875
8 0.8671875 0.3578125 0.02578125 0.13046875
0 0.971875 0.3640625 0.0265625 0.1046875
0 0.9484375 0.3625 0.01953125 0.109375
0 0.99296875 0.36484375 0.0140625 0.0984375
2 0.92109375 0.36171875 0.01875 0.11640625
0 0.9515625 0.50546875 0.0265625 0.10234375
1 0.99375 0.49921875 0.0125 0.0984375
1 0.97890625 0.49921875 0.01875 0.096875
2 0.9140625 0.51640625 0.01953125 0.11015625
18 0.88125 0.525 0.0171875 0.115625