3 0.9140625 0.95546875 0.05234375 0.08828125
3 0.765625 0.9171875 0.04296875 0.11484375
18 0.503125 0.56796875 0.04765625 0.11171875
18 0.30625 0.53671875 0.03359375 0.09375
0 0.8 0.44296875 0.05703125 0.14375
0 0.69765625 0.6 0.0546875 0.13359375
15 0.87421875 0.440625 0.084375 0.1640625
2 0.5671875 0.42890625 0.04296875 0.1234375
0 0.8203125 0.621875 0.0625 0.1421875
3 0.81171875 0.93515625 0.0453125 0.11875
18 0.41796875 0.55390625 0.03828125 0.10390625
3 0.86171875 0.946875 0.0484375 0.10625
0 0.7578125 0.6109375 0.059375 0.1359375
15 0.96015625 0.4453125 0.07734375 0.175
0 0.73203125 0.23359375 0.053125 0.1578125
23 0.43046875 0.79140625 0.03203125 0.0890625
0 0.63046875 0.24296875 0.04609375 0.146875
16 0.3625 0.65859375 0.0390625 0.08671875
23 0.4671875 0.80078125 0.0453125 0.0890625
0 0.5953125 0.58203125 0.0453125 0.12265625
2 0.60859375 0.43046875 0.0359375 0.125
0 0.79296875 0.22890625 0.0625 0.16328125
15 0.89375 0.6328125 0.07734375 0.1484375
0 0.54140625 0.2515625 0.040625 0.134375
2 0.65 0.434375 0.04296875 0.13125
0 0.7453125 0.440625 0.0484375 0.1375
0 0.6796875 0.2390625 0.04765625 0.153125
0 0.69609375 0.43671875 0.0453125 0.13359375
18 0.34140625 0.5421875 0.03359375 0.0953125
0 0.64375 0.590625 0.04609375 0.128125
18 0.378125 0.5484375 0.0359375 0.1
10 0.4953125 0.25703125 0.04765625 0.128125
22 0.86328125 0.23515625 0.0703125 0.14375
10 0.44765625 0.2625 0.04375 0.12265625
3 0.6796875 0.8859375 0.03828125 0.10859375
8 0.4703125 0.4171875 0.04140625 0.12734375
0 0.55 0.575 0.040625 0.11796875
18 0.45859375 0.56015625 0.0390625 0.10703125
8 0.51796875 0.41953125 0.05 0.13359375
3 0.721875 0.903125 0.0390625 0.1109375
8 0.246875 0.40703125 0.02890625 0.10703125
15 0.96796875 0.64765625 0.0625 0.1578125
8 0.42734375 0.41640625 0.040625 0.125
3 0.97109375 0.96640625 0.05703125 0.0671875
8 0.3875 0.4140625 0.03671875 0.1203125
10 0.215625 0.4046875 0.028125 0.10234375
8 0.27890625 0.40859375 0.03359375 0.11015625
3 0.640625 0.871875 0.0359375 0.10390625
0 0.584375 0.24765625 0.04375 0.140625
10 0.36953125 0.26875 0.03359375 0.11171875
22 0.93984375 0.22890625 0.07265625 0.15
23 0.37734375 0.771875 0.03125 0.084375
8 0.34921875 0.4125 0.03671875 0.11640625
17 0.27265625 0.5359375 0.028125 0.078125
10 0.40546875 0.265625 0.0359375 0.1171875
23 0.5140625 0.8265625 0.04140625 0.10078125
8 0.18671875 0.2859375 0.01875 0.0921875
17 0.2453125 0.53203125 0.02421875 0.075
23 0.403125 0.7796875 0.0265625 0.08359375
10 0.33359375 0.27421875 0.034375 0.10703125
8 0.29921875 0.278125 0.03125 0.10234375
23 0.35078125 0.7609375 0.03125 0.084375
17 0.22109375 0.528125 0.021875 0.07265625
8 0.14765625 0.2890625 0.0171875 0.0875
10 0.11484375 0.29140625 0.021875 0.08515625
8 0.209375 0.284375 0.0265625 0.09375
23 0.28828125 0.7375 0.03828125 0.07734375
8 0.2375 0.2828125 0.02578125 0.09609375
16 0.32890625 0.6515625 0.028125 0.0859375
8 0.26640625 0.2796875 0.03046875 0.1
17 0.1796875 0.52109375 0.01953125 0.06953125
22 0.98984375 0.2265625 0.01953125 0.15078125
8 0.1671875 0.28828125 0.01953125 0.08828125
23 0.25 0.72421875 0.034375 0.071875
23 0.32890625 0.75390625 0.028125 0.0796875
23 0.30703125 0.7453125 0.03125 0.07890625
17 0.2 0.52421875 0.01953125 0.0703125
10 0.18671875 0.40390625 0.02578125 0.1
10 0.1609375 0.40234375 0.02421875 0.09609375
8 0.31328125 0.41171875 0.03203125 0.1109375
16 0.3015625 0.64375 0.028125 0.08671875
23 0.5546875 0.83671875 0.04375 0.1015625
8 0.13046875 0.290625 0.0171875 0.0859375
17 0.15859375 0.5171875 0.02109375 0.065625
16 0.23515625 0.62734375 0.0265625 0.0765625