17 0.7765625 0.75703125 0.06484375 0.11640625
17 0.9265625 0.784375 0.07265625 0.11171875
1 0.678125 0.51796875 0.0625 0.14921875
12 0.77109375 0.18125 0.10859375 0.25703125
11 0.58515625 0.21171875 0.08203125 0.2265625
8 0.45625 0.24609375 0.05546875 0.1734375
2 0.74765625 0.51953125 0.0671875 0.153125
12 0.8828125 0.1625 0.10078125 0.2765625
17 0.57890625 0.7203125 0.06328125 0.12734375
1 0.61796875 0.5171875 0.05234375 0.14609375
2 0.825 0.521875 0.0765625 0.16640625
18 0.7078125 0.74921875 0.0625 0.1125
8 0.2890625 0.25625 0.06015625 0.1734375
19 0.33359375 0.6765625 0.059375 0.1265625
3 0.93203125 0.9375 0.06328125 0.125
8 0.51640625 0.240625 0.059375 0.17734375
17 0.84921875 0.7640625 0.0703125 0.121875
18 0.64375 0.740625 0.05703125 0.109375
8 0.34765625 0.2515625 0.05234375 0.178125
0 0.45703125 0.51328125 0.04765625 0.1328125
0 0.50859375 0.51484375 0.05078125 0.13515625
11 0.66875 0.20078125 0.0796875 0.2421875
5 0.534375 0.88359375 0.0484375 0.12421875
2 0.9140625 0.5203125 0.08671875 0.171875
10 0.2328125 0.2609375 0.05 0.1671875
18 0.39375 0.69375 0.05234375 0.115625
3 0.8109375 0.9296875 0.053125 0.140625
0 0.56328125 0.51640625 0.05234375 0.140625
2 0.3078125 0.49921875 0.04765625 0.13515625
5 0.365625 0.840625 0.03828125 0.11015625
10 0.40078125 0.24921875 0.05078125 0.17421875
10 0.17734375 0.26640625 0.0578125 0.15859375
5 0.4875 0.87109375 0.0390625 0.1234375
3 0.86875 0.9328125 0.05546875 0.13359375
4 0.75390625 0.9265625 0.053125 0.140625
5 0.40546875 0.85234375 0.0390625 0.1140625
0 0.41328125 0.53046875 0.040625 0.08828125
4 0.69765625 0.9125 0.05234375 0.14375
1 0.25703125 0.49765625 0.053125 0.1328125
5 0.44609375 0.85859375 0.0390625 0.11796875
2 0.3625 0.51015625 0.05703125 0.1203125
21 0.45234375 0.7015625 0.0578125 0.1203125
21 0.5125 0.71015625 0.059375 0.12265625