21 0.49453125 0.7109375 0.04453125 0.10859375
21 0.55234375 0.71875 0.06015625 0.11015625
18 0.61484375 0.73046875 0.06015625 0.12421875
16 0.70703125 0.909375 0.053125 0.140625
16 0.76640625 0.925 0.0625 0.14609375
8 0.4078125 0.39765625 0.0578125 0.13203125
16 0.5984375 0.878125 0.04375 0.1296875
18 0.6796875 0.7390625 0.0625 0.125
16 0.5484375 0.86953125 0.05234375 0.13125
17 0.19453125 0.534375 0.0484375 0.1046875
2 0.85625 0.16640625 0.09296875 0.21328125
2 0.803125 0.7609375 0.06171875 0.134375
1 0.7421875 0.75078125 0.05546875 0.13203125
10 0.82421875 0.39453125 0.0859375 0.1703125
17 0.90234375 0.5953125 0.09921875 0.15859375
10 0.7390625 0.3953125 0.075 0.16171875
17 0.2796875 0.228125 0.06484375 0.159375
17 0.7125 0.57734375 0.0765625 0.13984375
8 0.3015625 0.4 0.04609375 0.12265625
10 0.46640625 0.39765625 0.0546875 0.13359375
16 0.65 0.8953125 0.05546875 0.140625
1 0.6703125 0.18515625 0.0765625 0.19609375
10 0.596875 0.3953125 0.065625 0.1484375
2 0.86953125 0.7703125 0.065625 0.13515625
17 0.24765625 0.53828125 0.05234375 0.10859375
10 0.528125 0.396875 0.0625 0.13984375
10 0.665625 0.39453125 0.06484375 0.1546875
17 0.80078125 0.5859375 0.09296875 0.15
8 0.21015625 0.4 0.040625 0.11640625
2 0.75546875 0.178125 0.0859375 0.20625
8 0.3515625 0.39921875 0.05 0.128125
10 0.9234375 0.3890625 0.10390625 0.171875
8 0.36953125 0.6859375 0.040625 0.10703125
18 0.63203125 0.57109375 0.0765625 0.13046875
8 0.16796875 0.4 0.03828125 0.1125
18 0.3 0.5421875 0.0484375 0.11171875
8 0.25390625 0.4 0.04375 0.11953125
0 0.94453125 0.7828125 0.07890625 0.13828125
17 0.13828125 0.53203125 0.0578125 0.1046875
17 0.41640625 0.69765625 0.0484375 0.0984375
1 0.59375 0.19375 0.071875 0.18984375
21 0.09453125 0.2484375 0.0578125 0.140625
21 0.14921875 0.240625 0.0671875 0.1515625
17 0.215625 0.23515625 0.05703125 0.1546875
8 0.32890625 0.67890625 0.0359375 0.10390625
12 0.20234375 0.659375 0.034375 0.1
12 0.16171875 0.653125 0.04296875 0.096875
8 0.13515625 0.3984375 0.0265625 0.1078125
11 0.284375 0.671875 0.04765625 0.10703125
1 0.51875 0.19765625 0.07421875 0.19375
16 0.44921875 0.84765625 0.05 0.12421875
16 0.496875 0.859375 0.04609375 0.1296875
17 0.45703125 0.7046875 0.02890625 0.103125
21 0.48125 0.58671875 0.06015625 0.06796875
19 0.5546875 0.5671875 0.0703125 0.12421875
16 0.8984375 0.95234375 0.06171875 0.09453125
16 0.96875 0.959375 0.059375 0.08046875
11 0.23984375 0.66640625 0.03828125 0.10390625
21 0.353125 0.2 0.08515625 0.20546875
21 0.35078125 0.5421875 0.06171875 0.121875
21 0.4125 0.55390625 0.065625 0.11875
16 0.8265625 0.94375 0.05546875 0.11171875