18 0.38671875 0.48046875 0.03203125 0.2015625
17 0.52265625 0.56875 0.05 0.23828125
17 0.4734375 0.5359375 0.04609375 0.2265625
17 0.425 0.5078125 0.04453125 0.21328125
18 0.34921875 0.459375 0.0375 0.190625
2 0.384375 0.19765625 0.03984375 0.24921875
3 0.7796875 0.25625 0.084375 0.43046875
4 0.94375 0.2875 0.1109375 0.49453125
3 0.7046875 0.24453125 0.08125 0.3984375
5 0.8578125 0.2734375 0.0984375 0.46796875
1 0.3515625 0.1984375 0.0234375 0.21796875
0 0.2984375 0.1890625 0.02421875 0.19921875
1 0.32578125 0.19453125 0.0265625 0.20625
17 0.13046875 0.1578125 0.0140625 0.12734375
10 0.16171875 0.3421875 0.0203125 0.15546875
17 0.9171875 0.80703125 0.12265625 0.36015625
0 0.27421875 0.18359375 0.021875 0.190625
18 0.11484375 0.15390625 0.0140625 0.121875
17 0.1453125 0.16015625 0.015625 0.1296875
17 0.16171875 0.1640625 0.01484375 0.13203125
17 0.08125 0.14609375 0.01328125 0.1109375
0 0.253125 0.18046875 0.01875 0.1796875
17 0.09296875 0.14921875 0.01015625 0.1109375
18 0.10390625 0.1515625 0.009375 0.11953125
10 0.18203125 0.3546875 0.015625 0.15546875
10 0.14375 0.33203125 0.0140625 0.15078125
21 0.7921875 0.7375 0.1234375 0.36328125
21 0.6828125 0.66015625 0.08125 0.29921875
21 0.58046875 0.6078125 0.06484375 0.29765625
21 0.3046875 0.43203125 0.03828125 0.16640625