17 0.31484375 0.67109375 0.08359375 0.14375
17 0.23203125 0.66796875 0.075 0.125
10 0.30703125 0.23125 0.06484375 0.1828125
8 0.50859375 0.22734375 0.06484375 0.1796875
8 0.95625 0.2375 0.071875 0.13203125
18 0.14140625 0.68828125 0.09296875 0.14921875
0 0.11953125 0.4890625 0.084375 0.18203125
8 0.57734375 0.2296875 0.06484375 0.17109375
0 0.28671875 0.48046875 0.07734375 0.17890625
10 0.8046875 0.2296875 0.07265625 0.1578125
10 0.37421875 0.2296875 0.06484375 0.1828125
8 0.44140625 0.22890625 0.06328125 0.18125
1 0.6578125 0.4578125 0.065625 0.16484375
1 0.72734375 0.45390625 0.06796875 0.1640625
10 0.653125 0.2296875 0.075 0.16875
10 0.72890625 0.22890625 0.06796875 0.16484375
0 0.2046875 0.484375 0.0796875 0.18046875
11 0.15234375 0.228125 0.096875 0.2
18 0.0421875 0.7 0.084375 0.15546875
1 0.58828125 0.4609375 0.06796875 0.1640625
11 0.05078125 0.2359375 0.09609375 0.19296875
1 0.51640625 0.47109375 0.06796875 0.15625
1 0.79453125 0.45 0.06171875 0.16171875
0 0.44296875 0.47421875 0.07421875 0.1625
0 0.365625 0.47421875 0.0765625 0.17734375
2 0.9234375 0.43984375 0.06484375 0.1328125
0 0.0375 0.4953125 0.075 0.18671875
10 0.23828125 0.23203125 0.0671875 0.18671875
8 0.88046875 0.2359375 0.0703125 0.13984375
2 0.97890625 0.43046875 0.04140625 0.15390625
18 0.6953125 0.79765625 0.06015625 0.11796875
2 0.85859375 0.44609375 0.06015625 0.15625
19 0.79140625 0.6171875 0.08359375 0.11015625