3 0.61015625 0.91875 0.065625 0.1625
5 0.75859375 0.93046875 0.07265625 0.1390625
16 0.86875 0.75625 0.06953125 0.15859375
17 0.4453125 0.7046875 0.0625 0.13203125
2 0.38671875 0.490625 0.05703125 0.15546875
17 0.51015625 0.7125 0.059375 0.1375
2 0.4453125 0.490625 0.05546875 0.159375
8 0.3625 0.25625 0.0671875 0.1796875
1 0.8515625 0.5015625 0.09296875 0.19765625
10 0.50703125 0.24921875 0.06796875 0.18984375
1 0.759375 0.49375 0.08359375 0.1984375
17 0.3796875 0.696875 0.06328125 0.13046875
1 0.6734375 0.48984375 0.0796875 0.1890625
4 0.91328125 0.94375 0.07890625 0.1125
17 0.57734375 0.728125 0.06796875 0.1265625
10 0.575 0.25390625 0.06328125 0.178125
17 0.7234375 0.740625 0.071875 0.134375
8 0.2921875 0.25859375 0.06796875 0.17734375
17 0.64921875 0.7359375 0.06953125 0.13203125
0 0.5921875 0.4875 0.07734375 0.18515625
10 0.715625 0.24765625 0.07265625 0.1828125
2 0.3265625 0.48828125 0.0578125 0.15
8 0.79296875 0.24140625 0.075 0.18984375
0 0.5125 0.4859375 0.075 0.1796875
10 0.434375 0.25234375 0.06953125 0.1859375
8 0.87421875 0.24453125 0.0796875 0.18046875
10 0.6421875 0.2515625 0.0671875 0.18046875
8 0.2265625 0.26171875 0.0578125 0.16953125
16 0.796875 0.746875 0.0671875 0.14921875
16 0.94375 0.76640625 0.07265625 0.14921875
17 0.18359375 0.6609375 0.06328125 0.1421875
14 0.43203125 0.884375 0.05703125 0.1546875
14 0.084375 0.81484375 0.0453125 0.13359375
2 0.94140625 0.51015625 0.08125 0.18828125
0 0.27109375 0.48671875 0.05078125 0.14296875
3 0.54609375 0.90703125 0.0578125 0.1609375
5 0.6828125 0.9234375 0.071875 0.153125
8 0.95859375 0.24765625 0.08125 0.1703125
14 0.1296875 0.82421875 0.05 0.1375
11 0.059375 0.265625 0.06484375 0.17109375
24 0.0703125 0.659375 0.04140625 0.11015625
24 0.1203125 0.665625 0.05234375 0.11484375
14 0.04140625 0.80625 0.04609375 0.1328125
24 0.0234375 0.65234375 0.046875 0.1078125
11 0.01328125 0.271875 0.0265625 0.1625
14 0.325 0.8625 0.053125 0.15
0 0.21875 0.4859375 0.05 0.13828125
14 0.37734375 0.871875 0.05703125 0.1515625
14 0.4875 0.8953125 0.0578125 0.1609375
6 0.021875 0.46015625 0.04296875 0.1625
14 0.2734375 0.8546875 0.0546875 0.1484375
4 0.83515625 0.93671875 0.07421875 0.125
2 0.990625 0.5109375 0.01875 0.19453125
14 0.22109375 0.8453125 0.053125 0.1484375
14 0.175 0.83671875 0.0453125 0.14375
16 0.2375 0.97734375 0.0625 0.0453125
16 0.04765625 0.95625 0.0453125 0.08671875
16 0.9921875 0.7703125 0.01484375 0.16328125