2 0.38671875 0.690625 0.0859375 0.12734375
1 0.78203125 0.62734375 0.05703125 0.10078125
2 0.19765625 0.6703125 0.10078125 0.2546875
1 0.6390625 0.6140625 0.06796875 0.184375
16 0.56328125 0.884375 0.07734375 0.22734375
1 0.559375 0.6203125 0.08359375 0.19609375
10 0.86796875 0.38359375 0.06171875 0.1609375
8 0.32109375 0.35625 0.09375 0.2515625
10 0.8078125 0.38203125 0.05234375 0.16875
10 0.75234375 0.3796875 0.0546875 0.17890625
16 0.3203125 0.9171875 0.0890625 0.165625
8 0.69296875 0.3765625 0.059375 0.18515625
10 0.4890625 0.36484375 0.06484375 0.2265625
8 0.62265625 0.3703125 0.0765625 0.2015625
10 0.55234375 0.36796875 0.06015625 0.21640625
2 0.4734375 0.67265625 0.0796875 0.1203125
8 0.9671875 0.38515625 0.05 0.1484375
3 0.90390625 0.95390625 0.040625 0.0921875
16 0.41015625 0.90625 0.0890625 0.1875
3 0.94453125 0.946875 0.03828125 0.10625
3 0.8234375 0.9734375 0.040625 0.053125
17 0.09609375 0.36328125 0.13046875 0.25234375
1 0.7140625 0.6359375 0.071875 0.1078125
0 0.8359375 0.5859375 0.0546875 0.15859375
8 0.4125 0.3609375 0.084375 0.24140625
10 0.92109375 0.38359375 0.040625 0.15546875
3 0.86484375 0.9640625 0.034375 0.0703125
16 0.73359375 0.83046875 0.06484375 0.1921875
8 0.21875 0.35234375 0.10390625 0.265625
16 0.8515625 0.8 0.05 0.1828125
16 0.4890625 0.89609375 0.0671875 0.2078125
17 0.06171875 0.95546875 0.1203125 0.08828125
17 0.20390625 0.93046875 0.1484375 0.1390625
16 0.8984375 0.7859375 0.04140625 0.175
16 0.62578125 0.8640625 0.04765625 0.2109375
16 0.796875 0.815625 0.0578125 0.18984375
2 0.08359375 0.68515625 0.1171875 0.27109375
0 0.89140625 0.57890625 0.05078125 0.153125
0 0.296875 0.70546875 0.0859375 0.13984375
16 0.9375 0.77109375 0.03671875 0.16953125
17 0.01171875 0.36953125 0.0234375 0.25
16 0.675 0.84453125 0.05078125 0.19453125
0 0.9453125 0.57265625 0.05703125 0.1484375
16 0.97421875 0.75859375 0.0359375 0.1609375
3 0.98671875 0.93671875 0.0265625 0.125
3 0.7734375 0.984375 0.053125 0.03125
2 0.990625 0.55625 0.01875 0.13125
16 0.9953125 0.75546875 0.009375 0.16328125