17 0.3484375 0.7515625 0.06015625 0.1421875
3 0.5984375 0.96015625 0.0703125 0.07890625
17 0.54609375 0.7953125 0.0703125 0.14296875
1 0.6171875 0.525 0.084375 0.21875
17 0.4125 0.76171875 0.0625 0.14765625
8 0.2890625 0.2796875 0.06328125 0.18984375
2 0.33125 0.528125 0.053125 0.165625
1 0.70859375 0.534375 0.09296875 0.21953125
17 0.62265625 0.80703125 0.07421875 0.15078125
2 0.38515625 0.53046875 0.053125 0.1734375
17 0.70234375 0.815625 0.07734375 0.1546875
10 0.6359375 0.24453125 0.075 0.21015625
8 0.71953125 0.23671875 0.084375 0.2140625
0 0.45234375 0.52421875 0.07734375 0.2
10 0.56015625 0.2546875 0.06953125 0.203125
8 0.22421875 0.2890625 0.0625 0.1828125
10 0.4234375 0.2625 0.065625 0.20625
17 0.47734375 0.7734375 0.06015625 0.15703125
10 0.490625 0.26171875 0.06484375 0.19765625
8 0.8125 0.24296875 0.090625 0.184375
2 0.2765625 0.5265625 0.05234375 0.16171875
8 0.92109375 0.240625 0.1125 0.171875
1 0.81328125 0.54296875 0.10625 0.225
0 0.22578125 0.52578125 0.04609375 0.15703125
0 0.53203125 0.52421875 0.0796875 0.20859375
8 0.16796875 0.29453125 0.04765625 0.175
10 0.35546875 0.2703125 0.0671875 0.1984375
11 0.03046875 0.309375 0.06015625 0.171875
16 0.86953125 0.8453125 0.08359375 0.1921875
24 0.1203125 0.71015625 0.05078125 0.11875
16 0.95625 0.86171875 0.0796875 0.1890625
0 0.17890625 0.525 0.04375 0.15
24 0.0765625 0.70234375 0.03125 0.1125
24 0.03671875 0.6953125 0.04296875 0.11015625
6 0.01875 0.50625 0.03671875 0.15859375
5 0.6765625 0.97109375 0.0796875 0.0578125
3 0.52890625 0.953125 0.06171875 0.09375
2 0.92109375 0.54921875 0.10078125 0.221875
14 0.09921875 0.86328125 0.0390625 0.1265625
14 0.06171875 0.853125 0.040625 0.125
17 0.175 0.7078125 0.0546875 0.1453125
16 0.784375 0.828125 0.0796875 0.175
14 0.1375 0.8734375 0.040625 0.13125
16 0.76015625 0.98125 0.0765625 0.0375