1 0.2734375 0.71015625 0.1109375 0.296875
2 0.05703125 0.346875 0.11328125 0.3015625
2 0.17109375 0.36796875 0.1078125 0.27109375
1 0.109375 0.72734375 0.209375 0.334375
2 0.37890625 0.69921875 0.09453125 0.26796875
6 0.37421875 0.38984375 0.10390625 0.25078125
6 0.634375 0.43359375 0.06484375 0.2015625
6 0.5609375 0.4125 0.07734375 0.2328125
6 0.475 0.39609375 0.08828125 0.25078125
2 0.46796875 0.68984375 0.08125 0.24453125
0 0.67734375 0.67265625 0.0484375 0.18515625
0 0.621875 0.6765625 0.059375 0.2046875
0 0.55 0.68203125 0.08203125 0.22421875
8 0.896875 0.64453125 0.02578125 0.11875
0 0.72265625 0.6671875 0.040625 0.1734375
2 0.2734375 0.38203125 0.0890625 0.2515625
8 0.92890625 0.64140625 0.0359375 0.11484375
8 0.8671875 0.64921875 0.03125 0.125
8 0.76171875 0.66484375 0.03671875 0.15859375
8 0.69296875 0.45859375 0.04609375 0.16171875
8 0.72890625 0.4640625 0.02578125 0.15390625