1 0.5890625 0.38828125 0.0671875 0.2328125
2 0.4515625 0.396875 0.07265625 0.24140625
0 0.046875 0.365625 0.09375 0.36953125
1 0.52109375 0.38984375 0.0625 0.23984375
16 0.16796875 0.80546875 0.10859375 0.3390625
2 0.36875 0.38359375 0.08671875 0.28203125
16 0.26953125 0.778125 0.09453125 0.315625
16 0.5078125 0.71796875 0.06015625 0.25859375
2 0.26640625 0.38125 0.11015625 0.30234375
0 0.15234375 0.3890625 0.1125 0.3109375
16 0.753125 0.67734375 0.0625 0.153125
16 0.56953125 0.69921875 0.06328125 0.2484375
16 0.36015625 0.753125 0.084375 0.29375
10 0.88203125 0.4015625 0.04296875 0.16328125
8 0.6578125 0.39375 0.065625 0.2140625
16 0.0578125 0.82734375 0.115625 0.3453125
8 0.71328125 0.39765625 0.0453125 0.1953125
16 0.628125 0.68984375 0.05703125 0.23515625
16 0.44140625 0.7375 0.07421875 0.28046875
8 0.809375 0.40546875 0.04140625 0.165625
8 0.7625 0.4046875 0.0484375 0.17265625
8 0.84453125 0.4046875 0.028125 0.159375
10 0.92109375 0.40859375 0.03203125 0.1453125
10 0.95078125 0.40859375 0.02578125 0.13984375
16 0.6921875 0.684375 0.0625 0.1609375