2 0.5546875 0.35078125 0.06171875 0.2359375
4 0.34296875 0.68203125 0.0859375 0.25078125
4 0.2578125 0.71796875 0.090625 0.26875
1 0.23515625 0.37890625 0.1015625 0.2953125
2 0.61328125 0.34296875 0.05078125 0.2234375
6 0.525 0.62578125 0.065625 0.2296875
4 0.16640625 0.7515625 0.10546875 0.28671875
2 0.1203125 0.39296875 0.125 0.31953125
6 0.4390625 0.6515625 0.09921875 0.24375
4 0.06171875 0.79453125 0.1234375 0.3078125
2 0.028125 0.4109375 0.05546875 0.3359375
1 0.3296875 0.371875 0.08671875 0.27421875
6 0.6484375 0.5796875 0.065625 0.19453125
0 0.41484375 0.3671875 0.08125 0.253125
1 0.665625 0.3390625 0.05 0.20859375
0 0.48984375 0.3625 0.06484375 0.23671875
1 0.715625 0.33359375 0.04609375 0.19765625
6 0.5859375 0.6 0.05703125 0.203125
0 0.79296875 0.33046875 0.03125 0.16953125
12 0.9296875 0.47890625 0.0359375 0.1296875
10 0.88671875 0.32734375 0.01875 0.13125
10 0.909375 0.3234375 0.0234375 0.1265625
0 0.75859375 0.33125 0.0359375 0.1796875
12 0.90078125 0.48359375 0.021875 0.13515625
0 0.82421875 0.3328125 0.02890625 0.14921875
8 0.86484375 0.33125 0.0234375 0.13359375
6 0.715625 0.5515625 0.0578125 0.16640625
12 0.8765625 0.49296875 0.0265625 0.13984375
10 0.9328125 0.321875 0.02109375 0.125
10 0.965625 0.31640625 0.02578125 0.12421875