2 0.16328125 0.41328125 0.03359375 0.159375
2 0.24765625 0.41328125 0.04375 0.165625
2 0.20234375 0.4125 0.04296875 0.16484375
8 0.490625 0.4046875 0.0625 0.215625
8 0.65 0.39921875 0.071875 0.2453125
10 0.846875 0.38828125 0.11015625 0.29453125
10 0.7375 0.38046875 0.0984375 0.296875
10 0.953125 0.3796875 0.09375 0.328125
8 0.56640625 0.403125 0.08359375 0.22578125
8 0.4390625 0.4015625 0.03671875 0.2140625
1 0.2921875 0.40546875 0.040625 0.18671875
1 0.33046875 0.4046875 0.03359375 0.1953125
16 0.359375 0.6765625 0.05 0.21015625
8 0.3828125 0.4015625 0.0703125 0.209375
4 0.0078125 0.41484375 0.01484375 0.1375
16 0.23515625 0.640625 0.0390625 0.1921875
4 0.03359375 0.41328125 0.034375 0.14296875
0 0.13125 0.4171875 0.02890625 0.1484375
16 0.16875 0.6265625 0.05546875 0.17109375
16 0.10625 0.615625 0.065625 0.15625
5 0.06328125 0.41328125 0.028125 0.146875