11 0.5125 0.5578125 0.07734375 0.1890625
12 0.88046875 0.65703125 0.09453125 0.146875
1 0.29375 0.34140625 0.05 0.1703125
12 0.78203125 0.60078125 0.09296875 0.2171875
8 0.61640625 0.34375 0.06484375 0.18828125
8 0.54921875 0.3453125 0.06484375 0.18125
10 0.834375 0.33828125 0.0859375 0.22109375
2 0.20078125 0.3421875 0.0453125 0.1609375
11 0.43828125 0.55078125 0.06484375 0.18046875
0 0.409375 0.3390625 0.059375 0.18515625
10 0.68359375 0.3390625 0.06484375 0.1984375
2 0.15703125 0.34453125 0.0390625 0.153125
0 0.34921875 0.33984375 0.05546875 0.17734375
1 0.246875 0.34140625 0.04296875 0.16640625
0 0.47734375 0.3375 0.071875 0.1921875
11 0.59296875 0.571875 0.07734375 0.196875
11 0.3734375 0.54140625 0.05703125 0.17265625
8 0.940625 0.33671875 0.11796875 0.23359375
10 0.753125 0.3390625 0.071875 0.21015625
1 0.05703125 0.35 0.03203125 0.12421875
12 0.6875 0.59296875 0.08828125 0.19609375
12 0.9671875 0.67265625 0.065625 0.146875
0 0.11796875 0.35234375 0.034375 0.1328125
2 0.0078125 0.3515625 0.01484375 0.11875
0 0.08671875 0.35078125 0.028125 0.12734375
6 0.178125 0.5171875 0.05234375 0.146875
1 0.028125 0.35078125 0.02421875 0.1203125
4 0.03046875 0.4984375 0.04609375 0.11796875
3 0.0328125 0.63046875 0.03203125 0.10390625
4 0.07109375 0.503125 0.03125 0.1234375
4 0.0078125 0.6265625 0.01484375 0.103125
4 0.1015625 0.50625 0.03359375 0.12734375
6 0.13515625 0.5125 0.03125 0.13984375
18 0.9609375 0.91875 0.07421875 0.15625
6 0.31953125 0.53203125 0.04765625 0.1640625