1 0.56484375 0.4734375 0.0765625 0.209375
17 0.575 0.74921875 0.0765625 0.16328125
17 0.7375 0.79375 0.08359375 0.18125
17 0.6546875 0.76875 0.075 0.17265625
0 0.4921875 0.46953125 0.06484375 0.2015625
1 0.6484375 0.48359375 0.084375 0.2125
17 0.834375 0.81875 0.103125 0.1921875
24 0.45546875 0.91796875 0.071875 0.16171875
8 0.61328125 0.20625 0.0703125 0.18984375
10 0.54375 0.20546875 0.06328125 0.20078125
1 0.73828125 0.49296875 0.08828125 0.22109375
1 0.84921875 0.490625 0.1296875 0.2546875
2 0.1234375 0.4421875 0.04140625 0.1484375
8 0.690625 0.21015625 0.07890625 0.171875
2 0.16875 0.44375 0.04375 0.15546875
0 0.4265625 0.46484375 0.06171875 0.190625
8 0.36015625 0.2171875 0.06484375 0.2
2 0.21484375 0.44765625 0.04609375 0.1609375
8 0.77734375 0.2109375 0.084375 0.1609375
10 0.48125 0.2109375 0.05546875 0.19765625
0 0.36953125 0.46015625 0.05078125 0.1796875
10 0.4234375 0.2171875 0.05546875 0.1953125
18 0.4890625 0.7265625 0.07734375 0.15546875
2 0.08046875 0.43984375 0.040625 0.1421875
0 0.26171875 0.45390625 0.04375 0.16328125
18 0.4171875 0.7109375 0.06015625 0.15
8 0.29921875 0.22421875 0.05234375 0.18984375
0 0.31328125 0.4578125 0.05546875 0.16953125
24 0.384375 0.89375 0.06328125 0.15546875
18 0.35546875 0.6921875 0.0578125 0.140625
2 0.04296875 0.43671875 0.03359375 0.13984375
8 0.1515625 0.24140625 0.05 0.17265625
10 0.01875 0.25234375 0.0375 0.1578125
10 0.253125 0.23203125 0.03671875 0.17890625
8 0.87421875 0.21015625 0.10078125 0.15
10 0.06328125 0.25078125 0.04375 0.1609375
10 0.2046875 0.23671875 0.05234375 0.1734375
8 0.1046875 0.246875 0.0390625 0.1671875
11 0.01015625 0.4296875 0.0203125 0.134375
24 0.28828125 0.8484375 0.0703125 0.13828125