2 0.246875 0.51953125 0.10546875 0.25859375
2 0.5078125 0.49296875 0.06953125 0.2109375
2 0.43203125 0.49921875 0.07890625 0.225
18 0.69296875 0.7125 0.0578125 0.14375
10 0.54609375 0.228125 0.07421875 0.20234375
2 0.346875 0.51015625 0.0890625 0.2390625
10 0.21328125 0.2125 0.1203125 0.2125
18 0.75546875 0.69609375 0.053125 0.1359375
0 0.809375 0.48125 0.05 0.1328125
2 0.11484375 0.528125 0.14609375 0.27421875
17 0.8921875 0.65546875 0.0359375 0.11640625
10 0.07265625 0.2015625 0.14375 0.2140625
10 0.61484375 0.234375 0.06015625 0.18984375
0 0.6421875 0.48125 0.06328125 0.190625
18 0.80546875 0.68515625 0.04140625 0.12734375
0 0.5765625 0.48515625 0.06484375 0.19765625
0 0.70234375 0.47578125 0.05234375 0.17890625
1 0.89609375 0.45625 0.03828125 0.1515625
1 0.93515625 0.4515625 0.03828125 0.1484375
8 0.45625 0.2203125 0.0984375 0.215625
17 0.63125 0.73515625 0.0546875 0.14609375
17 0.9296875 0.64375 0.03671875 0.1125
10 0.79609375 0.25078125 0.0390625 0.1640625
1 0.85625 0.4703125 0.0390625 0.1421875
0 0.75625 0.48359375 0.05234375 0.1453125
10 0.834375 0.2515625 0.03671875 0.16328125
10 0.87421875 0.2546875 0.0390625 0.1578125
17 0.96640625 0.6359375 0.03359375 0.109375
8 0.340625 0.21640625 0.12421875 0.2171875
17 0.85078125 0.66640625 0.04140625 0.1203125
8 0.978125 0.275 0.028125 0.11640625
8 0.684375 0.24453125 0.0703125 0.171875
1 0.97421875 0.45 0.0359375 0.13984375
8 0.74765625 0.24921875 0.053125 0.1640625
8 0.91328125 0.27265625 0.0359375 0.1234375