19 0.39375 0.45078125 0.0421875 0.07421875
12 0.42265625 0.55859375 0.05078125 0.11171875
19 0.35 0.4515625 0.0421875 0.07421875
1 0.81484375 0.303125 0.04609375 0.0875
19 0.30625 0.45234375 0.040625 0.07578125
11 0.2015625 0.5703125 0.05859375 0.115625
16 0.7734375 0.6609375 0.03671875 0.1
17 0.7953125 0.54296875 0.0546875 0.10078125
16 0.7359375 0.665625 0.03515625 0.10078125
17 0.73828125 0.5453125 0.05625 0.10234375
18 0.478125 0.5609375 0.05078125 0.09765625
11 0.31796875 0.56484375 0.046875 0.11171875
17 0.6046875 0.43984375 0.0390625 0.08046875
8 0.2890625 0.30078125 0.05625 0.09765625
0 0.5921875 0.30234375 0.04453125 0.0875
18 0.81953125 0.43359375 0.03671875 0.0796875
12 0.3703125 0.56171875 0.05234375 0.1125
11 0.26328125 0.5671875 0.0578125 0.11484375
10 0.49765625 0.30234375 0.046875 0.09140625
17 0.2625 0.453125 0.04296875 0.07578125
18 0.68125 0.54765625 0.05234375 0.103125
16 0.8109375 0.66015625 0.03515625 0.09921875
10 0.54609375 0.30234375 0.04609375 0.0875
16 0.69765625 0.66640625 0.03828125 0.10078125
16 0.84609375 0.65703125 0.034375 0.1
8 0.44609375 0.3015625 0.05 0.0953125
0 0.6375 0.30234375 0.0421875 0.0875
17 0.64609375 0.4390625 0.0390625 0.0796875
18 0.62578125 0.54921875 0.05078125 0.1046875
19 0.43515625 0.44921875 0.03828125 0.0734375
1 0.7265625 0.30234375 0.0421875 0.0859375
8 0.37890625 0.3 0.05625 0.09921875
24 0.89375 0.42578125 0.03671875 0.08828125
1 0.68203125 0.30234375 0.04296875 0.0875
24 0.934375 0.42421875 0.0390625 0.08828125
8 0.2140625 0.3 0.05625 0.096875
1 0.76953125 0.303125 0.0421875 0.08828125
16 0.9640625 0.646875 0.02734375 0.0921875
24 0.971875 0.4234375 0.03125 0.0875
24 0.8625 0.3078125 0.04296875 0.07734375
16 0.9296875 0.6484375 0.0390625 0.0953125
24 0.90625 0.30703125 0.03828125 0.07734375
16 0.9890625 0.64453125 0.021875 0.0921875
24 0.8578125 0.4265625 0.034375 0.0890625
24 0.99375 0.421875 0.01171875 0.0875
18 0.77734375 0.43515625 0.04609375 0.08046875
18 0.73046875 0.43671875 0.0390625 0.0796875
24 0.94609375 0.30703125 0.03671875 0.07734375
21 0.21484375 0.4546875 0.05 0.07734375
24 0.98359375 0.30703125 0.0328125 0.0765625