8 0.31171875 0.278125 0.06171875 0.19765625
8 0.4140625 0.52421875 0.05390625 0.18515625
10 0.28203125 0.54296875 0.07578125 0.20625
10 0.1609375 0.265625 0.08359375 0.22265625
11 0.053125 0.22578125 0.10625 0.30859375
3 0.75546875 0.628125 0.034375 0.11171875
10 0.1984375 0.54609375 0.07734375 0.2125
8 0.35390625 0.53203125 0.0640625 0.1953125
17 0.47421875 0.51953125 0.05859375 0.1703125
18 0.5296875 0.31171875 0.06171875 0.14296875
8 0.36953125 0.284375 0.05 0.1859375
9 0.2421875 0.27421875 0.0734375 0.2109375
16 0.5375 0.7 0.040625 0.153125
18 0.6265625 0.5015625 0.046875 0.14609375
16 0.5765625 0.6875 0.03515625 0.14765625
2 0.7296875 0.48671875 0.04609375 0.13046875
17 0.66015625 0.32890625 0.03828125 0.11171875
10 0.13359375 0.51875 0.04296875 0.15625
2 0.765625 0.48203125 0.02578125 0.12421875
2 0.78203125 0.321875 0.02578125 0.12421875
3 0.78515625 0.62109375 0.0234375 0.10859375
17 0.69296875 0.328125 0.02734375 0.11171875
0 0.75703125 0.3203125 0.02578125 0.1265625
1 0.72578125 0.31796875 0.03671875 0.128125
1 0.7921875 0.478125 0.02890625 0.11796875
16 0.67265625 0.65703125 0.02734375 0.1265625
16 0.696875 0.64375 0.02109375 0.1234375
17 0.53203125 0.5140625 0.05390625 0.1625
16 0.64609375 0.66640625 0.02109375 0.13515625
0 0.8203125 0.47734375 0.02734375 0.115625
18 0.5765625 0.32421875 0.02890625 0.1234375