17 0.38671875 0.328125 0.04453125 0.1421875
19 0.25 0.2953125 0.05859375 0.1296875
17 0.43671875 0.3421875 0.05 0.14921875
18 0.61484375 0.3890625 0.071875 0.16484375
10 0.884375 0.14921875 0.11484375 0.23828125
10 0.459375 0.11171875 0.03515625 0.18125
10 0.81796875 0.46484375 0.10078125 0.203125
6 0.86484375 0.934375 0.0984375 0.13125
10 0.50546875 0.11484375 0.05390625 0.1875
10 0.678125 0.1328125 0.07734375 0.2046875
10 0.41953125 0.10859375 0.0421875 0.17265625
10 0.7296875 0.44140625 0.08125 0.19375
10 0.76640625 0.14140625 0.0953125 0.215625
10 0.6109375 0.12421875 0.0578125 0.20234375
8 0.26953125 0.1046875 0.02890625 0.1390625
10 0.5578125 0.11875 0.05 0.1953125
8 0.334375 0.10625 0.0328125 0.153125
18 0.52421875 0.3765625 0.06796875 0.1625
8 0.30078125 0.10625 0.0296875 0.14375
19 0.29921875 0.29296875 0.03828125 0.13046875
8 0.18984375 0.096875 0.021875 0.1296875
10 0.3734375 0.10625 0.04453125 0.16484375
8 0.165625 0.09296875 0.02578125 0.1296875
8 0.2140625 0.09921875 0.02109375 0.13046875
8 0.2390625 0.1015625 0.02734375 0.134375
17 0.47890625 0.35703125 0.02890625 0.146875
3 0.40625 0.6796875 0.0296875 0.11015625
19 0.33515625 0.29921875 0.0296875 0.13359375
19 0.2 0.2859375 0.03515625 0.12734375
3 0.3734375 0.659375 0.03125 0.10859375
17 0.3578125 0.31484375 0.015625 0.1421875
14 0.33515625 0.48203125 0.05078125 0.11953125
6 0.96015625 0.96484375 0.078125 0.06953125