10 0.20625 0.1265625 0.06640625 0.20859375
10 0.134375 0.1296875 0.07734375 0.2109375
8 0.51328125 0.11015625 0.0578125 0.1875
8 0.26796875 0.125 0.06015625 0.19609375
10 0.45390625 0.11171875 0.0578125 0.19609375
10 0.39296875 0.1125 0.06015625 0.20234375
8 0.3296875 0.12265625 0.06171875 0.1921875
8 0.565625 0.11015625 0.04453125 0.17734375
5 0.73828125 0.09765625 0.03828125 0.16875
17 0.69375 0.10859375 0.04609375 0.153125
17 0.65234375 0.11015625 0.03515625 0.15859375
5 0.77421875 0.096875 0.03125 0.16640625
18 0.6109375 0.1109375 0.04453125 0.165625
10 0.01328125 0.1234375 0.02578125 0.1921875