18 0.2796875 0.40859375 0.03125 0.0875
2 0.2484375 0.4078125 0.02890625 0.0921875
8 0.56953125 0.54453125 0.046875 0.128125
0 0.31015625 0.5375 0.034375 0.11015625
17 0.38125 0.4015625 0.03515625 0.09296875
8 0.6203125 0.54453125 0.05 0.13515625
10 0.74609375 0.54765625 0.06796875 0.14921875
8 0.678125 0.54609375 0.06171875 0.1421875
18 0.434375 0.6953125 0.0421875 0.12421875
17 0.54609375 0.7125 0.0578125 0.1359375
17 0.34609375 0.4046875 0.0328125 0.08984375
2 0.178125 0.534375 0.02578125 0.10078125
24 0.50859375 0.39296875 0.04453125 0.1
7 0.2421875 0.5359375 0.0328125 0.1046875
8 0.6453125 0.3734375 0.046875 0.1234375
17 0.38671875 0.6859375 0.0484375 0.12734375
24 0.4203125 0.3984375 0.03828125 0.0953125
1 0.17421875 0.4125 0.025 0.0890625
8 0.5984375 0.378125 0.0421875 0.11875
10 0.74609375 0.3625 0.0546875 0.13515625
18 0.3125 0.40703125 0.0296875 0.0875
10 0.69375 0.36875 0.04453125 0.1265625
0 0.27578125 0.53671875 0.0328125 0.10703125
17 0.48515625 0.703125 0.05625 0.128125
7 0.20859375 0.53515625 0.0328125 0.10390625
24 0.46171875 0.39609375 0.040625 0.09609375
1 0.34609375 0.5390625 0.03515625 0.11171875
0 0.2203125 0.40859375 0.025 0.09296875
3 0.22578125 0.66640625 0.025 0.10390625
0 0.19765625 0.41015625 0.01953125 0.09296875
24 0.46953125 0.5453125 0.040625 0.1140625
3 0.19921875 0.6625 0.025 0.103125
24 0.428125 0.54375 0.040625 0.1125
3 0.253125 0.66875 0.02734375 0.1078125
24 0.55390625 0.38828125 0.04296875 0.10390625
11 0.01640625 0.53359375 0.02890625 0.07421875
22 0.51796875 0.5453125 0.0484375 0.121875
4 0.2828125 0.67421875 0.02890625 0.11015625
24 0.3859375 0.54296875 0.040625 0.11015625