5 0.403125 0.8109375 0.0484375 0.1765625
18 0.45703125 0.59765625 0.0578125 0.13203125
1 0.47578125 0.384375 0.065625 0.14296875
5 0.453125 0.79296875 0.0484375 0.17734375
18 0.39375 0.596875 0.06015625 0.16640625
1 0.2296875 0.3671875 0.0875 0.1796875
1 0.40078125 0.3796875 0.0703125 0.15390625
1 0.321875 0.375 0.07421875 0.1640625
18 0.509375 0.590625 0.04296875 0.12421875
5 0.23515625 0.86875 0.08203125 0.2140625
18 0.24921875 0.6203125 0.08203125 0.19609375
4 0.58984375 0.73671875 0.025 0.14765625
10 0.69921875 0.40234375 0.0328125 0.09765625
10 0.76015625 0.40703125 0.02734375 0.0890625
10 0.6625 0.40078125 0.03828125 0.10625
10 0.55703125 0.38984375 0.0578125 0.128125
10 0.73203125 0.4046875 0.02734375 0.09375
10 0.61796875 0.39609375 0.04609375 0.1140625
4 0.56171875 0.7484375 0.02890625 0.15234375
18 0.32734375 0.60859375 0.06640625 0.18203125
3 0.665625 0.70625 0.02734375 0.134375
24 0.621875 0.5671875 0.04453125 0.10390625
3 0.61796875 0.725 0.0328125 0.1453125
4 0.521875 0.7625 0.04296875 0.16171875