8 0.20625 0.34296875 0.08515625 0.20078125
8 0.48984375 0.36015625 0.05234375 0.15234375
17 0.503125 0.57578125 0.0546875 0.1640625
8 0.434375 0.35703125 0.0546875 0.1578125
18 0.384375 0.61484375 0.0625 0.15390625
1 0.7109375 0.3703125 0.02890625 0.11796875
18 0.203125 0.62578125 0.10703125 0.22265625
8 0.3703125 0.35078125 0.06953125 0.17421875
0 0.67421875 0.36875 0.04296875 0.12421875
8 0.5421875 0.36171875 0.0484375 0.14921875
1 0.7421875 0.37265625 0.0296875 0.1140625
8 0.02734375 0.36796875 0.05 0.1703125
18 0.446875 0.6046875 0.0546875 0.1390625
8 0.29296875 0.34375 0.08125 0.1921875
17 0.609375 0.56640625 0.04453125 0.1234375
17 0.65 0.56171875 0.03515625 0.11640625
17 0.5578125 0.56640625 0.05234375 0.15078125
10 0.590625 0.3625 0.04609375 0.13984375
18 0.30625 0.61171875 0.0859375 0.203125
17 0.68515625 0.55703125 0.03515625 0.1140625
2 0.81484375 0.37421875 0.0234375 0.10390625
8 0.0859375 0.3640625 0.0625 0.16953125
3 0.75390625 0.52734375 0.03671875 0.1421875
0 0.6328125 0.36796875 0.03671875 0.12734375
8 0.14140625 0.353125 0.04296875 0.18359375
2 0.78984375 0.3734375 0.02578125 0.1078125
1 0.7671875 0.371875 0.01953125 0.11171875
5 0.78515625 0.52265625 0.02578125 0.13828125