8 0.60859375 0.296875 0.065625 0.1875
8 0.46640625 0.5390625 0.0484375 0.1734375
10 0.68046875 0.2859375 0.06953125 0.19609375
8 0.4578125 0.31796875 0.0390625 0.1609375
8 0.51875 0.5421875 0.05390625 0.18203125
10 0.64765625 0.55546875 0.0796875 0.2125
10 0.76015625 0.275 0.0859375 0.21015625
8 0.57734375 0.546875 0.05859375 0.1953125
8 0.54609375 0.30546875 0.0546875 0.1796875
8 0.49765625 0.31328125 0.03828125 0.165625
18 0.4140625 0.33359375 0.0421875 0.1375
5 0.31015625 0.925 0.0328125 0.15
5 0.34296875 0.93359375 0.0296875 0.13125
17 0.271875 0.3515625 0.02890625 0.1140625
5 0.37578125 0.9421875 0.03515625 0.115625
17 0.2453125 0.3546875 0.0234375 0.1109375
17 0.3015625 0.34921875 0.02734375 0.11796875
5 0.27734375 0.91484375 0.034375 0.1578125
17 0.15078125 0.3640625 0.0328125 0.1265625
17 0.11015625 0.38203125 0.01953125 0.14140625
4 0.21796875 0.8671875 0.04296875 0.13984375
4 0.184375 0.8546875 0.021875 0.1375
24 0.16796875 0.515625 0.0421875 0.11015625
17 0.12734375 0.37734375 0.0171875 0.13828125
18 0.21796875 0.3546875 0.02578125 0.11484375
5 0.41484375 0.9515625 0.0421875 0.096875
18 0.18828125 0.3546875 0.03125 0.11796875
17 0.06015625 0.38359375 0.02109375 0.1359375
3 0.55703125 0.98671875 0.06171875 0.0265625
17 0.03828125 0.3859375 0.021875 0.1296875