8 0.3296875 0.1046875 0.0546875 0.18515625
17 0.5765625 0.2796875 0.04453125 0.13359375
18 0.63359375 0.2703125 0.0546875 0.13046875
17 0.528125 0.29296875 0.046875 0.1359375
17 0.478125 0.30703125 0.05 0.13828125
5 0.40390625 0.6625 0.0484375 0.09765625
8 0.48046875 0.09765625 0.040625 0.153125
17 0.43046875 0.30625 0.040625 0.14140625
17 0.384375 0.3140625 0.0484375 0.1453125
8 0.52265625 0.09375 0.040625 0.14921875
10 0.60234375 0.0859375 0.03515625 0.1375
8 0.38515625 0.10234375 0.05078125 0.1734375
8 0.20078125 0.11328125 0.07734375 0.203125
8 0.434375 0.10234375 0.046875 0.16015625
8 0.26953125 0.11015625 0.06015625 0.1921875
10 0.7375 0.07421875 0.0296875 0.1203125
10 0.63828125 0.0828125 0.034375 0.1296875
10 0.70625 0.0765625 0.02890625 0.12421875
10 0.5640625 0.08984375 0.03828125 0.1421875
10 0.8046875 0.0640625 0.03515625 0.121875
10 0.67421875 0.08125 0.0328125 0.1265625
10 0.7703125 0.06796875 0.034375 0.12421875
10 0.78984375 0.234375 0.02890625 0.1109375
10 0.75703125 0.2390625 0.034375 0.11796875
5 0.28828125 0.721875 0.05 0.10234375
10 0.8421875 0.06015625 0.03515625 0.11796875