2 0.69140625 0.32734375 0.0546875 0.13515625
15 0.3859375 0.9328125 0.040625 0.134375
2 0.734375 0.49140625 0.06171875 0.1265625
11 0.33828125 0.61171875 0.06015625 0.11171875
1 0.44609375 0.48359375 0.05078125 0.1140625
4 0.74609375 0.81796875 0.05390625 0.14765625
1 0.8078125 0.321875 0.06015625 0.1390625
0 0.6125 0.4875 0.05390625 0.12265625
4 0.63671875 0.80078125 0.05078125 0.13984375
2 0.80234375 0.4921875 0.06796875 0.1296875
8 0.3625 0.33984375 0.0390625 0.11640625
2 0.67109375 0.48984375 0.05859375 0.1234375
4 0.8078125 0.82578125 0.065625 0.153125
13 0.61953125 0.63671875 0.05625 0.12421875
13 0.81015625 0.65234375 0.06953125 0.13359375
1 0.3953125 0.48359375 0.046875 0.1109375
2 0.63671875 0.32890625 0.05 0.134375
13 0.68203125 0.64140625 0.05859375 0.1265625
17 0.17265625 0.36015625 0.05 0.08359375
3 0.290625 0.74765625 0.0390625 0.11953125
1 0.7484375 0.32421875 0.0546875 0.1375
0 0.5859375 0.33125 0.046875 0.13125
15 0.34296875 0.93125 0.040625 0.1375
15 0.50234375 0.94375 0.04609375 0.11171875
0 0.50078125 0.48359375 0.05078125 0.11953125
8 0.34765625 0.48359375 0.04453125 0.1046875
8 0.1640625 0.48046875 0.03671875 0.09609375
13 0.4296875 0.6203125 0.0546875 0.115625
8 0.253125 0.48125 0.046875 0.10078125
4 0.690625 0.80859375 0.05078125 0.14375
5 0.44453125 0.771875 0.04609375 0.13359375
13 0.48203125 0.6234375 0.04296875 0.11640625
8 0.40625 0.33984375 0.04296875 0.11875
8 0.30078125 0.48203125 0.04453125 0.10390625
0 0.5390625 0.3328125 0.04453125 0.1296875
3 0.18984375 0.73125 0.0328125 0.1140625
0 0.55546875 0.4859375 0.0546875 0.1203125
13 0.74296875 0.646875 0.05625 0.1296875
8 0.20625 0.48125 0.04296875 0.09921875
10 0.49140625 0.3359375 0.04609375 0.1234375
5 0.403125 0.76640625 0.034375 0.128125
13 0.56484375 0.63203125 0.046875 0.11953125
3 0.15234375 0.72734375 0.03828125 0.1140625
15 0.5484375 0.94921875 0.04453125 0.10078125
10 0.4484375 0.33828125 0.03828125 0.121875
10 0.12421875 0.47890625 0.0390625 0.09296875
3 0.328125 0.7546875 0.0328125 0.12265625
18 0.0234375 0.7140625 0.02734375 0.09921875
13 0.521875 0.62734375 0.034375 0.115625
24 0.10390625 0.3578125 0.05234375 0.0890625
15 0.61875 0.9609375 0.05 0.078125
3 0.2234375 0.7375 0.03125 0.11171875
15 0.66875 0.96328125 0.046875 0.0734375
15 0.42890625 0.934375 0.0390625 0.13125
11 0.23046875 0.60390625 0.046875 0.10390625
15 0.3046875 0.925 0.03515625 0.13828125
15 0.71953125 0.97109375 0.0515625 0.0578125
21 0.06171875 0.7203125 0.04296875 0.103125
15 0.58515625 0.959375 0.02890625 0.08125
18 0.296875 0.35 0.0328125 0.09921875
21 0.10625 0.72734375 0.0421875 0.10703125
18 0.0046875 0.7109375 0.009375 0.0953125
15 0.77109375 0.975 0.0484375 0.05
17 0.2671875 0.35234375 0.025 0.09609375
5 0.5375 0.78671875 0.046875 0.13359375
5 0.36484375 0.7609375 0.0390625 0.1265625
18 0.32578125 0.3484375 0.0328125 0.1
11 0.1828125 0.60078125 0.04296875 0.103125