0 0.81328125 0.546875 0.10078125 0.23125
1 0.72109375 0.5375 0.07578125 0.21171875
2 0.60625 0.28828125 0.0625 0.18203125
8 0.23125 0.49765625 0.034375 0.12578125
17 0.346875 0.51015625 0.05078125 0.1421875
17 0.4171875 0.33203125 0.04609375 0.121875
16 0.4609375 0.7140625 0.05234375 0.16953125
2 0.64609375 0.53203125 0.06953125 0.19765625
16 0.6140625 0.753125 0.0546875 0.1859375
0 0.54765625 0.29375 0.05 0.17578125
1 0.4984375 0.3 0.04609375 0.16796875
17 0.29765625 0.50546875 0.04453125 0.134375
16 0.678125 0.76796875 0.071875 0.196875
2 0.5765625 0.528125 0.0640625 0.1875
17 0.3375 0.33984375 0.03671875 0.1125
8 0.221875 0.33984375 0.0328125 0.11484375
8 0.19453125 0.34375 0.02109375 0.11015625
3 0.8265625 0.81484375 0.08359375 0.2203125
10 0.19296875 0.49453125 0.03828125 0.11875
3 0.75 0.79609375 0.065625 0.20703125
17 0.459375 0.32265625 0.03515625 0.12421875
20 0.4890625 0.51875 0.0578125 0.1625
16 0.5578125 0.7390625 0.05390625 0.1796875
8 0.26171875 0.5015625 0.025 0.13046875
8 0.2546875 0.340625 0.03125 0.11171875
16 0.3875 0.69296875 0.0328125 0.1546875
16 0.35625 0.684375 0.03125 0.146875
18 0.29453125 0.3390625 0.04453125 0.115625
16 0.41953125 0.7046875 0.02890625 0.1609375
16 0.51015625 0.7265625 0.04296875 0.17578125
8 0.1703125 0.34609375 0.0234375 0.10859375