8 0.37421875 0.36171875 0.0546875 0.08984375
19 0.29375 0.49921875 0.0390625 0.0734375
17 0.25 0.49921875 0.0421875 0.0734375
19 0.37734375 0.5 0.040625 0.071875
17 0.76171875 0.60546875 0.05234375 0.09921875
11 0.18125 0.61171875 0.05625 0.11171875
11 0.2953125 0.609375 0.046875 0.1109375
8 0.4375 0.36484375 0.0484375 0.0859375
11 0.24140625 0.61015625 0.0578125 0.11171875
16 0.80625 0.7203125 0.034375 0.09765625
19 0.334375 0.5 0.040625 0.07265625
18 0.45078125 0.61171875 0.05 0.09609375
12 0.34609375 0.60859375 0.05 0.1109375
17 0.58125 0.4984375 0.0390625 0.07734375
16 0.734375 0.721875 0.03671875 0.09765625
17 0.70625 0.60546875 0.0546875 0.09921875
17 0.62109375 0.49921875 0.03828125 0.0765625
10 0.53203125 0.36796875 0.0421875 0.0796875
18 0.65 0.60625 0.05078125 0.103125
12 0.39765625 0.60703125 0.05 0.11015625
8 0.28828125 0.35703125 0.0546875 0.0921875
10 0.4859375 0.36640625 0.04453125 0.08359375
0 0.5765625 0.36953125 0.0421875 0.08046875
0 0.61875 0.371875 0.040625 0.08046875
1 0.74609375 0.37578125 0.040625 0.08359375
16 0.69765625 0.72421875 0.03515625 0.10078125
16 0.771875 0.721875 0.034375 0.096875
18 0.59609375 0.60625 0.05 0.10234375
18 0.7890625 0.50078125 0.03671875 0.0765625
1 0.78984375 0.37734375 0.04453125 0.08359375
24 0.90234375 0.4953125 0.03828125 0.08515625
1 0.70546875 0.37421875 0.040625 0.08125
16 0.95625 0.71328125 0.03828125 0.0921875
16 0.66015625 0.72421875 0.03828125 0.09921875
1 0.66171875 0.37265625 0.0421875 0.08125
8 0.21796875 0.3546875 0.05390625 0.08984375
19 0.41796875 0.50078125 0.03671875 0.0703125
24 0.86328125 0.4953125 0.03515625 0.08515625
18 0.703125 0.5 0.03671875 0.07578125
18 0.74765625 0.50078125 0.04296875 0.07734375
24 0.93828125 0.49609375 0.03125 0.08359375
16 0.9234375 0.7140625 0.02578125 0.09140625
16 0.890625 0.71484375 0.03828125 0.09296875
24 0.97734375 0.496875 0.040625 0.084375
24 0.8265625 0.4953125 0.03515625 0.0859375
18 0.6625 0.49921875 0.0421875 0.0765625
24 0.83671875 0.38203125 0.0421875 0.07421875
21 0.20390625 0.49921875 0.046875 0.0734375
24 0.87890625 0.384375 0.03828125 0.0734375
24 0.91640625 0.38515625 0.034375 0.07265625
24 0.98515625 0.38671875 0.0296875 0.0703125
16 0.99296875 0.71015625 0.0140625 0.0890625