2 0.60625 0.37578125 0.05859375 0.18046875
8 0.746875 0.36328125 0.08203125 0.2
18 0.4390625 0.59765625 0.04296875 0.12265625
17 0.321875 0.56875 0.0421875 0.13359375
2 0.4921875 0.3921875 0.04296875 0.14609375
1 0.5453125 0.3796875 0.05859375 0.171875
0 0.453125 0.39296875 0.034375 0.1421875
17 0.51875 0.609375 0.0484375 0.11953125
1 0.37734375 0.396875 0.03671875 0.13203125
10 0.82734375 0.3796875 0.071875 0.17421875
1 0.415625 0.39453125 0.0390625 0.13515625
0 0.6703125 0.36875 0.06640625 0.18828125
18 0.27890625 0.5640625 0.03828125 0.12734375
5 0.21484375 0.39453125 0.0296875 0.1375
18 0.478125 0.59609375 0.02890625 0.121875
4 0.24453125 0.3921875 0.02734375 0.14140625
4 0.271875 0.390625 0.02578125 0.14296875
4 0.303125 0.3890625 0.034375 0.14765625
17 0.35859375 0.5703125 0.02734375 0.13515625
3 0.33984375 0.3859375 0.03671875 0.15234375
3 0.63359375 0.984375 0.0578125 0.03125
5 0.1875 0.39609375 0.025 0.13359375
21 0.3953125 0.5921875 0.040625 0.121875