12 0.53984375 0.878125 0.05390625 0.15625
8 0.19140625 0.34140625 0.05234375 0.15390625
10 0.40390625 0.721875 0.05390625 0.165625
2 0.3296875 0.53125 0.06015625 0.14375
11 0.67265625 0.82734375 0.0390625 0.134375
10 0.20625 0.75859375 0.08125 0.19296875
8 0.39296875 0.36796875 0.040625 0.1296875
17 0.69296875 0.659375 0.0421875 0.11171875
8 0.29765625 0.3546875 0.05390625 0.14296875
17 0.62578125 0.66640625 0.0390625 0.115625
10 0.34375 0.73203125 0.06171875 0.17265625
8 0.24453125 0.3484375 0.0484375 0.14609375
8 0.56953125 0.5296875 0.03515625 0.10703125
8 0.3484375 0.36015625 0.04609375 0.1390625
4 0.09375 0.515625 0.096875 0.2265625
17 0.75078125 0.528125 0.02578125 0.08359375
8 0.6375 0.528125 0.03515625 0.1
8 0.5296875 0.53125 0.040625 0.11171875
10 0.2796875 0.7453125 0.06171875 0.18359375
0 0.4390625 0.53203125 0.05390625 0.12265625
10 0.5390625 0.3859375 0.02890625 0.1125
2 0.3859375 0.53046875 0.05 0.134375
1 0.2625 0.53125 0.065625 0.15078125
11 0.71015625 0.8125 0.0328125 0.13203125
0 0.48828125 0.53203125 0.040625 0.1140625
8 0.603125 0.52890625 0.0296875 0.103125
10 0.56875 0.38984375 0.02890625 0.11015625
10 0.46796875 0.378125 0.034375 0.11953125
18 0.67265625 0.5296875 0.03125 0.09140625
10 0.50546875 0.38203125 0.03671875 0.11796875
17 0.5796875 0.68203125 0.046875 0.13046875
11 0.7421875 0.80078125 0.0328125 0.1234375
10 0.43203125 0.371875 0.03671875 0.12578125
18 0.7015625 0.52890625 0.025 0.08828125
17 0.72578125 0.528125 0.0234375 0.08515625
12 0.490625 0.8984375 0.0390625 0.16015625
17 0.7453125 0.42421875 0.0296875 0.06640625
17 0.65859375 0.66171875 0.02578125 0.11171875
6 0.78046875 0.78828125 0.0390625 0.115625
17 0.715625 0.41875 0.02734375 0.0734375
4 0.02109375 0.515625 0.0421875 0.221875
17 0.6875 0.41640625 0.02734375 0.07578125
17 0.6296875 0.41015625 0.02890625 0.0796875
17 0.65859375 0.41328125 0.02890625 0.078125
17 0.59921875 0.40625 0.0296875 0.08359375