8 0.57578125 0.34296875 0.06640625 0.1921875
8 0.4796875 0.5984375 0.0546875 0.19609375
10 0.64921875 0.33359375 0.071875 0.20078125
10 0.6140625 0.61640625 0.08359375 0.23046875
8 0.421875 0.36484375 0.040625 0.1625
17 0.23359375 0.39609375 0.02890625 0.11484375
8 0.51171875 0.3515625 0.0546875 0.18203125
8 0.5390625 0.60625 0.06171875 0.20859375
10 0.7328125 0.321875 0.08984375 0.21640625
8 0.4625 0.35859375 0.0390625 0.1703125
17 0.20625 0.4 0.025 0.11015625
8 0.42421875 0.59453125 0.05234375 0.18828125
17 0.1125 0.40546875 0.0328125 0.12421875
17 0.26328125 0.39375 0.02734375 0.11875
17 0.071875 0.42421875 0.021875 0.14296875
4 0.15625 0.93359375 0.0484375 0.13203125
4 0.1203125 0.92734375 0.021875 0.14375
18 0.378125 0.3796875 0.0421875 0.1390625
18 0.18125 0.39921875 0.0234375 0.11484375
24 0.1203125 0.5640625 0.040625 0.11640625
17 0.0875 0.42265625 0.0140625 0.1421875
17 0.00546875 0.42890625 0.01015625 0.13359375
18 0.15 0.39765625 0.03515625 0.121875
4 0.09765625 0.9171875 0.0234375 0.146875
2 0.321875 0.9828125 0.04296875 0.034375