10 0.2609375 0.5796875 0.0703125 0.21171875
8 0.3921875 0.5609375 0.0578125 0.18515625
10 0.3296875 0.56875 0.06171875 0.196875
5 0.50546875 0.75 0.040625 0.1625
8 0.4890625 0.54765625 0.04296875 0.16484375
10 0.56640625 0.54375 0.03125 0.13515625
1 0.3390625 0.32734375 0.05859375 0.178125
2 0.521875 0.34296875 0.046875 0.15078125
0 0.43359375 0.33203125 0.04453125 0.16953125
1 0.38984375 0.33203125 0.0421875 0.16875
10 0.1828125 0.590625 0.0796875 0.228125
2 0.565625 0.35234375 0.0390625 0.1359375
4 0.2515625 0.85 0.08125 0.21953125
8 0.44375 0.55234375 0.04296875 0.17578125
16 0.68125 0.67890625 0.02734375 0.1359375
8 0.61796875 0.5359375 0.0234375 0.1203125
1 0.27421875 0.3125 0.06796875 0.20390625
10 0.53046875 0.546875 0.03828125 0.14375
0 0.4765625 0.3421875 0.040625 0.14921875
5 0.54296875 0.73359375 0.034375 0.16171875
1 0.20078125 0.3046875 0.0703125 0.21484375
17 0.63828125 0.3609375 0.0328125 0.11875
8 0.59453125 0.53984375 0.0234375 0.1265625
17 0.66875 0.36015625 0.02734375 0.12265625
16 0.6515625 0.68359375 0.0296875 0.13828125
16 0.68359375 0.53125 0.02109375 0.09609375
8 0.6421875 0.5375 0.02109375 0.10390625
17 0.60390625 0.3640625 0.034375 0.10859375
16 0.796875 0.76015625 0.02109375 0.10390625