7 0.16953125 0.546875 0.034375 0.121875
7 0.20625 0.54765625 0.03671875 0.12421875
10 0.8171875 0.55078125 0.0859375 0.1953125
10 0.80859375 0.30859375 0.07421875 0.17421875
8 0.58984375 0.5484375 0.06015625 0.16640625
0 0.28203125 0.54765625 0.0390625 0.13203125
8 0.67421875 0.3296875 0.06171875 0.16015625
17 0.353125 0.38125 0.040625 0.1140625
8 0.6546875 0.54921875 0.06640625 0.17421875
8 0.615625 0.33828125 0.05234375 0.153125
8 0.7296875 0.54921875 0.078125 0.184375
17 0.57421875 0.76015625 0.0734375 0.16640625
18 0.43828125 0.73671875 0.0484375 0.14921875
2 0.20234375 0.39609375 0.03125 0.11015625
2 0.1375 0.546875 0.02734375 0.11640625
17 0.4984375 0.74765625 0.06796875 0.15859375
24 0.5046875 0.3625 0.05625 0.1265625
1 0.1234375 0.40390625 0.02578125 0.10390625
17 0.3125 0.3859375 0.03671875 0.10859375
0 0.24296875 0.54765625 0.03671875 0.128125
10 0.73828125 0.3203125 0.06015625 0.1640625
17 0.38203125 0.725 0.05625 0.153125
1 0.3234375 0.54921875 0.040625 0.1359375
18 0.275 0.390625 0.0328125 0.10625
18 0.23828125 0.3953125 0.03828125 0.10390625
0 0.171875 0.39765625 0.02734375 0.10859375
24 0.4203125 0.55234375 0.04453125 0.1375
0 0.146875 0.40078125 0.02109375 0.10703125
24 0.44921875 0.36953125 0.0484375 0.1203125
24 0.3984375 0.37578125 0.046875 0.11640625
24 0.46875 0.553125 0.0484375 0.1421875
24 0.56171875 0.3546875 0.05234375 0.13125
3 0.16875 0.69453125 0.02734375 0.11875
3 0.19765625 0.69921875 0.02578125 0.1203125
8 0.52734375 0.55234375 0.06015625 0.15
24 0.3703125 0.55234375 0.05 0.13203125
10 0.99296875 0.253125 0.0140625 0.17578125
3 0.22734375 0.70546875 0.0296875 0.12421875
18 0.98828125 0.8421875 0.0234375 0.13828125