8 0.4765625 0.58046875 0.0640625 0.13515625
10 0.8078125 0.5015625 0.07734375 0.18984375
10 0.734375 0.51875 0.0625 0.17265625
8 0.42265625 0.58984375 0.040625 0.13359375
10 0.6703125 0.5328125 0.0578125 0.1640625
8 0.38515625 0.6 0.034375 0.1296875
10 0.6109375 0.54765625 0.0546875 0.15859375
10 0.55390625 0.56015625 0.05234375 0.15234375
8 0.35234375 0.60703125 0.03125 0.121875
8 0.31953125 0.61796875 0.03125 0.11796875
2 0.215625 0.64375 0.025 0.10703125
2 0.265625 0.63515625 0.02578125 0.11484375
8 0.2921875 0.6296875 0.025 0.115625
18 0.90234375 0.49375 0.1046875 0.1765625
18 0.9890625 0.47265625 0.021875 0.16953125
2 0.2421875 0.63984375 0.01953125 0.1078125