1 0.38125 0.41953125 0.071875 0.153125
5 0.4625 0.83046875 0.0546875 0.178125
1 0.3015625 0.41875 0.0796875 0.16171875
5 0.4109375 0.853125 0.05078125 0.18125
1 0.2109375 0.4171875 0.0859375 0.17265625
10 0.60390625 0.4234375 0.05 0.115625
10 0.54140625 0.421875 0.06171875 0.1265625
10 0.65078125 0.425 0.0390625 0.10859375
10 0.721875 0.42734375 0.0296875 0.09296875
1 0.45703125 0.4203125 0.06953125 0.14140625
10 0.68828125 0.42578125 0.034375 0.10234375
4 0.571875 0.78359375 0.0328125 0.15625
18 0.45390625 0.63515625 0.0578125 0.13203125
10 0.7515625 0.42734375 0.02734375 0.09140625
18 0.50625 0.625 0.04609375 0.12578125
18 0.24296875 0.66640625 0.08359375 0.19609375
5 0.24453125 0.90546875 0.08359375 0.1890625
4 0.6 0.76796875 0.02578125 0.14609375
5 0.36953125 0.8703125 0.0421875 0.1953125
18 0.38984375 0.63671875 0.0640625 0.16875
6 0.99296875 0.49609375 0.0140625 0.0765625
3 0.67734375 0.73359375 0.03125 0.1359375
6 0.96953125 0.50390625 0.0296875 0.07578125
24 0.621875 0.5953125 0.046875 0.1046875