1 0.50546875 0.46328125 0.03828125 0.1375
5 0.103125 0.44296875 0.1046875 0.2546875
8 0.70234375 0.45625 0.02734375 0.11796875
10 0.73125 0.45625 0.02890625 0.11484375
18 0.20546875 0.7171875 0.0796875 0.20078125
2 0.578125 0.4609375 0.034375 0.13125
17 0.3875 0.6890625 0.0625 0.178125
17 0.575 0.66015625 0.0296875 0.11015625
18 0.54140625 0.66796875 0.03828125 0.12578125
0 0.5421875 0.46328125 0.03515625 0.13125
2 0.64296875 0.45703125 0.03125 0.12734375
1 0.465625 0.46484375 0.0390625 0.14375
4 0.2578125 0.4453125 0.06171875 0.221875
0 0.67421875 0.45703125 0.02890625 0.12265625
5 0.19140625 0.44375 0.071875 0.23828125
1 0.61015625 0.4578125 0.03125 0.13203125
10 0.7296875 0.7625 0.04609375 0.12265625
4 0.31796875 0.44609375 0.0546875 0.21015625
17 0.434375 0.68203125 0.03125 0.14296875
10 0.75703125 0.45546875 0.02109375 0.1140625
10 0.68359375 0.77890625 0.04296875 0.13828125
18 0.31328125 0.7046875 0.08515625 0.19609375
4 0.37265625 0.446875 0.05234375 0.19765625