2 0.31875 0.56640625 0.0578125 0.14140625
18 0.63828125 0.5609375 0.02890625 0.08828125
12 0.503125 0.89921875 0.05 0.14921875
8 0.24609375 0.3890625 0.04609375 0.14296875
8 0.575 0.5625 0.02734375 0.09765625
8 0.29609375 0.39375 0.0484375 0.13984375
10 0.3828125 0.74921875 0.05 0.1625
11 0.628125 0.85078125 0.03515625 0.128125
0 0.46796875 0.56640625 0.03671875 0.10859375
2 0.37265625 0.565625 0.04609375 0.13125
10 0.3265625 0.7609375 0.05625 0.16796875
8 0.34296875 0.40078125 0.0421875 0.13515625
1 0.25703125 0.56796875 0.06171875 0.146875
4 0.09921875 0.55234375 0.09921875 0.2203125
8 0.54375 0.56328125 0.0328125 0.10390625
10 0.26640625 0.7734375 0.0578125 0.17734375
8 0.50703125 0.5640625 0.03828125 0.11015625
10 0.19609375 0.7875 0.07578125 0.18828125
8 0.196875 0.384375 0.05 0.15
17 0.58671875 0.69375 0.03671875 0.1140625
17 0.65 0.6859375 0.040625 0.10859375
18 0.66484375 0.5609375 0.021875 0.0859375
11 0.66171875 0.83515625 0.0296875 0.12734375
8 0.384375 0.40625 0.03828125 0.128125
10 0.45390625 0.41640625 0.0296875 0.11875
10 0.51953125 0.42421875 0.02578125 0.1109375
17 0.5453125 0.70859375 0.04296875 0.1265625
8 0.60625 0.5609375 0.03125 0.09609375
0 0.42265625 0.5671875 0.05078125 0.11953125
10 0.421875 0.4109375 0.0328125 0.1234375
10 0.546875 0.42734375 0.02578125 0.10703125
11 0.6921875 0.82578125 0.02890625 0.12265625
10 0.48828125 0.41953125 0.03515625 0.11484375
17 0.7109375 0.559375 0.025 0.08203125
17 0.68671875 0.5609375 0.02109375 0.08359375
17 0.70625 0.4578125 0.02734375 0.06953125
17 0.6171875 0.6875 0.0234375 0.1078125
4 0.02265625 0.5515625 0.0453125 0.21875
6 0.7265625 0.8109375 0.03671875 0.1109375
17 0.68046875 0.4546875 0.025 0.0734375
17 0.6546875 0.45234375 0.0234375 0.0734375
17 0.6296875 0.44921875 0.025 0.07578125
17 0.51328125 0.71875 0.02109375 0.13515625
12 0.4578125 0.91875 0.03515625 0.15234375