17 0.62265625 0.54296875 0.03125 0.0890625
8 0.39375 0.371875 0.04453125 0.14375
10 0.22890625 0.35703125 0.06015625 0.1703125
3 0.378125 0.74296875 0.03671875 0.146875
4 0.5828125 0.68671875 0.025 0.11953125
3 0.1859375 0.80234375 0.06796875 0.18359375
5 0.41796875 0.7328125 0.0421875 0.1453125
10 0.16328125 0.59140625 0.06953125 0.1625
10 0.16328125 0.3515625 0.0640625 0.1796875
10 0.28984375 0.3625 0.05625 0.1609375
17 0.59296875 0.546875 0.025 0.09375
8 0.4375 0.37421875 0.040625 0.1375
10 0.34453125 0.36640625 0.05 0.153125
5 0.55703125 0.69375 0.02734375 0.1265625
8 0.47734375 0.37734375 0.03828125 0.13203125
10 0.32578125 0.57265625 0.04453125 0.14140625
8 0.4484375 0.559375 0.0328125 0.12265625
8 0.48046875 0.5546875 0.02890625 0.11640625
10 0.27734375 0.5796875 0.0484375 0.14921875
8 0.4109375 0.56484375 0.0390625 0.12578125
10 0.22578125 0.58515625 0.05078125 0.15625
8 0.5109375 0.5515625 0.0296875 0.1125
10 0.3703125 0.56953125 0.040625 0.1296875
3 0.2921875 0.771875 0.04609375 0.1640625
3 0.3375 0.75703125 0.0421875 0.15625
18 0.6515625 0.53984375 0.025 0.0859375
8 0.5140625 0.38046875 0.0328125 0.12578125
2 0.74921875 0.39765625 0.02109375 0.09375
10 0.1046875 0.35234375 0.05078125 0.1734375
3 0.24453125 0.7875 0.0484375 0.17265625
0 0.76484375 0.52265625 0.0171875 0.08515625
17 0.55234375 0.3859375 0.04296875 0.11484375
0 0.75 0.5234375 0.0171875 0.08515625
18 0.678125 0.5375 0.025 0.08359375
1 0.7828125 0.51953125 0.0171875 0.08046875
0 0.7890625 0.40078125 0.02109375 0.08828125
8 0.53984375 0.5484375 0.02578125 0.1078125
0 0.72890625 0.52578125 0.025 0.08828125
2 0.7234375 0.396875 0.02890625 0.096875
0 0.76875 0.39921875 0.01796875 0.09140625
4 0.609375 0.67890625 0.02578125 0.11640625
18 0.703125 0.53515625 0.0234375 0.08125
4 0.634375 0.67421875 0.021875 0.1125
18 0.590625 0.390625 0.02890625 0.10625
1 0.80625 0.51796875 0.02109375 0.078125
5 0.52734375 0.7046875 0.0296875 0.12734375