2 0.57890625 0.31015625 0.0484375 0.16171875
10 0.8421875 0.50234375 0.07734375 0.18515625
10 0.85703125 0.74921875 0.07578125 0.21015625
10 0.76171875 0.5 0.07578125 0.17421875
8 0.6859375 0.49921875 0.0703125 0.165625
10 0.946875 0.7671875 0.09375 0.2203125
0 0.73828125 0.2796875 0.0640625 0.18359375
10 0.92890625 0.5046875 0.0890625 0.196875
1 0.6796875 0.29140625 0.05078125 0.17421875
6 0.52578125 0.67421875 0.04296875 0.15859375
0 0.92421875 0.2546875 0.08359375 0.203125
0 0.8359375 0.26484375 0.0859375 0.19765625
10 0.42890625 0.3390625 0.0328125 0.13046875
6 0.48203125 0.6671875 0.03828125 0.15234375
23 0.55234375 0.87734375 0.05 0.1609375
1 0.62890625 0.29921875 0.05 0.16953125
10 0.4640625 0.33125 0.034375 0.1390625
10 0.784375 0.73203125 0.0640625 0.19375
2 0.534375 0.31640625 0.0390625 0.1546875
18 0.6171875 0.49609375 0.0625 0.1546875
23 0.60078125 0.89140625 0.05390625 0.16171875
18 0.40234375 0.4953125 0.05 0.1234375
8 0.49765625 0.32421875 0.0328125 0.1453125
23 0.69375 0.91953125 0.053125 0.1609375
23 0.74296875 0.93046875 0.05078125 0.1390625
23 0.79921875 0.9390625 0.0640625 0.121875
18 0.3578125 0.49609375 0.03515625 0.11640625
23 0.64609375 0.90859375 0.05 0.1703125
17 0.29296875 0.4953125 0.02734375 0.103125
18 0.55390625 0.496875 0.05859375 0.1453125
6 0.4390625 0.6578125 0.040625 0.14296875
0 0.790625 0.27734375 0.03828125 0.18046875
23 0.5078125 0.8625 0.046875 0.15703125
18 0.5765625 0.68984375 0.05234375 0.1640625
23 0.86328125 0.9515625 0.06171875 0.096875
17 0.265625 0.49453125 0.025 0.09921875
18 0.3234375 0.496875 0.0328125 0.10859375
1 0.98828125 0.5140625 0.0234375 0.1921875