1 0.73515625 0.64140625 0.05390625 0.171875
2 0.5453125 0.41875 0.0390625 0.15078125
2 0.58984375 0.4140625 0.046875 0.15703125
0 0.70625 0.396875 0.0703125 0.1796875
18 0.41015625 0.43984375 0.03828125 0.11640625
1 0.6828125 0.6375 0.04609375 0.1640625
18 0.51015625 0.6203125 0.04296875 0.11875
17 0.4203125 0.6078125 0.02734375 0.1
18 0.4484375 0.6109375 0.0234375 0.10625
0 0.64140625 0.40703125 0.0546875 0.165625
8 0.28828125 0.4546875 0.01796875 0.096875
0 0.634375 0.62890625 0.05 0.153125
1 0.78984375 0.64921875 0.05234375 0.1796875
18 0.47421875 0.61640625 0.02578125 0.1109375
17 0.3671875 0.44765625 0.0421875 0.10703125
8 0.2703125 0.45625 0.0171875 0.0953125
0 0.55390625 0.61875 0.03671875 0.13828125
0 0.58984375 0.62265625 0.034375 0.1453125
8 0.32890625 0.45 0.0328125 0.1046875
8 0.3046875 0.45234375 0.015625 0.1
5 0.321875 0.715625 0.02890625 0.103125
8 0.31328125 0.58984375 0.0171875 0.0921875
18 0.9875 0.9140625 0.025 0.16875
5 0.34921875 0.72578125 0.01953125 0.10859375
5 0.36875 0.73203125 0.02109375 0.1125
8 0.29609375 0.5875 0.01328125 0.09140625
17 0.39609375 0.60390625 0.01796875 0.09609375
8 0.3296875 0.59140625 0.015625 0.09609375
8 0.2828125 0.5859375 0.01015625 0.08828125
4 0.453125 0.75546875 0.05078125 0.1265625
10 0.253125 0.45859375 0.0140625 0.0921875
4 0.39140625 0.740625 0.01953125 0.1203125