1 0.8078125 0.31640625 0.06015625 0.13515625
2 0.69453125 0.328125 0.05078125 0.13125
4 0.67265625 0.8109375 0.05390625 0.15625
17 0.203125 0.3875 0.046875 0.07734375
13 0.70625 0.64375 0.06015625 0.13125
11 0.36640625 0.628125 0.0546875 0.11171875
13 0.5484375 0.6359375 0.040625 0.12265625
13 0.59140625 0.6390625 0.040625 0.1234375
1 0.74921875 0.321875 0.05234375 0.13359375
3 0.225 0.75625 0.0328125 0.11875
13 0.43515625 0.63125 0.0625 0.115625
13 0.49765625 0.63359375 0.0546875 0.11953125
0 0.57265625 0.48984375 0.0546875 0.12421875
4 0.85 0.83125 0.06953125 0.16796875
13 0.64296875 0.64140625 0.0546875 0.12734375
0 0.51796875 0.49140625 0.05 0.1203125
2 0.6421875 0.33359375 0.0484375 0.13046875
8 0.38046875 0.36015625 0.03671875 0.10703125
2 0.8171875 0.48515625 0.06796875 0.13359375
4 0.784375 0.82421875 0.0546875 0.16171875
1 0.465625 0.49375 0.0484375 0.11640625
2 0.6859375 0.48828125 0.0578125 0.12734375
3 0.36171875 0.77421875 0.03125 0.13125
8 0.4203125 0.35625 0.040625 0.11171875
13 0.76875 0.646875 0.0578125 0.134375
8 0.3703125 0.49921875 0.04296875 0.10703125
0 0.628125 0.48828125 0.05234375 0.12734375
2 0.7484375 0.4875 0.0625 0.13125
18 0.065625 0.74375 0.02578125 0.10078125
8 0.28046875 0.5015625 0.04453125 0.1
10 0.50234375 0.3484375 0.04453125 0.11796875
3 0.325 0.76875 0.03828125 0.1265625
8 0.32578125 0.5 0.04296875 0.1046875
1 0.41640625 0.4953125 0.04609375 0.11171875
13 0.8359375 0.64921875 0.06953125 0.1375
0 0.59296875 0.3375 0.04609375 0.128125
24 0.13828125 0.3890625 0.05234375 0.08359375
8 0.19609375 0.50546875 0.03515625 0.09375
3 0.18984375 0.753125 0.03515625 0.11796875
3 0.2578125 0.76015625 0.03125 0.121875
8 0.2359375 0.503125 0.040625 0.0953125
0 0.54765625 0.34296875 0.0421875 0.12265625
10 0.4609375 0.353125 0.03671875 0.1140625
4 0.728125 0.81796875 0.05234375 0.16015625
18 0.034375 0.740625 0.03125 0.09921875
17 0.00859375 0.73515625 0.0171875 0.096875
10 0.1578125 0.50546875 0.03671875 0.08984375
15 0.54453125 0.95859375 0.04609375 0.08203125
24 0.66171875 0.97265625 0.0546875 0.0546875
15 0.425 0.94375 0.040625 0.1125
15 0.38203125 0.940625 0.0421875 0.11875
11 0.26171875 0.6234375 0.04609375 0.1046875
15 0.5921875 0.96171875 0.046875 0.0765625
5 0.43515625 0.78359375 0.0328125 0.13984375
15 0.46640625 0.94453125 0.0421875 0.1109375
18 0.1 0.74921875 0.040625 0.10390625
5 0.4765625 0.7875 0.04609375 0.14375
15 0.50625 0.9515625 0.034375 0.09609375
18 0.3421875 0.3703125 0.03671875 0.0953125
15 0.71640625 0.97421875 0.0484375 0.05078125