8 0.29296875 0.440625 0.06015625 0.1703125
5 0.35078125 0.86484375 0.0546875 0.16484375
17 0.2703125 0.6859375 0.06171875 0.1265625
8 0.22578125 0.44140625 0.071875 0.18203125
17 0.3296875 0.67265625 0.05390625 0.1203125
4 0.28984375 0.88515625 0.065625 0.17265625
10 0.7078125 0.44375 0.02734375 0.09765625
8 0.5015625 0.44765625 0.04296875 0.12265625
17 0.58984375 0.6015625 0.0421875 0.1265625
17 0.54296875 0.61875 0.05 0.1140625
3 0.153125 0.91484375 0.071875 0.16953125
10 0.3515625 0.440625 0.05390625 0.16171875
10 0.45390625 0.44140625 0.046875 0.1453125
18 0.3859375 0.65390625 0.05078125 0.13046875
18 0.434375 0.64375 0.04296875 0.1234375
10 0.4046875 0.44140625 0.05 0.15078125
8 0.1421875 0.440625 0.0875 0.19140625
8 0.56953125 0.44765625 0.0296875 0.11484375
8 0.53828125 0.44765625 0.03125 0.11875
8 0.6 0.446875 0.03125 0.1109375
18 0.47890625 0.6359375 0.04296875 0.11640625
10 0.68125 0.44453125 0.02578125 0.10078125
17 0.6296875 0.59375 0.03671875 0.11953125
10 0.65390625 0.4453125 0.02578125 0.1046875
10 0.62890625 0.446875 0.025 0.10625
10 0.73828125 0.44296875 0.02734375 0.09765625
17 0.66171875 0.5890625 0.02734375 0.115625
18 0.69609375 0.58203125 0.0390625 0.11171875
8 0.0703125 0.44140625 0.05 0.1859375
18 0.73359375 0.575 0.0328125 0.1046875
17 0.5078125 0.628125 0.01796875 0.1109375