10 0.18125 0.60078125 0.0796875 0.22734375
10 0.32578125 0.58359375 0.06015625 0.19609375
5 0.4953125 0.7703125 0.040625 0.1703125
10 0.2578125 0.5921875 0.06953125 0.20859375
1 0.33828125 0.346875 0.05390625 0.16796875
1 0.2078125 0.321875 0.06640625 0.20859375
4 0.24375 0.86484375 0.08359375 0.22421875
10 0.521875 0.56875 0.03671875 0.14296875
8 0.43671875 0.5703125 0.04296875 0.1734375
8 0.3859375 0.5765625 0.05625 0.184375
2 0.5140625 0.36796875 0.04453125 0.14921875
10 0.55703125 0.56484375 0.0296875 0.13515625
0 0.46953125 0.36796875 0.040625 0.1421875
8 0.48125 0.56796875 0.04296875 0.1609375
5 0.534375 0.75703125 0.034375 0.16015625
8 0.584375 0.56171875 0.021875 0.1296875
1 0.2765625 0.3296875 0.0640625 0.1953125
1 0.38671875 0.35234375 0.040625 0.1609375
2 0.55546875 0.378125 0.03671875 0.1265625
0 0.42734375 0.35546875 0.040625 0.1609375
8 0.60859375 0.55859375 0.0234375 0.121875
17 0.6265625 0.3890625 0.034375 0.11171875
4 0.565625 0.74140625 0.02734375 0.1625
17 0.5921875 0.38984375 0.034375 0.1046875
16 0.66953125 0.70234375 0.02890625 0.13515625
17 0.6546875 0.38828125 0.02578125 0.115625
8 0.63125 0.55859375 0.01953125 0.1078125