0 0.459375 0.53359375 0.05 0.14609375
10 0.51015625 0.5359375 0.0484375 0.13984375
18 0.17421875 0.78984375 0.0875 0.21875
1 0.309375 0.5265625 0.0578125 0.165625
8 0.2453125 0.52421875 0.0640625 0.17734375
8 0.60859375 0.54296875 0.04453125 0.12265625
1 0.75390625 0.54921875 0.034375 0.10390625
10 0.56015625 0.5390625 0.046875 0.13203125
1 0.71875 0.54765625 0.03125 0.1078125
10 0.17734375 0.52109375 0.065625 0.18515625
17 0.79296875 0.68984375 0.03671875 0.11875
0 0.3640625 0.528125 0.0484375 0.1609375
18 0.60546875 0.73828125 0.0390625 0.1265625
18 0.2703125 0.778125 0.09140625 0.20859375
8 0.64921875 0.54453125 0.034375 0.11640625
2 0.8125 0.55234375 0.02890625 0.096875
4 0.21953125 0.96953125 0.06796875 0.0609375
0 0.68515625 0.54609375 0.03515625 0.1125
0 0.41171875 0.53125 0.04296875 0.15234375
17 0.35859375 0.7640625 0.078125 0.196875
17 0.43515625 0.75234375 0.06796875 0.18203125
1 0.784375 0.5515625 0.025 0.1
17 0.72265625 0.721875 0.02734375 0.11640625
18 0.65 0.73203125 0.04453125 0.12578125
12 0.896875 0.81796875 0.03125 0.11640625
17 0.7546875 0.69921875 0.03671875 0.12265625
5 0.2859375 0.96171875 0.06171875 0.0765625
18 0.690625 0.72734375 0.034375 0.121875
11 0.86015625 0.83125 0.03515625 0.12265625
17 0.50234375 0.74375 0.0578125 0.17421875
2 0.8421875 0.55390625 0.02734375 0.0921875
4 0.15 0.97734375 0.0625 0.0453125
3 0.5953125 0.92265625 0.0390625 0.1546875
5 0.403125 0.946875 0.05078125 0.1046875
5 0.346875 0.95390625 0.05625 0.0921875
3 0.6328125 0.91640625 0.0328125 0.16171875
5 0.45546875 0.93984375 0.0484375 0.11953125
5 0.50390625 0.93515625 0.04453125 0.1296875