16 0.5875 0.61875 0.034375 0.15859375
16 0.87890625 0.66484375 0.0703125 0.20703125
1 0.7328125 0.43515625 0.05390625 0.165625
16 0.55625 0.6140625 0.02890625 0.15234375
16 0.81328125 0.65390625 0.05625 0.20234375
0 0.68125 0.4390625 0.046875 0.15625
16 0.75703125 0.6453125 0.05078125 0.19140625
2 0.42734375 0.4609375 0.01953125 0.09921875
4 0.45 0.59921875 0.01796875 0.128125
4 0.3875 0.5921875 0.01796875 0.11015625
1 0.79375 0.43125 0.065625 0.17734375
4 0.40703125 0.59453125 0.01953125 0.1140625
16 0.6234375 0.621875 0.03515625 0.16640625
16 0.66171875 0.63046875 0.040625 0.1765625
2 0.45 0.46015625 0.02109375 0.103125
4 0.49921875 0.60625 0.02734375 0.1390625
0 0.634375 0.44296875 0.04453125 0.1453125
4 0.42890625 0.596875 0.021875 0.1203125
16 0.70703125 0.6375 0.046875 0.18359375
2 0.4078125 0.4625 0.01796875 0.096875
4 0.4734375 0.60234375 0.025 0.13203125
0 0.58984375 0.4453125 0.040625 0.1390625
0 0.3703125 0.4640625 0.01796875 0.0921875
8 0.496875 0.45859375 0.021875 0.11015625
8 0.521875 0.45625 0.02578125 0.115625
8 0.4734375 0.459375 0.021875 0.10625
8 0.5515625 0.4546875 0.034375 0.11640625
4 0.52734375 0.609375 0.02578125 0.14375
5 0.3046875 0.57890625 0.0140625 0.09375
0 0.38828125 0.4640625 0.01796875 0.09375
5 0.34921875 0.58515625 0.0171875 0.103125
5 0.3203125 0.58125 0.0140625 0.096875
5 0.2890625 0.5765625 0.0140625 0.0921875
5 0.3671875 0.5890625 0.01953125 0.1078125
0 0.35234375 0.4640625 0.015625 0.0921875
22 0.86796875 0.4296875 0.07578125 0.18125
3 0.27109375 0.57265625 0.015625 0.09140625
3 0.234375 0.56640625 0.015625 0.08359375
3 0.2515625 0.56875 0.015625 0.0859375