10 0.67421875 0.4859375 0.06640625 0.1609375
10 0.82109375 0.49453125 0.078125 0.18046875
10 0.74453125 0.48984375 0.06796875 0.1703125
10 0.82578125 0.73203125 0.08125 0.20234375
8 0.60625 0.48203125 0.0640625 0.1546875
10 0.74765625 0.71640625 0.06640625 0.19375
10 0.68359375 0.7 0.0578125 0.18125
2 0.51640625 0.296875 0.046875 0.1546875
1 0.61015625 0.284375 0.04609375 0.16640625
0 0.74375 0.26484375 0.09375 0.18984375
2 0.47421875 0.303125 0.03671875 0.14921875
23 0.6875 0.915625 0.05625 0.16875
23 0.465625 0.834375 0.046875 0.15390625
10 0.40625 0.3140625 0.0328125 0.13359375
1 0.5625 0.290625 0.04609375 0.1609375
0 0.6640625 0.2765625 0.05859375 0.17734375
6 0.44921875 0.64375 0.0421875 0.14921875
8 0.43828125 0.3078125 0.03125 0.14140625
0 0.83046875 0.25859375 0.07421875 0.19609375
18 0.54296875 0.47734375 0.0578125 0.14765625
23 0.5953125 0.88203125 0.05 0.16171875
10 0.371875 0.31796875 0.0328125 0.1265625
18 0.33828125 0.4703125 0.046875 0.1203125
23 0.42578125 0.8203125 0.0390625 0.14765625
23 0.55234375 0.8640625 0.046875 0.16015625
6 0.40859375 0.6359375 0.03515625 0.14140625
23 0.63984375 0.903125 0.046875 0.16875
23 0.8140625 0.9359375 0.0875 0.12734375
23 0.74296875 0.9265625 0.0546875 0.146875
23 0.50859375 0.84921875 0.046875 0.15078125
6 0.3671875 0.62578125 0.0421875 0.13828125
18 0.296875 0.46875 0.034375 0.11484375
17 0.23046875 0.46640625 0.02578125 0.103125
18 0.484375 0.47578125 0.05625 0.1390625
17 0.20234375 0.4640625 0.02578125 0.096875
0 0.7109375 0.27578125 0.03125 0.1734375
18 0.49765625 0.659375 0.05 0.153125
18 0.26171875 0.46796875 0.0328125 0.10859375
17 0.9890625 0.20546875 0.021875 0.1765625