8 0.27109375 0.4203125 0.065625 0.17578125
17 0.3046875 0.6609375 0.05859375 0.12421875
8 0.534375 0.440625 0.040625 0.11875
17 0.36171875 0.65234375 0.05078125 0.11796875
8 0.5703125 0.44140625 0.0296875 0.11484375
3 0.184375 0.89296875 0.06953125 0.1953125
8 0.33515625 0.42421875 0.0578125 0.16484375
18 0.50625 0.6234375 0.0390625 0.11484375
8 0.59921875 0.4421875 0.02734375 0.1109375
10 0.390625 0.4265625 0.05078125 0.15625
17 0.56875 0.6125 0.046875 0.10859375
18 0.46328125 0.6296875 0.0421875 0.11875
4 0.315625 0.85859375 0.06171875 0.17265625
10 0.4421875 0.4296875 0.046875 0.14609375
10 0.4890625 0.43125 0.04296875 0.13984375
18 0.41640625 0.6359375 0.0484375 0.12421875
10 0.73515625 0.4453125 0.02734375 0.096875
5 0.37421875 0.84140625 0.05390625 0.16796875
8 0.19375 0.41796875 0.08203125 0.184375
17 0.65390625 0.58984375 0.03515625 0.11640625
10 0.70703125 0.4453125 0.02578125 0.09921875
17 0.68515625 0.58515625 0.02734375 0.11484375
17 0.6140625 0.59453125 0.040625 0.1234375
8 0.62890625 0.44296875 0.0296875 0.10859375
10 0.68125 0.44453125 0.0234375 0.10234375
10 0.65703125 0.44375 0.0234375 0.1046875
18 0.71875 0.58125 0.03671875 0.11015625
10 0.7640625 0.4453125 0.02578125 0.096875
3 0.2515625 0.88125 0.06171875 0.17734375
18 0.75390625 0.57734375 0.0328125 0.10390625