8 0.565625 0.159375 0.06171875 0.19140625
10 0.23671875 0.175 0.0703125 0.21171875
8 0.30234375 0.17421875 0.0640625 0.2
8 0.621875 0.15859375 0.0484375 0.18125
10 0.50234375 0.16015625 0.06171875 0.19765625
10 0.43671875 0.1640625 0.06640625 0.2046875
17 0.76484375 0.15859375 0.0484375 0.15625
10 0.16015625 0.17421875 0.0796875 0.221875
8 0.36875 0.171875 0.06640625 0.19609375
17 0.71796875 0.16015625 0.0421875 0.16171875
5 0.8140625 0.1453125 0.04296875 0.17734375
5 0.85234375 0.14375 0.03515625 0.1734375
18 0.671875 0.1609375 0.046875 0.16953125
3 0.91875 0.1453125 0.034375 0.16015625