8 0.3578125 0.4234375 0.04609375 0.16015625
5 0.6125 0.5671875 0.0234375 0.11171875
10 0.3078125 0.4203125 0.05078125 0.17265625
3 0.378125 0.6203125 0.040625 0.171875
8 0.4421875 0.425 0.03515625 0.1421875
8 0.475 0.4265625 0.02578125 0.13515625
8 0.40234375 0.42421875 0.040625 0.153125
8 0.50390625 0.42734375 0.02734375 0.128125
3 0.4171875 0.6125 0.03515625 0.1640625
3 0.45 0.60625 0.02890625 0.15078125
3 0.33828125 0.63046875 0.0390625 0.18125
8 0.53203125 0.42578125 0.025 0.12265625
3 0.55390625 0.5796875 0.025 0.128125
3 0.5078125 0.59375 0.02578125 0.1359375
3 0.4796875 0.59921875 0.02890625 0.14140625
5 0.646875 0.5609375 0.01953125 0.10390625
3 0.53046875 0.5875 0.02109375 0.13515625
5 0.678125 0.5515625 0.0234375 0.096875
12 0.60625 0.42578125 0.02890625 0.1140625
12 0.5796875 0.42578125 0.0234375 0.11875
12 0.55625 0.42578125 0.021875 0.121875
3 0.5890625 0.571875 0.0234375 0.11796875
3 0.5765625 0.57421875 0.02109375 0.1203125
5 0.66484375 0.55625 0.01796875 0.1
12 0.66171875 0.4265625 0.02578125 0.103125
3 0.20546875 0.6890625 0.046875 0.15859375
5 0.6328125 0.5640625 0.0171875 0.1046875
12 0.6296875 0.425 0.02109375 0.1109375
12 0.64609375 0.42578125 0.02109375 0.10703125