8 0.6140625 0.33984375 0.02890625 0.1046875
11 0.33671875 0.353125 0.071875 0.15390625
10 0.4375 0.51484375 0.04453125 0.134375
12 0.19375 0.3625 0.0859375 0.17578125
10 0.3859375 0.52734375 0.05234375 0.13984375
2 0.596875 0.4765625 0.02890625 0.11015625
10 0.55 0.34296875 0.03125 0.1125
2 0.62578125 0.46953125 0.02578125 0.10703125
8 0.18984375 0.57265625 0.0734375 0.16953125
8 0.2625 0.55703125 0.06640625 0.1609375
10 0.4796875 0.503125 0.03828125 0.12421875
11 0.4640625 0.34609375 0.05078125 0.1375
8 0.58203125 0.34140625 0.0296875 0.1078125
1 0.5203125 0.4953125 0.0390625 0.11953125
11 0.40625 0.34921875 0.0625 0.1453125
8 0.328125 0.54140625 0.05859375 0.15
18 0.23828125 0.7609375 0.0625 0.1390625
2 0.65390625 0.4625 0.02734375 0.1
12 0.26796875 0.35703125 0.0578125 0.16171875
2 0.64296875 0.33671875 0.02734375 0.1
10 0.5125 0.34453125 0.0421875 0.121875
3 0.54765625 0.92734375 0.0296875 0.1203125
3 0.51796875 0.94296875 0.02734375 0.1125
0 0.684375 0.45625 0.02890625 0.09765625
0 0.7125 0.45078125 0.025 0.09296875
1 0.56171875 0.48515625 0.0390625 0.115625
0 0.68984375 0.33359375 0.02734375 0.09140625
3 0.490625 0.9515625 0.025 0.096875
3 0.45859375 0.9640625 0.0390625 0.071875
0 0.7171875 0.33203125 0.0234375 0.0890625
18 0.3 0.7375 0.0546875 0.134375
3 0.415625 0.975 0.04375 0.05
2 0.6640625 0.33515625 0.02109375 0.096875
1 0.73671875 0.33125 0.015625 0.084375
4 0.678125 0.8234375 0.02109375 0.09765625
1 0.75546875 0.33046875 0.01953125 0.08125
4 0.7 0.8078125 0.021875 0.09765625