2 0.49765625 0.55703125 0.0390625 0.12265625
17 0.69765625 0.75703125 0.0703125 0.14296875
2 0.53984375 0.5609375 0.040625 0.128125
3 0.33046875 0.88671875 0.0296875 0.10390625
2 0.58125 0.56640625 0.040625 0.134375
0 0.628125 0.5734375 0.05 0.1421875
1 0.771875 0.39140625 0.06640625 0.1546875
8 0.45859375 0.41328125 0.03125 0.11015625
0 0.76171875 0.58515625 0.078125 0.1578125
10 0.396875 0.5453125 0.02734375 0.10234375
2 0.53203125 0.40703125 0.040625 0.12265625
0 0.6875 0.58046875 0.065625 0.14921875
2 0.57109375 0.40625 0.034375 0.12421875
0 0.61015625 0.40625 0.040625 0.128125
10 0.36640625 0.54296875 0.02734375 0.09921875
0 0.65625 0.403125 0.05 0.13515625
1 0.71015625 0.396875 0.0546875 0.14375
10 0.33984375 0.53984375 0.0234375 0.09296875
8 0.315625 0.5375 0.02109375 0.09140625
17 0.63125 0.7390625 0.0546875 0.1359375
3 0.3609375 0.89921875 0.0296875 0.10703125
17 0.38828125 0.65859375 0.03671875 0.0796875
10 0.428125 0.41640625 0.02578125 0.10390625
8 0.49375 0.4109375 0.034375 0.1140625
8 0.29375 0.534375 0.01953125 0.0859375
1 0.42734375 0.5484375 0.02890625 0.11015625
8 0.27265625 0.53203125 0.01953125 0.084375
1 0.459375 0.55234375 0.0328125 0.115625
18 0.3125 0.64765625 0.01953125 0.078125
3 0.4 0.93359375 0.03671875 0.121875
3 0.4359375 0.9484375 0.03125 0.103125
10 0.4 0.4171875 0.02578125 0.10234375
17 0.41953125 0.65859375 0.03125 0.07421875
11 0.30390625 0.42109375 0.025 0.0953125