17 0.6640625 0.778125 0.06171875 0.146875
17 0.74609375 0.778125 0.08984375 0.18125
17 0.5796875 0.77265625 0.0578125 0.1421875
2 0.74296875 0.55546875 0.06796875 0.16875
8 0.48125 0.5640625 0.0484375 0.121875
2 0.82109375 0.5515625 0.0859375 0.1796875
10 0.378125 0.56640625 0.02734375 0.10859375
1 0.678125 0.55859375 0.05859375 0.15234375
18 0.45390625 0.75078125 0.0296875 0.1203125
18 0.4875 0.75703125 0.03671875 0.13046875
8 0.43828125 0.56484375 0.034375 0.11796875
17 0.3046875 0.7109375 0.0296875 0.121875
0 0.5296875 0.5640625 0.04453125 0.1265625
10 0.40625 0.56484375 0.02578125 0.1140625
0 0.3515625 0.565625 0.0234375 0.10703125
3 0.51875 0.93125 0.03828125 0.1375
1 0.621875 0.5609375 0.05 0.14140625
17 0.3359375 0.7171875 0.0296875 0.128125
0 0.3296875 0.565625 0.01953125 0.1046875
1 0.57421875 0.5625 0.0421875 0.13203125
24 0.965625 0.83359375 0.06796875 0.23203125
5 0.36171875 0.88671875 0.02578125 0.1359375
17 0.3734375 0.72265625 0.04296875 0.134375
5 0.3890625 0.89765625 0.02578125 0.1421875
3 0.5703125 0.93671875 0.0625 0.1265625
3 0.47890625 0.92734375 0.03828125 0.1453125
0 0.3109375 0.565625 0.01796875 0.103125
18 0.275 0.70625 0.02734375 0.115625
24 0.88203125 0.81796875 0.0875 0.215625
3 0.415625 0.90859375 0.02578125 0.15078125
5 0.3375 0.87734375 0.021875 0.128125
18 0.528125 0.765625 0.0390625 0.13515625
18 0.24921875 0.703125 0.02578125 0.1109375
17 0.62109375 0.771875 0.0234375 0.1390625