1 0.63671875 0.4703125 0.046875 0.1546875
0 0.68984375 0.465625 0.05625 0.1640625
4 0.7359375 0.690625 0.06171875 0.22265625
4 0.81015625 0.69921875 0.08359375 0.23203125
17 0.48984375 0.68125 0.04609375 0.12578125
17 0.446875 0.675 0.03671875 0.1203125
18 0.30859375 0.653125 0.02890625 0.1
17 0.4109375 0.66796875 0.0328125 0.1140625
1 0.534375 0.48125 0.046875 0.13203125
2 0.76015625 0.46328125 0.0796875 0.171875
1 0.5859375 0.47578125 0.05078125 0.14375
17 0.34140625 0.65 0.034375 0.115625
17 0.3765625 0.65703125 0.034375 0.11953125
18 0.28203125 0.65 0.02109375 0.096875
0 0.48828125 0.48359375 0.0421875 0.12421875
0 0.44765625 0.4859375 0.03671875 0.1203125
18 0.2578125 0.6453125 0.0234375 0.09296875
10 0.40625 0.4875 0.03828125 0.11796875
8 0.30859375 0.49375 0.02578125 0.10234375
5 0.6703125 0.6828125 0.0640625 0.20859375
8 0.33828125 0.49140625 0.02890625 0.10625
8 0.3703125 0.4875 0.03125 0.11484375
18 0.234375 0.640625 0.021875 0.08984375
18 0.9890625 0.775 0.021875 0.18359375
8 0.28125 0.4953125 0.025 0.09765625
8 0.25234375 0.496875 0.02734375 0.096875