18 0.7125 0.16796875 0.0578125 0.13359375
3 0.64921875 0.79921875 0.0484375 0.1734375
4 0.765625 0.83671875 0.0640625 0.18671875
17 0.64609375 0.4046875 0.05 0.1171875
17 0.64765625 0.5921875 0.06953125 0.15859375
18 0.7875 0.61328125 0.078125 0.18046875
3 0.7015625 0.8171875 0.05859375 0.178125
3 0.3015625 0.6796875 0.028125 0.11640625
18 0.7921875 0.39921875 0.06640625 0.14140625
3 0.35234375 0.7 0.0296875 0.1234375
17 0.58125 0.58203125 0.05625 0.14921875
3 0.38203125 0.71171875 0.0296875 0.1265625
3 0.6015625 0.784375 0.04765625 0.159375
17 0.60546875 0.1921875 0.04765625 0.11953125
4 0.84140625 0.85078125 0.084375 0.196875
3 0.51484375 0.75546875 0.03984375 0.15
5 0.2734375 0.671875 0.02578125 0.11640625
3 0.48515625 0.9375 0.0578125 0.125
2 0.33046875 0.3984375 0.02421875 0.10390625
8 0.43359375 0.21953125 0.04140625 0.12421875
2 0.3078125 0.39921875 0.0203125 0.10078125
18 0.71484375 0.39921875 0.07578125 0.13671875
3 0.446875 0.73203125 0.0359375 0.13671875
18 0.86171875 0.39765625 0.065625 0.1484375
3 0.55546875 0.76875 0.0421875 0.1578125
10 0.55625 0.190625 0.0484375 0.140625
18 0.7765625 0.15234375 0.0640625 0.1421875
18 0.715625 0.59921875 0.06015625 0.1703125
17 0.65625 0.18046875 0.05 0.1265625
10 0.47421875 0.2109375 0.0359375 0.12578125
2 0.24453125 0.39921875 0.0203125 0.09140625
10 0.5125 0.2015625 0.0375 0.13359375
1 0.29375 0.540625 0.0265625 0.09921875
17 0.3921875 0.553125 0.03828125 0.11796875
18 0.8515625 0.1359375 0.0765625 0.15078125
2 0.26484375 0.39921875 0.01953125 0.09453125
1 0.24140625 0.53203125 0.02421875 0.09140625
3 0.48046875 0.74296875 0.0296875 0.140625
3 0.4125 0.72109375 0.03203125 0.13203125
1 0.32265625 0.55078125 0.0265625 0.090625
2 0.28671875 0.39921875 0.021875 0.0984375
3 0.3265625 0.6890625 0.021875 0.11796875
10 0.50078125 0.3875 0.04453125 0.140625
8 0.39765625 0.228125 0.03046875 0.11796875
1 0.26640625 0.53515625 0.02421875 0.096875
8 0.3734375 0.390625 0.034375 0.1234375
1 0.35390625 0.55546875 0.03359375 0.09609375
17 0.5265625 0.5734375 0.05 0.1390625
5 0.2515625 0.6640625 0.0203125 0.11171875
17 0.43359375 0.5578125 0.04140625 0.1265625
8 0.4546875 0.38828125 0.04453125 0.134375
2 0.29453125 0.25625 0.021875 0.09453125
2 0.36640625 0.23984375 0.028125 0.1078125
2 0.3390625 0.2453125 0.02421875 0.103125
17 0.4765625 0.56640625 0.04375 0.134375
8 0.41171875 0.3890625 0.03828125 0.1296875
2 0.31640625 0.2515625 0.01640625 0.096875
2 0.27265625 0.259375 0.01953125 0.09296875
5 0.22890625 0.65625 0.0234375 0.10546875