10 0.69296875 0.496875 0.0515625 0.121875
10 0.553125 0.353125 0.05625 0.134375
10 0.5859375 0.50078125 0.05 0.121875
8 0.37890625 0.509375 0.0484375 0.121875
8 0.49140625 0.35703125 0.05859375 0.13359375
8 0.43046875 0.359375 0.0578125 0.13359375
10 0.53359375 0.503125 0.0484375 0.12109375
8 0.30859375 0.3640625 0.0578125 0.1296875
10 0.675 0.34765625 0.06015625 0.13359375
8 0.325 0.5109375 0.05234375 0.1203125
8 0.43046875 0.5078125 0.0484375 0.12109375
10 0.6390625 0.4984375 0.05 0.12109375
10 0.61328125 0.35078125 0.05625 0.1328125
8 0.48125 0.50703125 0.05 0.121875
8 0.36953125 0.36171875 0.05859375 0.1328125
18 0.03671875 0.37578125 0.065625 0.1234375
18 0.02421875 0.53046875 0.03984375 0.0984375
18 0.06953125 0.5265625 0.04609375 0.10390625
18 0.12734375 0.528125 0.0640625 0.0984375
18 0.25390625 0.3796875 0.0484375 0.10390625
18 0.10703125 0.37578125 0.06796875 0.121875
18 0.18515625 0.37890625 0.0734375 0.109375
3 0.79140625 0.34609375 0.0421875 0.128125
21 0.19609375 0.53125 0.05390625 0.0859375
3 0.8375 0.34453125 0.04140625 0.128125