10 0.6671875 0.334375 0.04375 0.128125
3 0.8984375 0.52734375 0.0578125 0.14453125
8 0.5734375 0.3328125 0.03984375 0.1171875
18 0.3921875 0.546875 0.0421875 0.0859375
3 0.95703125 0.5359375 0.0578125 0.1515625
8 0.61875 0.3328125 0.04765625 0.121875
17 0.47578125 0.209375 0.028125 0.08359375
8 0.53515625 0.3328125 0.034375 0.1078125
10 0.71640625 0.334375 0.0484375 0.134375
17 0.33203125 0.5296875 0.0265625 0.078125
8 0.5 0.33203125 0.03203125 0.1046875
18 0.53984375 0.203125 0.0421875 0.08828125
8 0.46875 0.33125 0.0265625 0.10078125
10 0.44140625 0.33046875 0.02421875 0.09609375
8 0.3921875 0.33203125 0.021875 0.0859375
10 0.41640625 0.33046875 0.02421875 0.0921875
2 0.4375 0.44921875 0.02421875 0.09140625
2 0.4125 0.4453125 0.02421875 0.08671875
18 0.5046875 0.20546875 0.028125 0.08671875
1 0.55546875 0.46875 0.0296875 0.1015625
0 0.4640625 0.453125 0.0265625 0.0953125
8 0.35 0.33046875 0.01953125 0.08046875
0 0.4921875 0.4578125 0.028125 0.096875
17 0.30390625 0.52421875 0.0296875 0.07421875
1 0.37109375 0.440625 0.0203125 0.0765625
8 0.3703125 0.33203125 0.01953125 0.08203125
1 0.5234375 0.46328125 0.03203125 0.10078125
1 0.39140625 0.44375 0.01796875 0.0796875
18 0.35859375 0.53828125 0.02578125 0.08046875
3 0.990625 0.54453125 0.01875 0.1578125
17 0.44765625 0.21171875 0.02578125 0.08203125
18 0.54140625 0.58671875 0.0375 0.0890625
1 0.3515625 0.4375 0.01796875 0.075
2 0.3328125 0.43515625 0.01640625 0.0734375
10 0.015625 0.184375 0.01953125 0.06953125
10 0.3234375 0.3296875 0.0234375 0.0765625
2 0.31640625 0.4328125 0.01640625 0.07109375
16 0.9734375 0.9140625 0.05234375 0.14609375
21 0.0265625 0.2703125 0.021875 0.0625
0 0.58984375 0.47734375 0.03828125 0.1015625