17 0.83046875 0.459375 0.06640625 0.12890625
18 0.90859375 0.66171875 0.09453125 0.165625
17 0.728125 0.634375 0.071875 0.15078125
2 0.6375 0.4359375 0.0578125 0.1453125
2 0.57265625 0.26171875 0.04453125 0.1234375
18 0.97265625 0.465625 0.0546875 0.134375
3 0.89453125 0.84296875 0.06796875 0.1484375
17 0.76328125 0.45625 0.06015625 0.125
4 0.64375 0.79453125 0.05859375 0.15
17 0.86640625 0.2609375 0.0421875 0.10703125
2 0.7 0.4390625 0.0625 0.15
16 0.48671875 0.9046875 0.0484375 0.11640625
1 0.66953125 0.2546875 0.04375 0.13203125
1 0.6203125 0.25703125 0.05 0.12890625
1 0.58046875 0.4328125 0.05390625 0.1375
16 0.4375 0.89921875 0.04453125 0.12421875
18 0.81171875 0.646875 0.0875 0.15703125
0 0.4484375 0.26796875 0.03828125 0.115625
0 0.48828125 0.265625 0.03984375 0.11953125
8 0.3515625 0.4234375 0.0359375 0.1171875
17 0.7796875 0.26328125 0.04375 0.10546875
17 0.65859375 0.62421875 0.06171875 0.14296875
18 0.98203125 0.66953125 0.0359375 0.18671875
8 0.3140625 0.421875 0.0375 0.1140625
17 0.8234375 0.2578125 0.04140625 0.11640625
8 0.390625 0.42578125 0.03828125 0.12109375
4 0.58828125 0.78203125 0.0515625 0.14453125
1 0.721875 0.24921875 0.06015625 0.13828125
12 0.23671875 0.5515625 0.0359375 0.11640625
8 0.4125 0.271875 0.034375 0.1109375
0 0.47890625 0.42890625 0.04609375 0.1296875
0 0.43359375 0.428125 0.04375 0.125
0 0.52890625 0.26328125 0.03984375 0.121875
8 0.37890625 0.27578125 0.03046875 0.10703125
10 0.275 0.4203125 0.0359375 0.11171875
6 0.41796875 0.5796875 0.0375 0.134375
18 0.9046875 0.4625 0.07421875 0.13359375
5 0.709375 0.809375 0.06796875 0.15
1 0.52734375 0.43046875 0.0484375 0.13359375
11 0.30546875 0.56328125 0.03359375 0.1203125
10 0.23828125 0.41875 0.0359375 0.109375
16 0.67109375 0.95390625 0.0546875 0.0921875
12 0.2703125 0.55859375 0.03046875 0.11640625
16 0.72734375 0.9625 0.0515625 0.075
8 0.34375 0.2765625 0.0375 0.1078125
10 0.2484375 0.28203125 0.02578125 0.1
10 0.2765625 0.28046875 0.028125 0.10078125
10 0.30859375 0.27890625 0.03046875 0.10390625
11 0.340625 0.56796875 0.0359375 0.12578125
21 0.98125 0.246875 0.0375 0.1265625
6 0.46328125 0.584375 0.0484375 0.1421875
3 0.840625 0.834375 0.03828125 0.146875
6 0.37890625 0.5734375 0.03828125 0.1296875
16 0.5875 0.928125 0.05 0.096875
21 0.9234375 0.25078125 0.06796875 0.121875
3 0.78828125 0.83203125 0.0734375 0.1625