8 0.41484375 0.5578125 0.0578125 0.17109375
0 0.43515625 0.34765625 0.04453125 0.15
17 0.346875 0.13515625 0.07421875 0.15859375
1 0.33671875 0.340625 0.05390625 0.1640625
1 0.38828125 0.34453125 0.0484375 0.15859375
0 0.63671875 0.3546875 0.03828125 0.13359375
10 0.284375 0.5828125 0.05859375 0.17421875
8 0.47421875 0.55078125 0.0578125 0.16328125
8 0.3515625 0.5671875 0.06640625 0.18203125
4 0.68203125 0.5203125 0.03359375 0.1453125
2 0.2765625 0.3390625 0.0625 0.171875
8 0.52734375 0.54453125 0.04453125 0.15546875
2 0.20859375 0.33515625 0.0703125 0.1796875
0 0.47890625 0.3515625 0.0421875 0.140625
3 0.61171875 0.52890625 0.03828125 0.15546875
10 0.22578125 0.590625 0.05546875 0.18046875
4 0.73828125 0.51328125 0.02578125 0.13828125
0 0.5984375 0.35625 0.0375 0.1296875
18 0.17890625 0.09609375 0.084375 0.190625
8 0.571875 0.53828125 0.0421875 0.1515625
16 0.46484375 0.75546875 0.0640625 0.1734375
0 0.5578125 0.3546875 0.0421875 0.1328125
4 0.7125 0.51796875 0.02578125 0.13828125
0 0.675 0.35546875 0.0359375 0.13046875
3 0.64765625 0.525 0.034375 0.1515625
17 0.484375 0.18828125 0.0625 0.1015625
0 0.51796875 0.35234375 0.034375 0.13671875
5 0.76484375 0.51015625 0.02578125 0.13046875
5 0.79140625 0.50546875 0.028125 0.13046875
16 0.4078125 0.759375 0.0484375 0.16171875
18 0.2671875 0.1171875 0.0796875 0.16953125
16 0.5734375 0.71796875 0.05859375 0.15078125
6 0.746875 0.359375 0.0375 0.1203125
6 0.77578125 0.359375 0.02421875 0.1171875
17 0.42109375 0.1546875 0.06015625 0.14609375
6 0.71015625 0.3578125 0.03359375 0.125
6 0.80703125 0.36171875 0.034375 0.11328125