3 0.0984375 0.6875 0.05234375 0.14453125
2 0.2921875 0.3578125 0.0421875 0.115625
7 0.5109375 0.4859375 0.0375 0.1078125
1 0.3765625 0.35625 0.0375 0.1109375
2 0.32265625 0.5046875 0.0515625 0.1203125
3 0.153125 0.678125 0.05234375 0.140625
8 0.62578125 0.35078125 0.0296875 0.09609375
1 0.425 0.49453125 0.04609375 0.1140625
2 0.20859375 0.5140625 0.05859375 0.12578125
2 0.24765625 0.35859375 0.04453125 0.11796875
2 0.2671875 0.509375 0.05390625 0.12421875
8 0.625 0.4734375 0.034375 0.1
8 0.659375 0.4703125 0.03046875 0.096875
0 0.48984375 0.353125 0.034375 0.10390625
1 0.375 0.4984375 0.05 0.11640625
8 0.5875 0.47734375 0.0359375 0.103125
0 0.4515625 0.3546875 0.0375 0.1046875
1 0.4140625 0.35546875 0.0359375 0.1078125
5 0.04140625 0.6984375 0.05546875 0.14609375
10 0.73359375 0.3484375 0.02421875 0.0890625
10 0.690625 0.46796875 0.028125 0.0953125
0 0.525 0.35234375 0.03359375 0.1015625
1 0.33515625 0.35703125 0.03984375 0.1125
0 0.56015625 0.3515625 0.034375 0.09921875
1 0.4703125 0.490625 0.04140625 0.11328125
10 0.759375 0.34765625 0.02578125 0.0890625
2 0.19140625 0.359375 0.0625 0.12109375
8 0.75546875 0.4609375 0.034375 0.0953125
8 0.68125 0.3484375 0.02421875 0.0921875
10 0.7078125 0.3484375 0.02578125 0.090625
10 0.721875 0.4640625 0.0296875 0.09296875
0 0.55 0.48046875 0.0375 0.1046875
8 0.6546875 0.34921875 0.02578125 0.09453125
5 0.00546875 0.70546875 0.0109375 0.1484375
24 0.04375 0.359375 0.06015625 0.1359375
8 0.59453125 0.3515625 0.03046875 0.0984375
24 0.00546875 0.3625 0.0109375 0.1375