3 0.3921875 0.65078125 0.034375 0.10703125
6 0.484375 0.25859375 0.05546875 0.1125
7 0.4296875 0.26328125 0.0484375 0.10390625
18 0.28046875 0.37890625 0.04453125 0.096875
17 0.29921875 0.26953125 0.03828125 0.0890625
6 0.54453125 0.2578125 0.05859375 0.1140625
2 0.47890625 0.1296875 0.0375 0.11171875
17 0.340625 0.26953125 0.04140625 0.090625
5 0.50625 0.6671875 0.0359375 0.1125
3 0.4296875 0.65703125 0.0359375 0.10703125
3 0.46796875 0.6609375 0.0375 0.10859375
3 0.35625 0.64453125 0.034375 0.10703125
5 0.584375 0.6796875 0.04140625 0.11953125
8 0.60234375 0.25859375 0.05 0.11171875
8 0.65703125 0.2578125 0.05234375 0.1125
18 0.325 0.50703125 0.05 0.11171875
5 0.54453125 0.67265625 0.0375 0.115625
5 0.62734375 0.6859375 0.0421875 0.12109375
11 0.75859375 0.4 0.05390625 0.1109375
8 0.65546875 0.1171875 0.04453125 0.1171875
2 0.51875 0.1265625 0.03984375 0.1125
10 0.771875 0.2546875 0.05390625 0.11953125
8 0.60859375 0.1203125 0.04375 0.115625
17 0.27578125 0.50234375 0.04453125 0.10859375
9 0.8015625 0.10546875 0.05 0.125
7 0.396875 0.13671875 0.04609375 0.10703125
10 0.7015625 0.11328125 0.04453125 0.11796875
10 0.75078125 0.10859375 0.04765625 0.12109375
9 0.859375 0.10078125 0.06015625 0.1296875
18 0.23203125 0.3765625 0.04453125 0.0953125
4 0.6734375 0.69296875 0.04765625 0.125
10 0.7140625 0.25546875 0.05390625 0.1171875
0 0.44140625 0.13359375 0.0375 0.1078125
1 0.5625 0.121875 0.04453125 0.11640625
12 0.7046875 0.3984375 0.05 0.1078125
1 0.38359375 0.26484375 0.03984375 0.1
17 0.325 0.38046875 0.03984375 0.096875
19 0.22265625 0.271875 0.034375 0.0859375
17 0.29453125 0.16171875 0.03359375 0.06640625
18 0.32890625 0.890625 0.0515625 0.12421875
18 0.1859375 0.2703125 0.03359375 0.0875
17 0.33359375 0.159375 0.04375 0.06796875
12 0.65078125 0.39765625 0.0515625 0.103125
21 0.26015625 0.2703125 0.0359375 0.08671875
18 0.38203125 0.89921875 0.04375 0.1265625
21 0.1875 0.3765625 0.03828125 0.0921875
17 0.63125 0.55078125 0.0484375 0.0984375
9 0.83359375 0.26796875 0.06015625 0.15703125
18 0.36953125 0.52578125 0.034375 0.0828125
24 0.45234375 0.5328125 0.04375 0.0890625