7 0.44140625 0.27890625 0.03984375 0.1078125
5 0.55625 0.65546875 0.02421875 0.1015625
3 0.43359375 0.69140625 0.04140625 0.11640625
18 0.23359375 0.41484375 0.0625 0.12578125
2 0.46875 0.1515625 0.03203125 0.10859375
17 0.3515625 0.278125 0.04609375 0.1046875
17 0.3125 0.565625 0.0578125 0.1375
17 0.30390625 0.2765625 0.04453125 0.109375
5 0.58359375 0.646875 0.0265625 0.09921875
17 0.27578125 0.1390625 0.04609375 0.0859375
8 0.60703125 0.28671875 0.0296875 0.0921875
18 0.1375 0.26640625 0.05625 0.121875
3 0.4703125 0.68203125 0.03046875 0.11171875
19 0.1984375 0.2703125 0.05625 0.1171875
2 0.50078125 0.15625 0.03046875 0.10546875
18 0.37265625 0.55703125 0.05625 0.1265625
8 0.5734375 0.2859375 0.0359375 0.0953125
12 0.64375 0.396875 0.0296875 0.0828125
5 0.63671875 0.63359375 0.021875 0.0953125
3 0.5015625 0.6734375 0.0296875 0.10859375
8 0.55703125 0.1671875 0.0265625 0.0984375
18 0.5234375 0.9390625 0.05546875 0.121875
18 0.2921875 0.4109375 0.04765625 0.1203125
6 0.52734375 0.28125 0.04609375 0.10390625
5 0.61171875 0.640625 0.02578125 0.096875
17 0.34375 0.409375 0.05234375 0.115625
10 0.6359375 0.28671875 0.02578125 0.0921875
6 0.48125 0.2796875 0.03984375 0.10546875
8 0.58515625 0.171875 0.0265625 0.09609375
0 0.4359375 0.1453125 0.03046875 0.1140625
10 0.6625 0.2890625 0.02421875 0.0875
10 0.6125 0.17578125 0.0234375 0.09296875
10 0.63671875 0.178125 0.02421875 0.0921875
1 0.39765625 0.278125 0.04140625 0.1078125
7 0.396875 0.1390625 0.04453125 0.11796875
21 0.11953125 0.1078125 0.065625 0.1078125
21 0.2546875 0.2734375 0.0484375 0.1125
3 0.53046875 0.6640625 0.02578125 0.10546875
1 0.5296875 0.1609375 0.02578125 0.103125
17 0.22890625 0.13203125 0.04375 0.08359375
8 0.69296875 0.29140625 0.03359375 0.084375
17 0.4140625 0.96640625 0.04453125 0.06640625
4 0.65859375 0.6265625 0.0203125 0.09140625
11 0.6703125 0.39296875 0.0234375 0.084375
21 0.18046875 0.11640625 0.05 0.103125
17 0.31796875 0.14921875 0.034375 0.0734375
11 0.6953125 0.39140625 0.02578125 0.084375
8 0.6609375 0.18203125 0.021875 0.0921875
12 0.609375 0.3984375 0.0359375 0.08359375