17 0.40625 0.2828125 0.04609375 0.09140625
12 0.88828125 0.38984375 0.0296875 0.09296875
18 0.36640625 0.41484375 0.05625 0.121875
17 0.4953125 0.28203125 0.03984375 0.09453125
2 0.1875 0.42265625 0.06953125 0.13828125
17 0.45234375 0.284375 0.04375 0.090625
2 0.2109375 0.2734375 0.0515625 0.10859375
10 0.746875 0.3875 0.02421875 0.0921875
10 0.70390625 0.2859375 0.02421875 0.0734375
18 0.42421875 0.41171875 0.05234375 0.1171875
18 0.47578125 0.4078125 0.04453125 0.1125
8 0.73046875 0.28671875 0.02421875 0.0734375
12 0.8578125 0.390625 0.0296875 0.09609375
8 0.79921875 0.2875 0.021875 0.06953125
0 0.253125 0.4203125 0.0578125 0.1359375
17 0.35859375 0.28203125 0.04609375 0.09140625
8 0.68515625 0.39140625 0.0359375 0.1
10 0.64765625 0.284375 0.0296875 0.07890625
2 0.15546875 0.2734375 0.05625 0.1109375
1 0.3109375 0.2765625 0.04453125 0.103125
10 0.6765625 0.2859375 0.02578125 0.075
8 0.64375 0.39375 0.0421875 0.1015625
1 0.2625 0.27578125 0.0484375 0.10390625
8 0.77734375 0.2875 0.0203125 0.07109375
8 0.75546875 0.28671875 0.0234375 0.071875
0 0.309375 0.41640625 0.05234375 0.128125
10 0.77421875 0.38671875 0.0265625 0.0890625
8 0.71875 0.3890625 0.028125 0.09609375
10 0.8015625 0.3859375 0.02421875 0.08671875
18 0.6125 0.28359375 0.034375 0.084375
17 0.5234375 0.4046875 0.04453125 0.1109375
18 0.57265625 0.28203125 0.0421875 0.0890625
11 0.828125 0.38984375 0.0265625 0.09140625
17 0.56796875 0.40078125 0.0421875 0.1046875
3 0.21640625 0.021875 0.04375 0.04296875
17 0.6046875 0.39765625 0.028125 0.1015625
3 0.25546875 0.02421875 0.0296875 0.0484375
19 0.91796875 0.390625 0.02578125 0.08203125
4 0.1671875 0.01796875 0.04765625 0.0359375
3 0.99375 0.38203125 0.0125 0.08359375
18 0.53359375 0.28203125 0.03359375 0.09140625