3 0.521875 0.83671875 0.04375 0.15078125
8 0.58203125 0.31875 0.03359375 0.11640625
8 0.6046875 0.47890625 0.0484375 0.125
3 0.640625 0.8078125 0.0359375 0.1359375
1 0.46953125 0.66171875 0.0515625 0.1453125
2 0.37890625 0.29609375 0.04765625 0.125
2 0.4765625 0.484375 0.04140625 0.1234375
5 0.36171875 0.8734375 0.06171875 0.171875
1 0.415625 0.6671875 0.05234375 0.1515625
3 0.5625 0.82578125 0.0375 0.1421875
2 0.3890625 0.484375 0.04375 0.13203125
2 0.328125 0.290625 0.0515625 0.1296875
5 0.4203125 0.86171875 0.05234375 0.16328125
8 0.68828125 0.47890625 0.034375 0.1171875
2 0.42578125 0.303125 0.04140625 0.12109375
8 0.65 0.478125 0.03984375 0.12109375
1 0.35546875 0.67265625 0.0640625 0.15546875
3 0.6015625 0.8171875 0.03984375 0.1390625
8 0.61953125 0.3234375 0.03984375 0.11328125
2 0.5171875 0.48515625 0.03828125 0.11953125
1 0.51953125 0.65390625 0.04765625 0.14140625
2 0.34453125 0.484375 0.04140625 0.13359375
2 0.509375 0.31328125 0.03984375 0.1140625
2 0.43359375 0.484375 0.0421875 0.1265625
2 0.55625 0.484375 0.0375 0.11796875
3 0.8265625 0.7609375 0.02421875 0.1140625
10 0.65859375 0.328125 0.03359375 0.10859375
2 0.54765625 0.3171875 0.0359375 0.1140625
3 0.7703125 0.7734375 0.03203125 0.11796875
2 0.4671875 0.3078125 0.04140625 0.1171875
3 0.7390625 0.7828125 0.028125 0.1203125
1 0.56640625 0.6484375 0.04375 0.13359375
3 0.8 0.7671875 0.0265625 0.1140625
10 0.69453125 0.33203125 0.0359375 0.1046875
17 0.81875 0.61796875 0.0296875 0.10546875
3 0.67578125 0.7984375 0.034375 0.1296875
3 0.70859375 0.790625 0.03203125 0.12578125
5 0.4734375 0.85 0.0515625 0.15859375
10 0.72109375 0.4796875 0.028125 0.1125
4 0.9 0.7390625 0.0203125 0.10390625
10 0.7515625 0.4796875 0.0296875 0.10859375
3 0.8765625 0.7453125 0.02421875 0.1078125
17 0.78359375 0.621875 0.0375 0.10859375
3 0.8515625 0.7515625 0.02578125 0.10859375
10 0.73046875 0.3359375 0.03359375 0.10390625
17 0.79609375 0.35234375 0.03046875 0.0796875
17 0.7484375 0.6265625 0.03203125 0.1140625
4 0.91953125 0.7328125 0.01953125 0.1
17 0.709375 0.63125 0.04453125 0.1171875
17 0.61328125 0.64453125 0.04609375 0.12421875
18 0.88125 0.609375 0.03828125 0.09921875
17 0.66171875 0.640625 0.04765625 0.115625
17 0.7640625 0.35078125 0.03203125 0.07890625
18 0.846875 0.6140625 0.02578125 0.103125
18 0.8265625 0.3546875 0.0265625 0.07578125
18 0.8375 0.490625 0.034375 0.08046875