2 0.6015625 0.30625 0.02578125 0.08671875
8 0.4640625 0.30625 0.028125 0.0875
8 0.26953125 0.29453125 0.0484375 0.1140625
8 0.21875 0.29296875 0.0484375 0.11796875
17 0.87421875 0.3109375 0.02578125 0.06640625
8 0.1671875 0.290625 0.0515625 0.1234375
10 0.43359375 0.30546875 0.0296875 0.090625
8 0.11171875 0.2890625 0.05546875 0.128125
17 0.9015625 0.3109375 0.0265625 0.065625
1 0.5734375 0.3046875 0.028125 0.0875
10 0.31875 0.296875 0.04375 0.109375
10 0.36171875 0.29765625 0.03984375 0.10703125
10 0.40078125 0.3 0.034375 0.1015625
0 0.54296875 0.3046875 0.0296875 0.08828125
8 0.49140625 0.30625 0.02578125 0.0875
1 0.65 0.309375 0.02421875 0.075
2 0.7265625 0.31171875 0.0234375 0.06953125
1 0.6734375 0.31015625 0.021875 0.0734375
0 0.6984375 0.3109375 0.02578125 0.07109375
8 0.51640625 0.30546875 0.021875 0.08671875
17 0.96796875 0.3140625 0.0234375 0.05546875
17 0.77109375 0.3171875 0.0265625 0.0578125
2 0.74765625 0.3125 0.01953125 0.0671875
2 0.6265625 0.30703125 0.021875 0.0828125
18 0.94375 0.3140625 0.021875 0.05703125
17 0.9859375 0.3140625 0.015625 0.0546875
17 0.8484375 0.3109375 0.02421875 0.06640625
18 0.796875 0.3171875 0.021875 0.05546875
18 0.92421875 0.31328125 0.01640625 0.05859375