7 0.47421875 0.5171875 0.0421875 0.1109375
0 0.425 0.38359375 0.028125 0.0984375
1 0.3390625 0.3859375 0.0265625 0.09140625
2 0.3296875 0.503125 0.03359375 0.0984375
8 0.82265625 0.54296875 0.07578125 0.1421875
8 0.64921875 0.53203125 0.0515625 0.1234375
8 0.68046875 0.38046875 0.0421875 0.12109375
10 0.7015625 0.5359375 0.04765625 0.12578125
10 0.75546875 0.540625 0.05390625 0.13046875
10 0.83359375 0.3796875 0.0703125 0.128125
0 0.4875 0.38203125 0.03203125 0.103125
8 0.6375 0.38046875 0.04140625 0.11796875
0 0.45546875 0.3828125 0.0296875 0.10078125
8 0.55703125 0.52265625 0.03828125 0.1140625
1 0.39296875 0.51015625 0.03046875 0.103125
8 0.5953125 0.38203125 0.03984375 0.1140625
10 0.7734375 0.38046875 0.04609375 0.12421875
2 0.28671875 0.3859375 0.02421875 0.0875
2 0.2953125 0.50078125 0.03203125 0.09609375
2 0.26015625 0.3859375 0.0265625 0.0859375
1 0.43046875 0.51328125 0.04140625 0.10703125
8 0.6 0.52734375 0.04375 0.11953125
1 0.3625 0.50703125 0.0296875 0.1
0 0.52109375 0.3828125 0.03203125 0.10703125
10 0.7265625 0.38046875 0.04375 0.12109375
0 0.51640625 0.51953125 0.03984375 0.1125
1 0.39609375 0.384375 0.0265625 0.09609375
2 0.3125 0.38515625 0.0234375 0.08828125
8 0.55625 0.3828125 0.034375 0.11171875
1 0.3671875 0.38515625 0.028125 0.09453125
2 0.265625 0.4984375 0.0265625 0.0921875
5 0.1890625 0.5953125 0.021875 0.0921875
5 0.1671875 0.5921875 0.0203125 0.0890625