3 0.42734375 0.68984375 0.0375 0.11171875
18 0.12421875 0.5953125 0.065625 0.13359375
18 0.10859375 0.43203125 0.06171875 0.11328125
17 0.04140625 0.440625 0.06640625 0.103125
10 0.69140625 0.5140625 0.02578125 0.0953125
18 0.2609375 0.57421875 0.05859375 0.1234375
3 0.34765625 0.70703125 0.04140625 0.11640625
6 0.56640625 0.2609375 0.04140625 0.10703125
5 0.5640625 0.6609375 0.028125 0.1015625
18 0.16953125 0.428125 0.05546875 0.109375
2 0.56328125 0.403125 0.0296875 0.0984375
5 0.5921875 0.653125 0.0265625 0.1
3 0.38828125 0.69921875 0.03828125 0.1140625
1 0.6125 0.5234375 0.03828125 0.10078125
3 0.259375 0.725 0.05390625 0.125
2 0.4640625 0.40859375 0.0359375 0.10546875
18 0.2734375 0.42265625 0.04375 0.1
5 0.66875 0.63359375 0.02421875 0.0921875
3 0.46328125 0.68203125 0.03359375 0.1109375
11 0.76640625 0.27265625 0.028125 0.08828125
6 0.51875 0.25703125 0.0484375 0.10859375
17 0.321875 0.5671875 0.05625 0.1171875
10 0.7984375 0.39296875 0.0203125 0.0796875
18 0.225 0.425 0.05 0.1046875
2 0.4984375 0.40703125 0.03203125 0.103125
2 0.53125 0.4046875 0.03203125 0.10078125
2 0.62421875 0.4 0.0265625 0.09296875
6 0.6078125 0.2625 0.03828125 0.103125
3 0.30703125 0.7171875 0.03828125 0.11953125
18 0.19453125 0.58515625 0.06640625 0.12890625
11 0.70234375 0.26796875 0.0359375 0.096875
2 0.59453125 0.4015625 0.0296875 0.096875
5 0.61953125 0.6453125 0.0265625 0.09609375
3 0.49921875 0.67265625 0.0375 0.1109375
10 0.6515625 0.39921875 0.02578125 0.0890625
10 0.71953125 0.51015625 0.0265625 0.09140625
10 0.70546875 0.396875 0.02578125 0.0859375
10 0.6796875 0.39765625 0.02421875 0.08828125
10 0.753125 0.3953125 0.021875 0.08203125
17 0.36875 0.41953125 0.0421875 0.09453125
17 0.41953125 0.41640625 0.05 0.0953125
17 0.43125 0.5515625 0.05234375 0.11171875
17 0.3765625 0.5578125 0.0515625 0.11328125
5 0.69375 0.6265625 0.0234375 0.0890625
11 0.73671875 0.2703125 0.028125 0.0921875
10 0.6578125 0.51796875 0.0375 0.0984375
5 0.71953125 0.62265625 0.02421875 0.08671875
18 0.321875 0.42109375 0.0484375 0.09921875
5 0.53359375 0.66640625 0.0296875 0.10703125
16 0.04375 0.7734375 0.0640625 0.14453125
10 0.73046875 0.3953125 0.0203125 0.0859375
10 0.7765625 0.39375 0.0203125 0.0828125
24 0.3265625 0.24921875 0.05625 0.1203125
5 0.64453125 0.63984375 0.0203125 0.0921875
5 0.74453125 0.61875 0.0234375 0.08359375
2 0.57265625 0.5296875 0.03984375 0.10390625
8 0.7484375 0.50625 0.028125 0.08828125
10 0.81796875 0.39296875 0.01796875 0.078125
8 0.7765625 0.503125 0.02421875 0.08671875
24 0.3828125 0.2515625 0.05 0.11640625
12 0.66015625 0.265625 0.04453125 0.09921875
0 0.5296875 0.5359375 0.0421875 0.10546875
8 0.8015625 0.49921875 0.0234375 0.08359375
24 0.26796875 0.246875 0.05234375 0.12109375
0 0.484375 0.5421875 0.04609375 0.109375
5 0.81484375 0.603125 0.0203125 0.084375
5 0.79453125 0.6078125 0.021875 0.084375
5 0.7703125 0.61484375 0.02421875 0.08046875
24 0.0078125 0.609375 0.015625 0.1546875