17 0.22578125 0.35390625 0.0515625 0.0953125
17 0.39296875 0.471875 0.0578125 0.10703125
1 0.54453125 0.34453125 0.04140625 0.1046875
0 0.44765625 0.4703125 0.04765625 0.10390625
8 0.64140625 0.4671875 0.04609375 0.09609375
9 0.78359375 0.34453125 0.0359375 0.09921875
2 0.4578125 0.346875 0.03984375 0.1046875
0 0.49609375 0.46953125 0.04609375 0.10078125
2 0.59296875 0.46796875 0.04765625 0.096875
2 0.54453125 0.46953125 0.04609375 0.09921875
17 0.26875 0.47421875 0.06171875 0.10859375
8 0.6265625 0.3453125 0.03984375 0.1015625
2 0.50078125 0.346875 0.0421875 0.1046875
0 0.3265625 0.346875 0.04375 0.1078125
18 0.27890625 0.353125 0.04765625 0.09453125
17 0.33203125 0.4734375 0.05859375 0.1078125
5 0.3765625 0.1765625 0.04375 0.13359375
17 0.1703125 0.353125 0.05390625 0.09921875
18 0.134375 0.47890625 0.06171875 0.10703125
5 0.3296875 0.17421875 0.04609375 0.1359375
18 0.2015625 0.47578125 0.0625 0.1078125
1 0.5859375 0.34453125 0.03828125 0.10390625
8 0.6671875 0.3453125 0.03828125 0.10078125
10 0.73203125 0.4640625 0.04140625 0.0921875
8 0.6875 0.465625 0.0421875 0.09453125
0 0.41640625 0.3453125 0.04140625 0.10703125
10 0.74609375 0.34453125 0.0359375 0.09921875
3 0.46484375 0.17890625 0.04375 0.13203125
10 0.70703125 0.34453125 0.0375 0.1
9 0.82265625 0.34453125 0.03828125 0.0984375
10 0.7765625 0.46328125 0.04375 0.090625
4 0.5953125 0.18359375 0.0375 0.1265625
0 0.371875 0.3453125 0.0421875 0.1078125
10 0.82265625 0.4609375 0.04140625 0.090625
5 0.28125 0.171875 0.04453125 0.1375
16 0.86015625 0.19453125 0.0375 0.12109375
4 0.5546875 0.18203125 0.0421875 0.1296875
3 0.4203125 0.1796875 0.04140625 0.1296875
18 0.11796875 0.36328125 0.04609375 0.078125
16 0.93125 0.196875 0.03203125 0.11796875
16 0.8984375 0.196875 0.034375 0.121875