8 0.65078125 0.38984375 0.05390625 0.13671875
10 0.70625 0.39375 0.05390625 0.140625
10 0.76640625 0.3984375 0.06015625 0.14609375
11 0.91640625 0.42890625 0.084375 0.178125
8 0.85390625 0.2375 0.0578125 0.11953125
8 0.68984375 0.24296875 0.04765625 0.11171875
2 0.2203125 0.26015625 0.0234375 0.07421875
17 0.3984375 0.2546875 0.0421875 0.090625
18 0.36640625 0.3734375 0.0421875 0.10546875
17 0.35703125 0.259375 0.0359375 0.08046875
8 0.740625 0.240625 0.0484375 0.1171875
17 0.4578125 0.3796875 0.0484375 0.115625
17 0.32265625 0.26015625 0.0296875 0.07890625
10 0.834375 0.4015625 0.0703125 0.15078125
18 0.51484375 0.24921875 0.04375 0.0984375
17 0.4109375 0.3765625 0.0421875 0.1109375
8 0.79453125 0.23984375 0.05546875 0.1171875
2 0.2015625 0.36171875 0.028125 0.0953125
10 0.64453125 0.2453125 0.03984375 0.10546875
10 0.56015625 0.246875 0.04140625 0.10078125
8 0.5984375 0.3875 0.04765625 0.13046875
0 0.2625 0.3671875 0.028125 0.09609375
10 0.60234375 0.246875 0.03984375 0.1015625
18 0.3234375 0.37109375 0.0375 0.103125
12 0.98203125 0.43828125 0.0359375 0.1859375
8 0.5515625 0.38515625 0.0421875 0.121875
18 0.46953125 0.25078125 0.0421875 0.0984375
17 0.29375 0.26015625 0.02578125 0.0765625
1 0.24453125 0.259375 0.021875 0.075
0 0.23203125 0.3640625 0.03046875 0.0984375
18 0.290625 0.36875 0.02578125 0.09921875
2 0.19765625 0.2609375 0.021875 0.07421875
1 0.26875 0.259375 0.0234375 0.0765625
17 0.515625 0.3828125 0.03203125 0.11640625