0 0.7265625 0.309375 0.03984375 0.10546875
2 0.57890625 0.315625 0.034375 0.10390625
1 0.50234375 0.3203125 0.0359375 0.0984375
2 0.54140625 0.31796875 0.03828125 0.1015625
17 0.86328125 0.31015625 0.04375 0.09609375
2 0.81484375 0.30625 0.04765625 0.1078125
18 0.9734375 0.303125 0.0515625 0.1046875
2 0.76875 0.3078125 0.04140625 0.10859375
1 0.6484375 0.31484375 0.034375 0.09921875
8 0.3796875 0.33046875 0.0234375 0.08203125
8 0.40546875 0.3296875 0.0265625 0.08359375
8 0.19765625 0.3359375 0.01953125 0.07890625
0 0.4671875 0.3234375 0.03203125 0.09453125
0 0.68671875 0.31171875 0.03828125 0.10390625
10 0.328125 0.3296875 0.0265625 0.0859375
1 0.61328125 0.315625 0.03359375 0.09921875
8 0.24609375 0.3328125 0.0296875 0.08203125
8 0.21953125 0.334375 0.021875 0.0796875
17 0.91015625 0.30703125 0.04765625 0.1
10 0.3 0.33046875 0.02578125 0.0859375
10 0.2734375 0.33203125 0.0234375 0.08359375
8 0.4359375 0.328125 0.0296875 0.0859375
8 0.178125 0.3359375 0.01640625 0.07890625
10 0.35546875 0.33046875 0.0234375 0.08046875
17 0.93125 0.30703125 0.028125 0.1
13 0.79609375 0.6109375 0.09375 0.13671875