2 0.3390625 0.52421875 0.0265625 0.103125
1 0.50859375 0.5546875 0.04140625 0.11796875
2 0.36875 0.5296875 0.0296875 0.10703125
10 0.59453125 0.409375 0.03828125 0.1140625
10 0.7671875 0.41640625 0.04609375 0.1296875
2 0.4 0.5359375 0.03046875 0.10859375
1 0.621875 0.578125 0.0375 0.1171875
10 0.48984375 0.40546875 0.0296875 0.10390625
1 0.70546875 0.59140625 0.0421875 0.12578125
10 0.7984375 0.22734375 0.04765625 0.1296875
10 0.75 0.23203125 0.04609375 0.125
0 0.31015625 0.51875 0.028125 0.0984375
10 0.6765625 0.4125 0.0421875 0.1203125
10 0.521875 0.40625 0.03203125 0.1078125
2 0.58359375 0.5734375 0.0359375 0.11328125
1 0.7578125 0.59921875 0.05859375 0.13359375
10 0.703125 0.2359375 0.0421875 0.1203125
10 0.5875 0.25078125 0.03828125 0.1046875
10 0.55625 0.4078125 0.03359375 0.1109375
10 0.51953125 0.25625 0.03359375 0.09921875
13 0.66953125 0.74296875 0.0640625 0.13671875
2 0.54765625 0.5671875 0.03359375 0.1109375
0 0.28125 0.51328125 0.0265625 0.096875
10 0.72109375 0.41484375 0.04375 0.12421875
1 0.46953125 0.5484375 0.034375 0.115625
8 0.43046875 0.40234375 0.02578125 0.0984375
2 0.43359375 0.5421875 0.03359375 0.11328125
10 0.634375 0.4109375 0.03828125 0.11640625
8 0.45859375 0.40390625 0.03046875 0.09921875
1 0.6625 0.584375 0.04140625 0.121875
10 0.625 0.24765625 0.03359375 0.1078125
8 0.48359375 0.259375 0.034375 0.0984375
8 0.37578125 0.39921875 0.0265625 0.09296875
10 0.66171875 0.2421875 0.0375 0.115625
8 0.34453125 0.26953125 0.02578125 0.0875
8 0.39453125 0.26640625 0.02578125 0.09140625
10 0.5515625 0.2546875 0.0296875 0.1
8 0.28046875 0.39375 0.0203125 0.08671875
10 0.81796875 0.41796875 0.05390625 0.13671875
8 0.3015625 0.3953125 0.021875 0.0859375
10 0.84921875 0.2234375 0.0515625 0.1359375
8 0.42265625 0.2640625 0.028125 0.09453125
8 0.3484375 0.3984375 0.0234375 0.090625
8 0.40390625 0.4015625 0.02578125 0.09609375
8 0.31796875 0.2703125 0.02421875 0.0875
8 0.3703125 0.26796875 0.0234375 0.090625
8 0.32578125 0.396875 0.021875 0.08828125
8 0.4515625 0.26171875 0.028125 0.09609375
11 0.36015625 0.6546875 0.03984375 0.1046875
11 0.2640625 0.6265625 0.028125 0.1
8 0.259375 0.39296875 0.0203125 0.0828125
11 0.23515625 0.61796875 0.0265625 0.096875
11 0.29375 0.63515625 0.028125 0.09921875
13 0.7375 0.76328125 0.0640625 0.15
11 0.32421875 0.64453125 0.03046875 0.1015625
17 0.13359375 0.48828125 0.0234375 0.0796875
0 0.253125 0.51015625 0.0265625 0.0953125
13 0.60859375 0.7265625 0.05546875 0.134375
17 0.1109375 0.48515625 0.0203125 0.0765625
8 0.2921875 0.27265625 0.02578125 0.08359375
13 0.55 0.7109375 0.05390625 0.12890625
17 0.18046875 0.49453125 0.02578125 0.08359375
6 0.4046875 0.6671875 0.04453125 0.109375
17 0.20859375 0.609375 0.021875 0.0890625
17 0.15546875 0.49140625 0.021875 0.08203125