18 0.1609375 0.55859375 0.0375 0.0921875
2 0.41953125 0.5671875 0.04765625 0.10859375
18 0.1203125 0.5578125 0.03828125 0.090625
2 0.46640625 0.43359375 0.03828125 0.103125
10 0.71953125 0.428125 0.04609375 0.11328125
5 0.59453125 0.7125 0.0375 0.1125
11 0.7046875 0.2609375 0.0640625 0.12578125
2 0.32421875 0.43828125 0.03046875 0.0953125
8 0.66953125 0.5765625 0.0515625 0.12109375
10 0.82109375 0.42578125 0.05 0.1171875
11 0.63984375 0.26640625 0.05859375 0.12109375
10 0.61875 0.57421875 0.04609375 0.1171875
5 0.8234375 0.7390625 0.05234375 0.12578125
5 0.771875 0.73515625 0.04609375 0.1234375
10 0.67265625 0.4296875 0.04375 0.11171875
5 0.55546875 0.70859375 0.03828125 0.1109375
1 0.46953125 0.56796875 0.04765625 0.1109375
10 0.76953125 0.4265625 0.04765625 0.1171875
17 0.2765625 0.5640625 0.04453125 0.0984375
2 0.35859375 0.43671875 0.034375 0.096875
10 0.5421875 0.43203125 0.0375 0.10546875
10 0.58359375 0.43046875 0.03984375 0.1078125
8 0.7875 0.58046875 0.06640625 0.128125
17 0.19921875 0.5609375 0.0359375 0.09453125
2 0.29140625 0.4390625 0.03203125 0.0953125
6 0.39140625 0.28984375 0.0421875 0.10859375
10 0.56953125 0.57265625 0.04453125 0.11640625
2 0.428125 0.434375 0.034375 0.10078125
2 0.39375 0.4359375 0.03046875 0.09921875
8 0.72421875 0.578125 0.05390625 0.12421875
10 0.6265625 0.43046875 0.0421875 0.109375
17 0.01484375 0.4546875 0.0296875 0.0640625
10 0.52109375 0.571875 0.04765625 0.1140625
0 0.3234375 0.5640625 0.04375 0.103125
13 0.78046875 0.25390625 0.08046875 0.1265625
11 0.5765625 0.271875 0.05859375 0.1203125
6 0.440625 0.2859375 0.0515625 0.11171875
6 0.34453125 0.29453125 0.04765625 0.1078125
17 0.23671875 0.56171875 0.03359375 0.09609375
5 0.4015625 0.6953125 0.034375 0.1046875
10 0.5046875 0.4328125 0.034375 0.103125
18 0.09453125 0.44921875 0.0296875 0.075
0 0.3703125 0.565625 0.04453125 0.10546875
18 0.13125 0.4484375 0.03828125 0.07578125
18 0.08203125 0.55703125 0.034375 0.0890625
5 0.515625 0.70390625 0.0375 0.109375
5 0.72421875 0.73046875 0.04453125 0.1203125
5 0.4375 0.69921875 0.03359375 0.1078125
17 0.04453125 0.45390625 0.02421875 0.06640625
18 0.06875 0.45 0.0234375 0.0734375
5 0.63515625 0.71796875 0.03984375 0.1171875
17 0.2328125 0.44609375 0.021875 0.08046875
18 0.18671875 0.446875 0.0484375 0.078125
17 0.25859375 0.4453125 0.03046875 0.08203125
5 0.47578125 0.7015625 0.03828125 0.1078125
12 0.5140625 0.2765625 0.05859375 0.1171875
3 0.1625 0.671875 0.0296875 0.09296875
5 0.36640625 0.69296875 0.03359375 0.1046875
5 0.67890625 0.72578125 0.0421875 0.115625
3 0.19140625 0.675 0.02578125 0.09140625