10 0.5015625 0.52734375 0.0359375 0.10546875
24 0.44453125 0.278125 0.04453125 0.11953125
24 0.39453125 0.284375 0.05 0.125
24 0.571875 0.26484375 0.03359375 0.10078125
24 0.34140625 0.29140625 0.0484375 0.1265625
24 0.53046875 0.2703125 0.04140625 0.10390625
8 0.396875 0.565625 0.028125 0.10078125
10 0.46328125 0.5375 0.0359375 0.10546875
8 0.5375 0.51640625 0.03359375 0.10390625
17 0.7734375 0.328125 0.03359375 0.07421875
8 0.428125 0.55625 0.03046875 0.09609375
8 0.36640625 0.5765625 0.03046875 0.10390625
17 0.74140625 0.33359375 0.028125 0.07578125
24 0.6046875 0.25859375 0.028125 0.096875
24 0.6375 0.25390625 0.03359375 0.09453125
1 0.59296875 0.49140625 0.02578125 0.0953125
1 0.621875 0.48203125 0.028125 0.0953125
8 0.5671875 0.50390625 0.02421875 0.096875
8 0.3328125 0.58671875 0.03359375 0.11328125
8 0.1140625 0.01640625 0.06953125 0.0328125
24 0.45234375 0.40703125 0.04140625 0.0984375
17 0.7765625 0.43671875 0.03203125 0.08671875
0 0.6515625 0.47421875 0.028125 0.09453125
24 0.671875 0.2484375 0.0296875 0.0921875
24 0.40703125 0.41796875 0.04375 0.09921875
24 0.4953125 0.396875 0.03984375 0.0953125
17 0.82265625 0.41796875 0.02421875 0.078125
0 0.68046875 0.465625 0.028125 0.0921875
17 0.6796875 0.3484375 0.04140625 0.078125
17 0.6359375 0.3546875 0.04140625 0.07890625