10 0.4015625 0.4328125 0.028125 0.0890625
10 0.15078125 0.26015625 0.04765625 0.096875
10 0.19296875 0.26328125 0.03359375 0.09296875
8 0.59140625 0.42109375 0.0234375 0.07421875
4 0.18828125 0.63671875 0.0421875 0.12109375
8 0.49375 0.42734375 0.02578125 0.08203125
8 0.40859375 0.2796875 0.0265625 0.078125
10 0.33671875 0.4359375 0.034375 0.09296875
4 0.32578125 0.6125 0.03203125 0.11171875
10 0.29375 0.27109375 0.0296875 0.0859375
4 0.35859375 0.60703125 0.03359375 0.10703125
10 0.26328125 0.440625 0.0359375 0.10078125
10 0.30078125 0.43828125 0.034375 0.096875
10 0.37109375 0.434375 0.03203125 0.09140625
8 0.54375 0.42421875 0.021875 0.078125
8 0.5671875 0.42265625 0.021875 0.0765625
10 0.1765625 0.44453125 0.0421875 0.109375
8 0.50546875 0.2875 0.0203125 0.0703125
8 0.46484375 0.428125 0.0296875 0.08359375
10 0.228125 0.265625 0.034375 0.090625
8 0.43359375 0.43046875 0.03203125 0.0875
0 0.67109375 0.41640625 0.01796875 0.06953125
10 0.32421875 0.2734375 0.0296875 0.08359375
10 0.2625 0.26796875 0.03046875 0.08828125
4 0.228125 0.63125 0.0359375 0.1171875
8 0.51953125 0.42578125 0.02421875 0.0796875
4 0.26640625 0.62578125 0.03828125 0.1140625
8 0.52734375 0.28828125 0.0203125 0.07109375
8 0.43671875 0.28203125 0.02578125 0.07578125
10 0.35390625 0.27578125 0.0265625 0.08203125
8 0.55 0.28984375 0.0234375 0.06953125
4 0.3890625 0.60078125 0.0265625 0.10703125
10 0.221875 0.4421875 0.04375 0.10546875
3 0.63359375 0.5515625 0.01953125 0.084375
8 0.6125 0.41953125 0.01796875 0.071875
4 0.29765625 0.61875 0.02578125 0.1125
8 0.4625 0.2828125 0.0234375 0.07578125
10 0.38125 0.278125 0.02578125 0.0796875
4 0.44375 0.590625 0.02578125 0.1
4 0.41640625 0.5953125 0.0265625 0.103125
8 0.48359375 0.2859375 0.0203125 0.0734375
0 0.6515625 0.4171875 0.01796875 0.0703125
2 0.67421875 0.29921875 0.015625 0.059375
1 0.72578125 0.41328125 0.015625 0.0640625
8 0.5765625 0.29140625 0.028125 0.06796875
2 0.65703125 0.2984375 0.01640625 0.0609375
3 0.61484375 0.55546875 0.01953125 0.0859375
3 0.51171875 0.57578125 0.01953125 0.09296875
17 0.7953125 0.409375 0.02421875 0.05859375
3 0.53359375 0.571875 0.02578125 0.0921875
3 0.55703125 0.5671875 0.01953125 0.0875
8 0.6046875 0.29375 0.01953125 0.06640625
17 0.828125 0.51484375 0.02578125 0.0625
1 0.7078125 0.3015625 0.015625 0.0578125
3 0.59609375 0.559375 0.01796875 0.08671875
2 0.690625 0.41484375 0.01796875 0.0671875
1 0.7421875 0.41171875 0.015625 0.06328125
3 0.6515625 0.54921875 0.01640625 0.08046875
3 0.49140625 0.58046875 0.0234375 0.09296875
3 0.5765625 0.56328125 0.01953125 0.0875
0 0.6328125 0.41796875 0.0203125 0.07109375
2 0.70859375 0.4140625 0.01640625 0.06640625
4 0.46796875 0.5859375 0.0234375 0.0984375
17 0.7734375 0.4109375 0.01640625 0.0609375
17 0.8546875 0.51171875 0.02578125 0.0609375
1 0.7234375 0.30234375 0.0140625 0.05703125
0 0.63984375 0.29609375 0.015625 0.06328125
17 0.81953125 0.3140625 0.0234375 0.0421875
0 0.6234375 0.29453125 0.01640625 0.0640625
2 0.69140625 0.3 0.01640625 0.05859375
1 0.73828125 0.3046875 0.0140625 0.05390625
1 0.75859375 0.4109375 0.015625 0.06171875
17 0.84140625 0.31640625 0.01953125 0.0390625
18 0.8015625 0.51953125 0.0234375 0.0671875
3 0.67109375 0.54609375 0.01953125 0.08046875
8 0.1109375 0.884375 0.05 0.12890625