4 0.1296875 0.53984375 0.05 0.13671875
10 0.62109375 0.34765625 0.02421875 0.0734375
4 0.02890625 0.55625 0.0578125 0.1453125
1 0.40078125 0.36484375 0.0375 0.0890625
4 0.08046875 0.5484375 0.0484375 0.140625
1 0.59453125 0.34921875 0.02578125 0.075
15 0.69140625 0.4390625 0.02421875 0.08671875
15 0.65546875 0.44453125 0.02421875 0.09453125
10 0.69140625 0.34296875 0.021875 0.06953125
0 0.41171875 0.25 0.0296875 0.09453125
1 0.565625 0.3515625 0.028125 0.07890625
1 0.4375 0.36171875 0.03359375 0.0875
1 0.50390625 0.35546875 0.0296875 0.0828125
0 0.4953125 0.2515625 0.0234375 0.0875
0 0.44140625 0.25078125 0.028125 0.0921875
1 0.47109375 0.35859375 0.03359375 0.08671875
10 0.6453125 0.34609375 0.021875 0.07109375
0 0.58984375 0.253125 0.02421875 0.08046875
15 0.71328125 0.4359375 0.021875 0.084375
0 0.46953125 0.25078125 0.02578125 0.090625
1 0.53515625 0.353125 0.028125 0.08046875
0 0.5203125 0.25234375 0.02421875 0.084375
24 0.27890625 0.378125 0.04453125 0.0890625
1 0.36171875 0.36875 0.03828125 0.09140625
0 0.38046875 0.24921875 0.0296875 0.09609375
8 0.75546875 0.33828125 0.01796875 0.0625
0 0.56484375 0.253125 0.0234375 0.08203125
2 0.3515625 0.25078125 0.028125 0.0984375
8 0.71484375 0.34140625 0.021875 0.06640625
10 0.66875 0.34453125 0.0203125 0.06953125
14 0.75546875 0.52578125 0.0265625 0.078125
10 0.65546875 0.2546875 0.0203125 0.07578125
24 0.02265625 0.39140625 0.04453125 0.1234375
15 0.73125 0.43359375 0.0203125 0.08203125
8 0.70859375 0.25546875 0.0203125 0.071875
15 0.46328125 0.4765625 0.04765625 0.109375
0 0.5421875 0.253125 0.01953125 0.08359375
10 0.634375 0.25546875 0.01953125 0.0765625
24 0.23203125 0.38203125 0.04375 0.0921875
8 0.7296875 0.25546875 0.01796875 0.0703125
8 0.7359375 0.3390625 0.01953125 0.065625
15 0.61015625 0.4515625 0.0359375 0.096875
10 0.68125 0.2546875 0.02578125 0.07421875
15 0.678125 0.4421875 0.02421875 0.09140625
24 0.32265625 0.375 0.03828125 0.08671875
15 0.5234375 0.46875 0.028125 0.10546875
8 0.7765625 0.33671875 0.01953125 0.06171875
15 0.7734375 0.428125 0.03359375 0.075
10 0.6140625 0.2546875 0.0203125 0.078125
15 0.7453125 0.43203125 0.0203125 0.078125
14 0.646875 0.55234375 0.034375 0.0875
8 0.7484375 0.25625 0.015625 0.0671875
15 0.6375 0.446875 0.021875 0.0953125
15 0.54921875 0.46328125 0.02578125 0.103125
15 0.49765625 0.47265625 0.02578125 0.1078125
14 0.728125 0.53359375 0.0234375 0.08203125
15 0.575 0.4609375 0.0296875 0.1
24 0.0765625 0.39453125 0.05546875 0.1015625
14 0.33515625 0.50078125 0.04609375 0.11640625
14 0.60859375 0.559375 0.03828125 0.08359375
8 0.7625 0.25625 0.0140625 0.0671875
14 0.415625 0.4875 0.04140625 0.1140625
14 0.778125 0.5203125 0.021875 0.07578125
14 0.3765625 0.49453125 0.03984375 0.1140625
24 0.18359375 0.38515625 0.04609375 0.0953125
8 0.77578125 0.25625 0.015625 0.065625
24 0.13203125 0.38984375 0.0515625 0.09921875
14 0.5125 0.59296875 0.04375 0.1015625
14 0.70859375 0.53671875 0.0234375 0.08359375
14 0.68671875 0.54296875 0.021875 0.08671875
14 0.46953125 0.6078125 0.03046875 0.10703125
14 0.66953125 0.546875 0.0203125 0.08828125
14 0.54375 0.5859375 0.02421875 0.1
18 0.9875 0.39921875 0.01796875 0.04453125
14 0.44140625 0.615625 0.0296875 0.10859375