24 0.74140625 0.184375 0.084375 0.1671875
24 0.4390625 0.13515625 0.0796875 0.16796875
24 0.56875 0.3390625 0.06640625 0.13046875
1 0.6375 0.52421875 0.06015625 0.128125
24 0.8265625 0.1984375 0.08984375 0.1703125
24 0.9171875 0.21328125 0.09140625 0.171875
1 0.69921875 0.53984375 0.0640625 0.13203125
24 0.65234375 0.17421875 0.08359375 0.16796875
24 0.5671875 0.16484375 0.0796875 0.1671875
24 0.36171875 0.1234375 0.06796875 0.16953125
24 0.5 0.3265625 0.0640625 0.128125
24 0.98125 0.23359375 0.0375 0.15703125
24 0.64296875 0.35078125 0.078125 0.128125
22 0.9171875 0.40703125 0.0921875 0.1328125
22 0.82890625 0.3875 0.08828125 0.1265625
0 0.7625 0.5578125 0.065625 0.134375