5 0.74375 0.540625 0.0296875 0.11640625
11 0.1578125 0.2390625 0.07578125 0.14140625
8 0.42109375 0.2546875 0.0421875 0.1125
10 0.328125 0.253125 0.04453125 0.1140625
0 0.61484375 0.259375 0.03828125 0.10390625
8 0.2734375 0.42421875 0.05625 0.14140625
11 0.07578125 0.23671875 0.08046875 0.14609375
4 0.7125 0.54453125 0.0296875 0.11796875
10 0.4875 0.41953125 0.0421875 0.11796875
8 0.4625 0.25546875 0.03984375 0.11171875
5 0.803125 0.53359375 0.03046875 0.1125
18 0.80234375 0.4046875 0.04140625 0.0984375
8 0.37578125 0.253125 0.04765625 0.115625
8 0.33125 0.42734375 0.05390625 0.12578125
4 0.68125 0.5484375 0.03359375 0.11953125
1 0.5796875 0.415625 0.0421875 0.1125
1 0.6859375 0.26015625 0.028125 0.1
10 0.28046875 0.253125 0.04609375 0.1171875
0 0.57734375 0.259375 0.034375 0.103125
8 0.38671875 0.4234375 0.05234375 0.12421875
17 0.7203125 0.2671875 0.0375 0.0859375
10 0.23046875 0.2515625 0.0515625 0.11953125
2 0.5046875 0.25703125 0.03984375 0.1078125
0 0.53359375 0.4171875 0.04609375 0.115625
10 0.43984375 0.421875 0.04765625 0.12109375
17 0.7125 0.41015625 0.04765625 0.1
3 0.8328125 0.5296875 0.0265625 0.109375
3 0.86328125 0.5265625 0.034375 0.10859375
1 0.653125 0.259375 0.034375 0.1015625
2 0.5421875 0.2578125 0.034375 0.1046875
5 0.7734375 0.53671875 0.0296875 0.1140625
1 0.6203125 0.41328125 0.0375 0.109375
18 0.8421875 0.4015625 0.0375 0.09609375
16 0.5375 0.565625 0.0421875 0.13046875
17 0.6546875 0.4140625 0.03046875 0.1015625
17 0.759375 0.2671875 0.0375 0.084375
18 0.86640625 0.26953125 0.034375 0.07890625
17 0.7875 0.26953125 0.0203125 0.07890625
17 0.6875 0.41171875 0.03359375 0.1
18 0.81171875 0.27265625 0.02578125 0.07421875
16 0.58671875 0.55546875 0.0375 0.1203125
19 0.87734375 0.39453125 0.03046875 0.10546875
12 0.01484375 0.23671875 0.0296875 0.14609375
16 0.64296875 0.553125 0.03984375 0.11953125