5 0.73125 0.565625 0.0484375 0.14296875
17 0.7765625 0.22421875 0.0578125 0.10078125
4 0.559375 0.5453125 0.03984375 0.1296875
0 0.5296875 0.23046875 0.0359375 0.10859375
4 0.6 0.54921875 0.04140625 0.1328125
5 0.6421875 0.5546875 0.04140625 0.13671875
2 0.45859375 0.2359375 0.0359375 0.10078125
17 0.7125 0.22421875 0.0625 0.10546875
18 0.82578125 0.40078125 0.0734375 0.13203125
2 0.42109375 0.23671875 0.034375 0.09921875
18 0.753125 0.3984375 0.0640625 0.1265625
3 0.7796875 0.56953125 0.04609375 0.14609375
1 0.5234375 0.390625 0.0578125 0.115625
10 0.2453125 0.24921875 0.0265625 0.08671875
10 0.39140625 0.38671875 0.03828125 0.10546875
17 0.63046875 0.39609375 0.05390625 0.1171875
5 0.68515625 0.56015625 0.0421875 0.13828125
10 0.353125 0.3859375 0.034375 0.1046875
1 0.6078125 0.225 0.0375 0.1125
0 0.43125 0.38828125 0.0375 0.109375
17 0.65234375 0.22734375 0.05 0.10390625
1 0.47265625 0.3890625 0.04140625 0.11171875
17 0.5796875 0.39609375 0.04453125 0.1109375
18 0.83125 0.221875 0.04765625 0.09921875
18 0.8875 0.2125 0.0578125 0.115625
8 0.31796875 0.384375 0.03359375 0.1015625
10 0.3 0.24609375 0.02578125 0.090625
8 0.28359375 0.38046875 0.03203125 0.103125
10 0.2734375 0.2484375 0.02421875 0.08828125
0 0.49453125 0.23359375 0.03203125 0.103125
8 0.3875 0.2390625 0.03046875 0.0984375
1 0.56796875 0.2265625 0.03828125 0.1109375
8 0.3265625 0.24296875 0.02421875 0.09296875
16 0.4703125 0.5296875 0.04375 0.1203125
8 0.35546875 0.24140625 0.03046875 0.09609375
8 0.2515625 0.378125 0.0265625 0.10390625
16 0.42421875 0.5265625 0.0421875 0.12109375
16 0.51796875 0.5390625 0.04375 0.128125
14 0.41328125 0.66640625 0.03828125 0.11953125