7 0.4671875 0.421875 0.02578125 0.0921875
7 0.5515625 0.44140625 0.0296875 0.1
7 0.61640625 0.45625 0.03203125 0.1078125
0 0.85390625 0.34453125 0.0515625 0.1234375
7 0.6515625 0.46484375 0.0375 0.1109375
5 0.578125 0.58359375 0.0265625 0.10546875
7 0.58359375 0.44921875 0.03203125 0.10390625
7 0.521875 0.434375 0.028125 0.0984375
7 0.690625 0.47421875 0.03828125 0.115625
2 0.52734375 0.3125 0.02578125 0.0953125
5 0.6078125 0.59453125 0.03046875 0.11328125
3 0.503125 0.55625 0.02578125 0.1
5 0.64140625 0.6046875 0.0359375 0.1140625
7 0.49375 0.42734375 0.02578125 0.09296875
0 0.7265625 0.3328125 0.0375 0.1140625
0 0.58828125 0.31796875 0.03203125 0.1
0 0.80625 0.340625 0.04375 0.1203125
0 0.7984375 0.4953125 0.05859375 0.12421875
7 0.7375 0.48203125 0.05390625 0.11796875
2 0.55703125 0.315625 0.0296875 0.09921875
1 0.43046875 0.3015625 0.0203125 0.0828125
1 0.41953125 0.41015625 0.021875 0.08828125
2 0.4765625 0.30546875 0.0203125 0.08828125
0 0.6515625 0.32421875 0.03203125 0.1078125
4 0.41953125 0.5234375 0.021875 0.09140625
3 0.5296875 0.56640625 0.02578125 0.103125
2 0.5015625 0.3078125 0.02578125 0.090625
0 0.68828125 0.328125 0.03828125 0.109375
1 0.37109375 0.39921875 0.0234375 0.0859375
1 0.3953125 0.4046875 0.02421875 0.084375
1 0.453125 0.303125 0.0234375 0.0859375
0 0.6203125 0.3203125 0.0296875 0.103125
0 0.76640625 0.33671875 0.0375 0.11640625
5 0.55390625 0.575 0.0234375 0.10703125
1 0.44140625 0.41484375 0.0234375 0.0890625
1 0.37109375 0.29453125 0.01953125 0.078125
1 0.4109375 0.29921875 0.01953125 0.0828125
3 0.47890625 0.546875 0.0203125 0.0984375
4 0.4390625 0.53125 0.01796875 0.0953125
1 0.39140625 0.296875 0.01796875 0.0796875
4 0.384375 0.5109375 0.01796875 0.084375
10 0.3484375 0.39296875 0.0203125 0.08046875
3 0.45859375 0.5390625 0.0203125 0.0953125
10 0.34765625 0.2921875 0.0234375 0.075
10 0.32890625 0.290625 0.0140625 0.0734375
10 0.2828125 0.2859375 0.0140625 0.06953125
10 0.31328125 0.2890625 0.01640625 0.07109375
10 0.25546875 0.28359375 0.0125 0.065625
10 0.3265625 0.3890625 0.0203125 0.07890625
4 0.3984375 0.51640625 0.01640625 0.0890625
10 0.29765625 0.28671875 0.0140625 0.0703125
10 0.23828125 0.28203125 0.01796875 0.0625
10 0.2703125 0.284375 0.0125 0.0671875