17 0.35234375 0.44453125 0.05390625 0.103125
17 0.19453125 0.33046875 0.04765625 0.09140625
17 0.29453125 0.4453125 0.05625 0.1046875
2 0.45859375 0.31953125 0.0421875 0.1046875
8 0.65703125 0.43984375 0.04765625 0.0984375
2 0.55703125 0.4421875 0.0484375 0.0984375
0 0.33203125 0.3203125 0.0421875 0.10703125
17 0.234375 0.446875 0.05625 0.10390625
10 0.71875 0.31171875 0.04140625 0.1046875
2 0.41640625 0.3203125 0.03828125 0.10390625
2 0.50625 0.44296875 0.04609375 0.09921875
0 0.37578125 0.31953125 0.03984375 0.10703125
5 0.33203125 0.15546875 0.04453125 0.1296875
18 0.1734375 0.44765625 0.0578125 0.1015625
10 0.67421875 0.31328125 0.0421875 0.1046875
17 0.14453125 0.33203125 0.0484375 0.0921875
0 0.2875 0.321875 0.04140625 0.10546875
8 0.63046875 0.3140625 0.04140625 0.1046875
8 0.5875 0.315625 0.04140625 0.10546875
0 0.45625 0.44375 0.04765625 0.10078125
1 0.5015625 0.31640625 0.04140625 0.10703125
10 0.75546875 0.43671875 0.0484375 0.096875
18 0.24375 0.33046875 0.04375 0.0890625
16 0.8546875 0.146875 0.0421875 0.13359375
8 0.60703125 0.440625 0.04609375 0.0984375
10 0.70546875 0.4390625 0.04375 0.09609375
4 0.55546875 0.14921875 0.03984375 0.13046875
1 0.54453125 0.31484375 0.04140625 0.10703125
10 0.80625 0.434375 0.04609375 0.09921875
0 0.40625 0.44375 0.0484375 0.1015625
3 0.41953125 0.153125 0.04375 0.13046875
9 0.76171875 0.3109375 0.04140625 0.1046875
3 0.3765625 0.15546875 0.03984375 0.128125
18 0.11484375 0.4484375 0.05390625 0.103125
5 0.2859375 0.15625 0.04453125 0.13046875
4 0.51171875 0.15078125 0.04375 0.13046875
9 0.80625 0.31015625 0.04453125 0.10546875
16 0.9421875 0.1453125 0.03984375 0.128125
16 0.240625 0.15625 0.0421875 0.13359375
16 0.89921875 0.146875 0.04375 0.1328125
18 0.10078125 0.34296875 0.0359375 0.06953125