6 0.70390625 0.24375 0.06796875 0.16328125
3 0.45859375 0.42265625 0.03984375 0.1390625
4 0.63046875 0.434375 0.04765625 0.16328125
5 0.85546875 0.45078125 0.06640625 0.18828125
4 0.58359375 0.43046875 0.04375 0.1578125
8 0.38046875 0.4203125 0.04140625 0.1203125
18 0.684375 0.09296875 0.0484375 0.1
8 0.3421875 0.4171875 0.03203125 0.11640625
5 0.79140625 0.446875 0.0578125 0.1828125
16 0.77421875 0.64296875 0.0703125 0.1671875
5 0.73359375 0.4421875 0.05546875 0.1765625
3 0.4984375 0.42578125 0.03828125 0.14296875
5 0.68125 0.43828125 0.0484375 0.17109375
1 0.31953125 0.27109375 0.03046875 0.10546875
6 0.6375 0.2484375 0.06015625 0.15703125
2 0.2359375 0.27421875 0.0296875 0.09921875
8 0.3109375 0.4140625 0.028125 0.1125
0 0.35 0.2703125 0.0265625 0.1078125
16 0.66015625 0.6234375 0.05234375 0.15703125
0 0.38046875 0.26875 0.03203125 0.11171875
0 0.41328125 0.26796875 0.03203125 0.1140625
8 0.2796875 0.41171875 0.03203125 0.1078125
8 0.41953125 0.4234375 0.034375 0.12421875
2 0.26484375 0.2734375 0.0296875 0.1
18 0.740625 0.0828125 0.06171875 0.1078125
0 0.525 0.259375 0.0515625 0.1328125
0 0.44609375 0.2671875 0.03203125 0.11953125
0 0.48046875 0.2640625 0.0359375 0.12109375
1 0.29140625 0.27265625 0.0234375 0.1015625
6 0.76953125 0.23984375 0.05859375 0.17109375
6 0.83359375 0.23671875 0.0703125 0.178125
4 0.53984375 0.428125 0.04375 0.1515625
18 0.246875 0.146875 0.034375 0.09453125
0 0.5796875 0.25546875 0.05234375 0.14140625
16 0.38046875 0.559375 0.03828125 0.1109375
16 0.7125 0.6328125 0.05234375 0.1609375
16 0.41953125 0.571875 0.0359375 0.125
17 0.38046875 0.12265625 0.05234375 0.1140625
10 0.25078125 0.41328125 0.0234375 0.096875
18 0.2875 0.1390625 0.0421875 0.10078125
10 0.22421875 0.4109375 0.028125 0.0953125
16 0.45703125 0.5796875 0.0375 0.128125
16 0.3359375 0.553125 0.04609375 0.115625
16 0.28671875 0.53828125 0.04375 0.09921875