8 0.41875 0.35625 0.034375 0.121875
8 0.38359375 0.359375 0.0359375 0.12578125
6 0.56953125 0.63203125 0.0359375 0.11171875
8 0.34609375 0.36328125 0.04140625 0.13203125
8 0.5328125 0.34453125 0.0296875 0.1078125
10 0.56328125 0.340625 0.03046875 0.10390625
8 0.30625 0.3671875 0.03984375 0.1359375
8 0.26171875 0.37109375 0.05 0.14296875
8 0.50546875 0.3484375 0.028125 0.11328125
8 0.45 0.353125 0.028125 0.11953125
8 0.41171875 0.18046875 0.03984375 0.11953125
8 0.4765625 0.35078125 0.0265625 0.115625
8 0.3046875 0.1703125 0.0421875 0.1359375
8 0.25859375 0.16328125 0.05 0.1421875
10 0.6125 0.334375 0.02421875 0.0984375
10 0.58984375 0.3375 0.021875 0.1
8 0.34375 0.17421875 0.0375 0.128125
8 0.44609375 0.18359375 0.03359375 0.11328125
8 0.21015625 0.159375 0.04609375 0.1453125
17 0.0859375 0.884375 0.0921875 0.1875
17 0.28359375 0.56953125 0.0765625 0.1515625
8 0.3765625 0.1765625 0.03046875 0.1234375
10 0.64375 0.33203125 0.0265625 0.09296875
8 0.50234375 0.1890625 0.03046875 0.10390625
10 0.66875 0.328125 0.01953125 0.08828125
17 0.16953125 0.83515625 0.08046875 0.17109375
8 0.47421875 0.18671875 0.0265625 0.10859375
17 0.01796875 0.9109375 0.0359375 0.17578125
10 0.55 0.19296875 0.03203125 0.0984375
2 0.47578125 0.51484375 0.0359375 0.1296875
10 0.70234375 0.325 0.0234375 0.08671875
2 0.540625 0.4953125 0.03046875 0.1171875
2 0.571875 0.48828125 0.03046875 0.1125