18 0.34921875 0.434375 0.0421875 0.08203125
10 0.74453125 0.421875 0.034375 0.08671875
8 0.59609375 0.425 0.0359375 0.090625
8 0.496875 0.3109375 0.05234375 0.10390625
8 0.59453125 0.31171875 0.04375 0.103125
8 0.55859375 0.425 0.0359375 0.0890625
18 0.30625 0.434375 0.03984375 0.0796875
8 0.6390625 0.31171875 0.0421875 0.103125
18 0.33359375 0.31171875 0.0515625 0.1
10 0.725 0.31015625 0.03984375 0.1
8 0.5484375 0.3109375 0.04453125 0.10390625
8 0.634375 0.42421875 0.0359375 0.0890625
18 0.26328125 0.4359375 0.04140625 0.078125
10 0.671875 0.4234375 0.034375 0.08828125
8 0.51640625 0.42578125 0.04375 0.090625
10 0.70859375 0.4234375 0.034375 0.08671875
17 0.16875 0.32109375 0.05390625 0.0765625
18 0.27578125 0.30859375 0.0578125 0.10078125
10 0.78046875 0.42109375 0.03359375 0.08671875
17 0.1625 0.43671875 0.0515625 0.07890625
10 0.68359375 0.3109375 0.03984375 0.10078125
10 0.76875 0.3109375 0.04375 0.09921875
17 0.21640625 0.4359375 0.0484375 0.0796875
17 0.22109375 0.32265625 0.04453125 0.075
18 0.38515625 0.3171875 0.0484375 0.0890625
18 0.43828125 0.3203125 0.05 0.08359375
3 0.88671875 0.4171875 0.028125 0.08203125
3 0.91640625 0.41796875 0.028125 0.0796875
3 0.84453125 0.31484375 0.028125 0.09296875
3 0.90390625 0.315625 0.0296875 0.0921875
3 0.8734375 0.315625 0.0265625 0.0921875