6 0.5984375 0.56328125 0.04765625 0.14609375
11 0.44921875 0.5953125 0.05234375 0.1625
6 0.55 0.57421875 0.04453125 0.14921875
10 0.23671875 0.20859375 0.071875 0.1578125
8 0.51875 0.40078125 0.05390625 0.1421875
11 0.5015625 0.58671875 0.0484375 0.1546875
10 0.30234375 0.21015625 0.05625 0.15390625
4 0.79453125 0.6671875 0.03203125 0.11796875
18 0.93125 0.4890625 0.04140625 0.1046875
2 0.65546875 0.22265625 0.03828125 0.11796875
4 0.75546875 0.67578125 0.04375 0.1171875
8 0.49765625 0.21796875 0.04609375 0.134375
8 0.45390625 0.21796875 0.03984375 0.1359375
8 0.46328125 0.40703125 0.05546875 0.14921875
8 0.40703125 0.41328125 0.05625 0.153125
10 0.26875 0.4234375 0.09453125 0.16796875
12 0.32109375 0.62109375 0.084375 0.17421875
10 0.359375 0.21171875 0.05390625 0.15
10 0.3484375 0.41875 0.0625 0.1609375
1 0.68984375 0.22265625 0.03203125 0.1140625
0 0.57265625 0.3953125 0.0515625 0.13828125
0 0.62109375 0.3921875 0.04453125 0.1328125
8 0.409375 0.21484375 0.04765625 0.14140625
1 0.66640625 0.38671875 0.04375 0.13046875
17 0.8125 0.23828125 0.0484375 0.0828125
1 0.7078125 0.38203125 0.03828125 0.12578125
18 0.89140625 0.5015625 0.034375 0.10390625
0 0.584375 0.21796875 0.04453125 0.1265625
17 0.81953125 0.51796875 0.0375 0.1109375
17 0.81015625 0.3828125 0.03046875 0.09296875
1 0.7203125 0.22421875 0.0296875 0.1125
2 0.746875 0.378125 0.03828125 0.12109375
0 0.6203125 0.2203125 0.0296875 0.12109375
18 0.85625 0.509375 0.034375 0.10703125
12 0.39453125 0.6078125 0.05625 0.16796875
6 0.64296875 0.55390625 0.03828125 0.1421875
17 0.8375 0.38046875 0.0234375 0.0890625
2 0.78046875 0.378125 0.028125 0.1125
17 0.77890625 0.52578125 0.04453125 0.115625
8 0.54140625 0.21796875 0.04140625 0.1328125
1 0.75859375 0.22421875 0.04453125 0.1125
18 0.97265625 0.48203125 0.0359375 0.1015625
18 0.86328125 0.378125 0.02578125 0.0859375
18 0.99453125 0.47578125 0.01015625 0.10390625
18 0.88515625 0.3765625 0.01796875 0.08203125