6 0.53046875 0.73984375 0.05234375 0.10703125
8 0.3375 0.36640625 0.04375 0.1203125
6 0.4765625 0.75078125 0.05 0.10078125
8 0.5859375 0.3421875 0.03984375 0.11171875
10 0.38359375 0.35859375 0.04453125 0.1234375
10 0.15546875 0.37890625 0.0484375 0.13203125
1 0.3234375 0.5265625 0.0375 0.11171875
8 0.5109375 0.34921875 0.034375 0.1140625
8 0.546875 0.34609375 0.0359375 0.11171875
10 0.4296875 0.3546875 0.04140625 0.12109375
8 0.471875 0.3515625 0.04140625 0.11796875
8 0.2953125 0.36953125 0.03984375 0.1203125
17 0.44453125 0.2078125 0.04140625 0.09921875
10 0.6609375 0.3359375 0.03203125 0.10390625
8 0.25390625 0.371875 0.04375 0.125
8 0.625 0.3390625 0.034375 0.1078125
10 0.20546875 0.37578125 0.0484375 0.12890625
17 0.4015625 0.20546875 0.04609375 0.103125
0 0.52109375 0.48515625 0.0375 0.1078125
18 0.48515625 0.209375 0.0375 0.09609375
18 0.33515625 0.66953125 0.065625 0.12421875
1 0.36171875 0.51953125 0.0375 0.10703125
2 0.1890625 0.5515625 0.04765625 0.12109375
10 0.6953125 0.33359375 0.03359375 0.1015625
10 0.1 0.38203125 0.0578125 0.13671875
17 0.265625 0.68828125 0.06953125 0.12890625
1 0.55703125 0.47890625 0.03203125 0.10390625
11 0.21328125 0.86171875 0.06171875 0.13359375
24 0.2875 0.2046875 0.0515625 0.10390625
18 0.3984375 0.65546875 0.0578125 0.115625
2 0.2375 0.5421875 0.04765625 0.11640625
1 0.2828125 0.5328125 0.0421875 0.1125
12 0.43359375 0.7671875 0.03046875 0.09609375
18 0.52421875 0.2109375 0.03828125 0.09296875
2 0.4015625 0.50703125 0.0421875 0.11640625
11 0.32578125 0.825 0.0484375 0.12578125
11 0.2734375 0.84375 0.0515625 0.12421875
12 0.3734375 0.8046875 0.0421875 0.121875
18 0.54609375 0.6 0.0421875 0.08828125
0 0.48203125 0.490625 0.03984375 0.11171875
3 0.79296875 0.43828125 0.02421875 0.084375
1 0.5890625 0.4734375 0.0296875 0.09921875
2 0.4421875 0.5 0.03828125 0.1125
3 0.8296875 0.43203125 0.01953125 0.0828125
13 0.67890625 0.68203125 0.04765625 0.090625
3 0.81171875 0.434375 0.0140625 0.08359375
24 0.346875 0.20390625 0.05625 0.10546875
2 0.13828125 0.5578125 0.05546875 0.121875
4 0.94140625 0.41171875 0.01640625 0.0734375
5 0.86484375 0.4265625 0.01640625 0.0765625
5 0.8484375 0.43046875 0.015625 0.07890625
5 0.88125 0.425 0.01640625 0.075
18 0.5890625 0.590625 0.03984375 0.08671875
4 0.95859375 0.4078125 0.015625 0.0703125
12 0.40546875 0.78125 0.021875 0.10390625