15 0.47734375 0.46875 0.03359375 0.1171875
15 0.5375 0.4765625 0.034375 0.125
15 0.5078125 0.47265625 0.028125 0.11953125
8 0.77109375 0.2015625 0.04453125 0.1265625
8 0.725 0.20625 0.04453125 0.12421875
1 0.4734375 0.34609375 0.03046875 0.09296875
8 0.8375 0.353125 0.06015625 0.11796875
8 0.81953125 0.1984375 0.04765625 0.12890625
15 0.7171875 0.5 0.04765625 0.14296875
8 0.8734375 0.196875 0.05546875 0.13203125
8 0.67734375 0.34921875 0.04765625 0.109375
8 0.72734375 0.35078125 0.04765625 0.11171875
8 0.7796875 0.3515625 0.0515625 0.115625
15 0.440625 0.46328125 0.0375 0.11328125
0 0.42265625 0.23515625 0.02578125 0.0921875
10 0.5859375 0.3484375 0.04140625 0.1015625
15 0.6359375 0.490625 0.034375 0.13671875
15 0.3375 0.45078125 0.0265625 0.1015625
0 0.396875 0.2375 0.0234375 0.0890625
10 0.50703125 0.34765625 0.034375 0.09453125
15 0.603125 0.484375 0.03359375 0.13203125
14 0.5171875 0.6109375 0.034375 0.1109375
8 0.68125 0.2109375 0.03828125 0.11796875
15 0.5703125 0.48046875 0.03359375 0.128125
1 0.409375 0.34296875 0.028125 0.08828125
1 0.38046875 0.34296875 0.0265625 0.0859375
15 0.79453125 0.5109375 0.05625 0.1546875
10 0.63046875 0.34921875 0.0421875 0.10546875
0 0.4796875 0.23203125 0.02578125 0.0984375
0 0.4515625 0.2328125 0.028125 0.09453125
1 0.440625 0.34453125 0.03046875 0.090625
1 0.3265625 0.3421875 0.02421875 0.08203125
10 0.56953125 0.22265625 0.03203125 0.10546875
15 0.38671875 0.45625 0.0265625 0.10703125
10 0.5375 0.22578125 0.0265625 0.103125
15 0.6734375 0.4953125 0.03984375 0.140625
10 0.54453125 0.34765625 0.0359375 0.09921875
1 0.3515625 0.34296875 0.02578125 0.08359375
10 0.60546875 0.21953125 0.0375 0.109375
2 0.26640625 0.24921875 0.0203125 0.07890625
0 0.371875 0.2390625 0.02421875 0.08828125
14 0.68125 0.65546875 0.03203125 0.1234375
0 0.30546875 0.2453125 0.01796875 0.0828125
10 0.64375 0.215625 0.034375 0.11328125
1 0.3015625 0.3421875 0.021875 0.07890625
15 0.36171875 0.45390625 0.02421875 0.1046875
0 0.34765625 0.24140625 0.021875 0.0875
14 0.54921875 0.61796875 0.0296875 0.1109375
14 0.4171875 0.58203125 0.034375 0.0984375
0 0.2875 0.246875 0.01796875 0.08203125
14 0.71640625 0.665625 0.03828125 0.1296875
23 0.2125 0.43359375 0.0375 0.08359375
14 0.64453125 0.64296875 0.03984375 0.12109375
15 0.41171875 0.459375 0.02578125 0.10859375
14 0.759375 0.67734375 0.04375 0.1375
0 0.32578125 0.24296875 0.01953125 0.0859375
15 0.2140625 0.53515625 0.01953125 0.08203125
14 0.60859375 0.634375 0.03203125 0.11953125
15 0.3015625 0.4453125 0.0421875 0.09609375
23 0.259375 0.440625 0.03359375 0.090625
14 0.578125 0.62421875 0.028125 0.11171875
14 0.33125 0.56171875 0.03359375 0.09140625
15 0.24765625 0.54296875 0.01953125 0.084375
10 0.50859375 0.2296875 0.0296875 0.1
15 0.23125 0.5390625 0.01640625 0.0828125
14 0.3046875 0.55546875 0.0203125 0.090625
1 0.2796875 0.3421875 0.0203125 0.07578125
15 0.26640625 0.546875 0.01953125 0.08671875
14 0.3640625 0.571875 0.0265625 0.09609375
14 0.44765625 0.58359375 0.0265625 0.0890625
3 0.05703125 0.41328125 0.028125 0.06796875
14 0.28515625 0.5515625 0.01796875 0.090625
10 0.24765625 0.25546875 0.01640625 0.06953125
14 0.3875 0.57578125 0.02578125 0.09609375
14 0.80703125 0.6890625 0.0484375 0.140625
5 0.09140625 0.41953125 0.0265625 0.0734375
3 0.0390625 0.4125 0.0140625 0.065625