17 0.871875 0.45078125 0.0625 0.125
17 0.94453125 0.45078125 0.07421875 0.12890625
0 0.59140625 0.4515625 0.03359375 0.103125
1 0.7140625 0.45078125 0.0421875 0.1125
1 0.8125 0.45 0.05 0.12109375
2 0.6296875 0.45234375 0.03984375 0.10703125
5 0.775 0.66953125 0.03984375 0.134375
1 0.76171875 0.45 0.04765625 0.1171875
2 0.67109375 0.45078125 0.04140625 0.1109375
18 0.953125 0.70078125 0.078125 0.1453125
0 0.55546875 0.4515625 0.034375 0.1
18 0.88359375 0.68046875 0.05546875 0.1328125
0 0.51953125 0.4515625 0.03359375 0.096875
5 0.82265625 0.67421875 0.05 0.1359375
3 0.6890625 0.65703125 0.0359375 0.128125
8 0.4546875 0.45234375 0.0296875 0.0921875
18 0.96796875 0.22890625 0.05625 0.10703125
8 0.48671875 0.45234375 0.0296875 0.0953125
8 0.4265625 0.453125 0.0234375 0.0890625
1 0.80078125 0.24296875 0.05 0.109375
3 0.42109375 0.61484375 0.0234375 0.103125
3 0.3984375 0.6109375 0.0203125 0.10078125
17 0.9921875 0.45234375 0.015625 0.128125
8 0.39921875 0.453125 0.0265625 0.08671875
1 0.753125 0.2484375 0.04140625 0.109375
8 0.371875 0.453125 0.02421875 0.08359375
3 0.65234375 0.6515625 0.034375 0.12421875
8 0.321875 0.453125 0.02421875 0.08046875
3 0.4453125 0.61875 0.021875 0.10546875
0 0.54453125 0.28046875 0.0265625 0.09140625
8 0.34609375 0.4515625 0.0234375 0.08359375
3 0.553125 0.63671875 0.03203125 0.1140625
1 0.7125 0.2546875 0.0375 0.10546875
0 0.51640625 0.28359375 0.0265625 0.0890625
3 0.37421875 0.60859375 0.02578125 0.096875
3 0.73125 0.66328125 0.04453125 0.1328125
18 0.9109375 0.23203125 0.0515625 0.11171875
3 0.52421875 0.63046875 0.02421875 0.1125
3 0.58515625 0.640625 0.0296875 0.11796875
3 0.49609375 0.62578125 0.0296875 0.11171875
8 0.34765625 0.309375 0.01953125 0.075
8 0.41015625 0.30078125 0.0203125 0.0828125
3 0.46875 0.62265625 0.021875 0.10859375
8 0.3875 0.303125 0.0203125 0.08046875
17 0.975 0.9546875 0.0484375 0.090625
10 0.28125 0.453125 0.01796875 0.07578125
2 0.57265625 0.2765625 0.0265625 0.09296875
8 0.3671875 0.30625 0.01796875 0.078125
18 0.8578125 0.240625 0.0515625 0.10546875
10 0.26015625 0.453125 0.0203125 0.075
8 0.32578125 0.31171875 0.0203125 0.07421875
1 0.675 0.26015625 0.034375 0.1015625