8 0.2171875 0.57265625 0.06171875 0.13359375
8 0.2734375 0.55625 0.0484375 0.1265625
8 0.2265625 0.403125 0.04140625 0.1203125
8 0.3046875 0.38984375 0.0359375 0.1125
8 0.26640625 0.396875 0.03984375 0.11796875
8 0.38984375 0.67421875 0.0375 0.11171875
10 0.6078125 0.45078125 0.0234375 0.090625
8 0.3515625 0.69296875 0.0375 0.1140625
8 0.4328125 0.36796875 0.0296875 0.09921875
8 0.375 0.378125 0.03359375 0.10546875
8 0.42578125 0.65546875 0.034375 0.1109375
10 0.5578125 0.4671875 0.0265625 0.09609375
8 0.43515625 0.50390625 0.0359375 0.10703125
8 0.4046875 0.37421875 0.0265625 0.10078125
8 0.39765625 0.51484375 0.0375 0.11171875
8 0.31328125 0.7109375 0.03828125 0.115625
8 0.46953125 0.49609375 0.03203125 0.1
8 0.45859375 0.64140625 0.034375 0.103125
10 0.5375 0.3515625 0.0234375 0.0875
8 0.340625 0.384375 0.034375 0.10859375
8 0.26640625 0.73203125 0.05625 0.128125
10 0.51328125 0.35546875 0.0234375 0.090625
10 0.58046875 0.34296875 0.01953125 0.0859375
10 0.58359375 0.45859375 0.0234375 0.09296875
10 0.6140625 0.5671875 0.021875 0.0921875
10 0.51875 0.6171875 0.0265625 0.0875
8 0.31953125 0.54296875 0.04375 0.121875
8 0.18046875 0.4109375 0.05234375 0.121875
10 0.559375 0.3484375 0.01953125 0.0859375
10 0.4875 0.359375 0.02578125 0.09296875
10 0.4609375 0.36328125 0.0265625 0.09609375
10 0.63046875 0.44296875 0.021875 0.0875
10 0.490625 0.6265625 0.028125 0.1
10 0.56953125 0.5875 0.0234375 0.09296875
10 0.59140625 0.578125 0.0234375 0.08828125
10 0.5453125 0.60078125 0.02421875 0.09296875
10 0.6375 0.33359375 0.01953125 0.07890625
10 0.53125 0.4734375 0.02421875 0.1015625
10 0.6359375 0.55703125 0.021875 0.08359375
10 0.50234375 0.48359375 0.03203125 0.1
1 0.65859375 0.3296875 0.0203125 0.075
1 0.69453125 0.32421875 0.015625 0.071875
10 0.61796875 0.33671875 0.01796875 0.08046875
1 0.6796875 0.3265625 0.01640625 0.07421875
10 0.59921875 0.33984375 0.01953125 0.0828125
1 0.71015625 0.321875 0.0140625 0.07109375
8 0.3609375 0.5265625 0.03828125 0.121875
17 0.0171875 0.6515625 0.034375 0.15078125
10 0.6515625 0.43828125 0.0203125 0.084375
1 0.72421875 0.3203125 0.0140625 0.06953125
3 0.76640625 0.4984375 0.015625 0.0765625
10 0.6578125 0.5484375 0.021875 0.0796875
3 0.78203125 0.49453125 0.01640625 0.075
2 0.73984375 0.3171875 0.0140625 0.0671875