8 0.33828125 0.27890625 0.09453125 0.34609375
8 0.42890625 0.29765625 0.08125 0.30625
17 0.6203125 0.63984375 0.04921875 0.1921875
17 0.71875 0.6125 0.04375 0.1640625
8 0.5703125 0.3171875 0.06171875 0.26015625
17 0.56484375 0.65859375 0.0546875 0.21484375
17 0.67109375 0.62421875 0.0453125 0.17734375
8 0.2171875 0.2640625 0.1359375 0.378125
8 0.50546875 0.31015625 0.06796875 0.28515625
8 0.62734375 0.32578125 0.05078125 0.23984375
17 0.77890625 0.6015625 0.03046875 0.1296875
8 0.6734375 0.33203125 0.04375 0.225
10 0.85859375 0.3625 0.03203125 0.153125
8 0.71328125 0.33828125 0.04140625 0.21171875
17 0.75234375 0.60234375 0.02421875 0.14375
10 0.89140625 0.3640625 0.03984375 0.14765625
8 0.81484375 0.35546875 0.03828125 0.1703125
18 0.8296875 0.58828125 0.02421875 0.109375
8 0.7703125 0.34453125 0.053125 0.18671875
18 0.859375 0.578125 0.028125 0.10390625