17 0.47578125 0.75234375 0.0671875 0.20546875
8 0.4703125 0.246875 0.04921875 0.2
8 0.41640625 0.24609375 0.053125 0.2
6 0.853125 0.48359375 0.04375 0.19765625
12 0.79765625 0.2546875 0.05625 0.18828125
17 0.61171875 0.7375 0.0609375 0.19765625
22 0.2671875 0.80625 0.04921875 0.1640625
11 0.9046875 0.2578125 0.05625 0.1828125
8 0.68125 0.253125 0.03984375 0.18828125
8 0.559375 0.25 0.03671875 0.190625
8 0.2421875 0.23828125 0.05703125 0.209375
8 0.30234375 0.24296875 0.0546875 0.20234375
11 0.8515625 0.25703125 0.046875 0.18515625
16 0.4015625 0.53671875 0.04375 0.16171875
6 0.72734375 0.4890625 0.04375 0.2078125
8 0.63984375 0.25234375 0.03828125 0.18828125
0 0.6046875 0.52109375 0.0359375 0.16015625
8 0.59921875 0.25078125 0.03984375 0.1890625
0 0.56640625 0.515625 0.03671875 0.17734375
17 0.546875 0.7453125 0.06328125 0.2015625
0 0.52734375 0.5140625 0.03828125 0.18671875
8 0.51796875 0.24921875 0.040625 0.19453125
6 0.809375 0.484375 0.040625 0.20234375
8 0.359375 0.24453125 0.0546875 0.20234375
0 0.6421875 0.52109375 0.0359375 0.153125
16 0.4453125 0.534375 0.03984375 0.15859375
22 0.315625 0.8 0.04296875 0.1640625
3 0.97578125 0.4390625 0.0390625 0.2015625
6 0.76875 0.48828125 0.0359375 0.20546875
12 0.73515625 0.25234375 0.0609375 0.1921875
6 0.68203125 0.490625 0.0421875 0.2109375
6 0.89921875 0.48203125 0.04375 0.19453125
16 0.728125 0.73515625 0.03984375 0.175
22 0.36015625 0.79296875 0.04375 0.16640625
16 0.4859375 0.53046875 0.03984375 0.15625
16 0.7703125 0.73046875 0.03984375 0.1703125
16 0.96015625 0.66171875 0.0328125 0.1828125
3 0.93984375 0.4515625 0.0328125 0.17890625
16 0.68359375 0.73828125 0.046875 0.184375
16 0.9890625 0.6578125 0.021875 0.18125
16 0.35546875 0.53671875 0.04375 0.16640625
16 0.81015625 0.72421875 0.03828125 0.16953125
22 0.4078125 0.78828125 0.04609375 0.1625
16 0.84921875 0.71875 0.03828125 0.16640625