3 0.39609375 0.36484375 0.02421875 0.1078125
5 0.82890625 0.3671875 0.05078125 0.1546875
5 0.775 0.365625 0.05234375 0.153125
5 0.884375 0.3671875 0.0546875 0.1609375
16 0.84296875 0.70546875 0.05078125 0.13828125
3 0.47578125 0.36484375 0.028125 0.11796875
3 0.6078125 0.36484375 0.03203125 0.134375
9 0.22421875 0.38671875 0.0203125 0.071875
3 0.57421875 0.36484375 0.03359375 0.128125
16 0.9 0.71484375 0.0625 0.14375
16 0.74765625 0.68515625 0.0453125 0.12578125
8 0.29140625 0.38828125 0.0203125 0.07421875
9 0.24609375 0.38828125 0.02109375 0.07421875
8 0.14609375 0.38203125 0.0171875 0.0671875
3 0.421875 0.36484375 0.0265625 0.11171875
5 0.94921875 0.365625 0.06953125 0.165625
16 0.79375 0.69609375 0.0453125 0.13125
9 0.20234375 0.38515625 0.0203125 0.071875
18 0.2703125 0.48046875 0.0203125 0.06484375
12 0.51328125 0.2046875 0.03984375 0.1171875
8 0.2765625 0.30234375 0.0203125 0.06484375
5 0.725 0.36640625 0.04375 0.14609375
8 0.25546875 0.30234375 0.0203125 0.0640625
3 0.54140625 0.365625 0.0296875 0.12421875
3 0.4484375 0.36484375 0.025 0.1140625
16 0.70234375 0.67578125 0.04140625 0.12265625
0 0.1203125 0.2140625 0.015625 0.07578125
16 0.6609375 0.66640625 0.03984375 0.121875
18 0.31484375 0.48515625 0.02109375 0.0703125
9 0.26953125 0.3890625 0.02109375 0.075
12 0.4703125 0.2078125 0.03984375 0.1171875
18 0.29296875 0.48359375 0.0203125 0.0671875
0 0.19765625 0.203125 0.0203125 0.0859375
8 0.1640625 0.38359375 0.0171875 0.0671875
0 0.15390625 0.209375 0.0171875 0.08125
8 0.234375 0.30234375 0.0203125 0.06484375
0 0.296875 0.190625 0.02265625 0.090625
3 0.50859375 0.365625 0.03359375 0.12109375
0 0.27265625 0.19375 0.02109375 0.08984375
4 0.64296875 0.365625 0.034375 0.13671875
0 0.32421875 0.1875 0.0296875 0.0953125
0 0.10234375 0.215625 0.01875 0.075
8 0.2140625 0.303125 0.015625 0.06328125
18 0.22890625 0.47578125 0.0203125 0.06171875
3 0.3703125 0.36328125 0.025 0.10703125
8 0.19765625 0.303125 0.015625 0.06328125
8 0.18046875 0.303125 0.01484375 0.06171875
0 0.175 0.20625 0.02265625 0.08203125
8 0.296875 0.30234375 0.01875 0.06171875
0 0.2484375 0.196875 0.02421875 0.08828125
0 0.1375 0.2109375 0.015625 0.07890625
18 0.24921875 0.478125 0.0203125 0.0640625
16 0.58671875 0.64765625 0.0359375 0.11328125
16 0.62265625 0.65625 0.03359375 0.11484375
5 0.68125 0.3671875 0.03984375 0.1421875
8 0.1078125 0.3796875 0.0171875 0.06171875
8 0.1484375 0.30390625 0.01484375 0.06015625
8 0.16484375 0.303125 0.01484375 0.0609375
8 0.1265625 0.38125 0.015625 0.06484375
11 0.61171875 0.1203125 0.046875 0.08125
18 0.20859375 0.47265625 0.0171875 0.0609375
0 0.22109375 0.2 0.0265625 0.0890625
8 0.11640625 0.30625 0.01484375 0.05703125
9 0.3140625 0.38515625 0.02265625 0.07265625
10 0.18359375 0.384375 0.01875 0.06875
8 0.05546875 0.378125 0.015625 0.059375
8 0.315625 0.30703125 0.0171875 0.053125
1 0.08203125 0.2203125 0.015625 0.07265625
8 0.08828125 0.3046875 0.01875 0.0578125
13 0.35234375 0.59140625 0.03203125 0.08984375
8 0.1078125 0.30546875 0.015625 0.0578125
8 0.0375 0.3765625 0.01484375 0.0578125
8 0.05 0.3046875 0.01328125 0.05703125
17 0.190625 0.4703125 0.01875 0.06015625
13 0.384375 0.59765625 0.028125 0.0921875
8 0.1328125 0.3046875 0.015625 0.06015625
8 0.075 0.3796875 0.01484375 0.05703125
8 0.090625 0.38046875 0.015625 0.0578125
18 0.3 0.58671875 0.02265625 0.06875
18 0.25625 0.578125 0.0203125 0.0640625
17 0.15234375 0.46484375 0.0171875 0.0578125
18 0.27734375 0.5828125 0.0203125 0.0671875
18 0.05078125 0.22265625 0.01484375 0.0703125
5 0.99375 0.353125 0.01171875 0.13203125
8 0.0640625 0.3046875 0.015625 0.06015625
17 0.17109375 0.4671875 0.01875 0.059375