23 0.6078125 0.62421875 0.021875 0.1171875
18 0.34765625 0.33125 0.02890625 0.10390625
17 0.2171875 0.3359375 0.0328125 0.1
18 0.384375 0.65859375 0.03203125 0.11484375
17 0.2515625 0.33125 0.03203125 0.1078125
17 0.48515625 0.64609375 0.03125 0.10703125
0 0.42734375 0.32734375 0.02421875 0.11171875
10 0.18984375 0.68046875 0.03203125 0.125
17 0.1828125 0.3359375 0.0328125 0.1
22 0.515625 0.63828125 0.02734375 0.1078125
10 0.321875 0.6671875 0.02890625 0.115625
10 0.290625 0.6703125 0.03125 0.1203125
17 0.3171875 0.33125 0.02890625 0.10390625
17 0.28515625 0.3296875 0.03203125 0.1078125
10 0.2296875 0.48828125 0.02578125 0.11328125
17 0.45234375 0.6484375 0.03203125 0.109375
14 0.6203125 0.1796875 0.02734375 0.14375
10 0.15625 0.6828125 0.03203125 0.12421875
8 0.4578125 0.475 0.02109375 0.10703125
0 0.50625 0.32578125 0.021875 0.109375
10 0.1734375 0.4890625 0.02734375 0.1203125
10 0.22421875 0.67734375 0.03203125 0.12109375
0 0.453125 0.32734375 0.025 0.1109375
10 0.35234375 0.66171875 0.028125 0.11484375
18 0.41875 0.65234375 0.03203125 0.11484375
5 0.803125 0.33828125 0.0203125 0.11875
23 0.759375 0.60703125 0.02109375 0.115625
10 0.2578125 0.6734375 0.03125 0.12109375
14 0.590625 0.17890625 0.03125 0.1453125
17 0.146875 0.3359375 0.034375 0.1
8 0.48046875 0.4734375 0.02109375 0.10390625
23 0.58359375 0.62734375 0.02578125 0.115625
3 0.60625 0.33984375 0.02265625 0.12421875
10 0.3109375 0.48359375 0.02265625 0.109375
10 0.28515625 0.48515625 0.02578125 0.1109375
8 0.33671875 0.4828125 0.02421875 0.1078125
0 0.5546875 0.32734375 0.02421875 0.10703125
8 0.52578125 0.47265625 0.02109375 0.1
0 0.40234375 0.32734375 0.02421875 0.11171875
23 0.6296875 0.621875 0.021875 0.1171875
10 0.2578125 0.4875 0.02578125 0.11171875
10 0.2015625 0.48828125 0.02734375 0.1171875
10 0.12109375 0.684375 0.0328125 0.12421875
3 0.653125 0.3390625 0.021875 0.125
8 0.503125 0.4734375 0.021875 0.1015625
23 0.78046875 0.6046875 0.0203125 0.11484375
8 0.43515625 0.4765625 0.021875 0.10703125
10 0.11484375 0.49296875 0.02890625 0.1203125
8 0.41171875 0.4796875 0.021875 0.10546875
10 0.1453125 0.49296875 0.028125 0.1171875
16 0.5828125 0.48125 0.02734375 0.12109375
0 0.48125 0.3265625 0.02578125 0.11171875
23 0.67421875 0.61796875 0.021875 0.115625
14 0.69375 0.184375 0.021875 0.13984375
4 0.71875 0.3375 0.02109375 0.12265625
3 0.67421875 0.33828125 0.0203125 0.125
23 0.65234375 0.61953125 0.021875 0.115625
0 0.5296875 0.3265625 0.021875 0.1078125
16 0.6296875 0.4796875 0.0203125 0.11875
14 0.71640625 0.18671875 0.02421875 0.1359375
3 0.6296875 0.3390625 0.02109375 0.12265625
5 0.92109375 0.33515625 0.02421875 0.11484375
3 0.69609375 0.33828125 0.021875 0.12421875
23 0.80078125 0.60234375 0.0203125 0.11328125
4 0.740625 0.3375 0.021875 0.12265625
8 0.5484375 0.4703125 0.021875 0.1015625
4 0.7828125 0.3375 0.0203125 0.12109375
0 0.37578125 0.3296875 0.025 0.1078125
22 0.5453125 0.634375 0.028125 0.10703125
23 0.696875 0.615625 0.021875 0.11484375
16 0.65078125 0.4796875 0.021875 0.11875
8 0.36171875 0.48046875 0.02265625 0.10703125
16 0.6078125 0.4796875 0.021875 0.12109375
3 0.58125 0.3390625 0.025 0.12265625
4 0.76171875 0.3375 0.0203125 0.12265625
8 0.38671875 0.4796875 0.02421875 0.1078125
14 0.64609375 0.18125 0.02421875 0.14375
5 0.82421875 0.33828125 0.02109375 0.115625
23 0.85703125 0.596875 0.01875 0.1078125
5 0.84453125 0.33828125 0.01875 0.11328125
14 0.6703125 0.1828125 0.02421875 0.14140625
16 0.696875 0.47578125 0.0203125 0.11484375
23 0.8390625 0.59765625 0.01796875 0.1109375
16 0.71796875 0.475 0.0203125 0.1109375
5 0.86328125 0.33828125 0.01875 0.11328125
5 0.88203125 0.3375 0.01796875 0.11328125
23 0.87578125 0.59609375 0.01875 0.10546875
16 0.67421875 0.47890625 0.02421875 0.1171875
23 0.82109375 0.6 0.0203125 0.11171875
23 0.71875 0.61171875 0.02109375 0.115625
23 0.73828125 0.609375 0.02109375 0.1171875
5 0.9 0.3375 0.01796875 0.11328125
14 0.740625 0.18671875 0.02265625 0.13828125
23 0.8953125 0.59296875 0.0203125 0.10390625
16 0.7375 0.475 0.01875 0.109375
16 0.7578125 0.475 0.02109375 0.1078125
16 0.796875 0.4703125 0.01796875 0.1078125
16 0.778125 0.471875 0.01796875 0.109375
14 0.559375 0.20234375 0.025 0.0984375
14 0.76328125 0.1875 0.021875 0.1359375
16 0.815625 0.46875 0.01875 0.10703125
16 0.83515625 0.4671875 0.01796875 0.10546875