17 0.625 0.43984375 0.08125 0.1609375
17 0.459375 0.43359375 0.07734375 0.159375
4 0.4046875 0.85625 0.0546875 0.15078125
3 0.6265625 0.878125 0.05703125 0.1546875
17 0.54140625 0.43671875 0.07890625 0.159375
8 0.70625 0.43515625 0.0734375 0.1828125
2 0.24453125 0.4140625 0.0625 0.178125
11 0.609375 0.66953125 0.0796875 0.18828125
2 0.37890625 0.6703125 0.0703125 0.16015625
0 0.453125 0.67578125 0.071875 0.1609375
1 0.52890625 0.6796875 0.0734375 0.1609375
4 0.29609375 0.84921875 0.05078125 0.146875
1 0.384375 0.41953125 0.065625 0.1796875
10 0.85546875 0.4390625 0.071875 0.1859375
10 0.86484375 0.7078125 0.07734375 0.1609375
3 0.6859375 0.88671875 0.05703125 0.14375
4 0.34921875 0.85625 0.05234375 0.15
4 0.45859375 0.859375 0.04765625 0.15234375
1 0.31328125 0.41640625 0.06796875 0.1796875
10 0.9328125 0.44296875 0.07890625 0.1890625
8 0.78125 0.43671875 0.071875 0.1859375
2 0.17890625 0.41015625 0.0640625 0.17578125
3 0.74765625 0.89453125 0.06015625 0.140625
24 0.234375 0.6765625 0.06640625 0.12421875
3 0.8109375 0.89765625 0.0625 0.1453125
11 0.69609375 0.69765625 0.0828125 0.15078125
8 0.78203125 0.70546875 0.0796875 0.153125
24 0.30625 0.6796875 0.06640625 0.12578125
3 0.56953125 0.8703125 0.05234375 0.1546875