8 0.4875 0.2921875 0.0359375 0.21875
17 0.40859375 0.609375 0.0421875 0.18125
10 0.41484375 0.3140625 0.03828125 0.21171875
8 0.17578125 0.34765625 0.0578125 0.26953125
8 0.2328125 0.3390625 0.053125 0.25234375
17 0.55703125 0.5296875 0.02890625 0.16171875
17 0.44921875 0.5875 0.03515625 0.175
17 0.52421875 0.54921875 0.0328125 0.15703125
17 0.259375 0.70078125 0.05234375 0.175
10 0.33359375 0.325 0.0421875 0.2296875
17 0.14140625 0.75859375 0.06171875 0.19296875
8 0.5234375 0.28515625 0.0328125 0.2078125
8 0.2859375 0.33203125 0.04765625 0.24296875
10 0.4515625 0.30703125 0.0328125 0.20546875
17 0.20234375 0.73046875 0.05390625 0.18125
17 0.3125 0.67578125 0.04765625 0.16640625
10 0.375 0.31875 0.03671875 0.2203125
17 0.36171875 0.6453125 0.046875 0.1734375
10 0.553125 0.2796875 0.025 0.19296875
8 0.10703125 0.35546875 0.07421875 0.28125
0 0.61328125 0.27109375 0.028125 0.1796875
17 0.4875 0.56640625 0.03515625 0.165625
10 0.5828125 0.275 0.03125 0.1890625
0 0.66015625 0.26171875 0.02421875 0.16640625
0 0.63671875 0.26640625 0.02109375 0.171875
2 0.7046875 0.2546875 0.0203125 0.15625
2 0.72578125 0.25234375 0.021875 0.15078125
0 0.6828125 0.2578125 0.02109375 0.16171875
2 0.7453125 0.24765625 0.0171875 0.14375