8 0.60078125 0.3609375 0.04375 0.1421875
8 0.65234375 0.35625 0.053125 0.1578125
8 0.49921875 0.19765625 0.0296875 0.11796875
8 0.65234375 0.1578125 0.0453125 0.13671875
8 0.45390625 0.3609375 0.028125 0.125
16 0.64296875 0.76953125 0.04140625 0.17421875
8 0.51875 0.36171875 0.034375 0.1328125
8 0.715625 0.34609375 0.065625 0.18515625
8 0.5296875 0.190625 0.0296875 0.1203125
8 0.55703125 0.36015625 0.03828125 0.13984375
8 0.70078125 0.14140625 0.046875 0.15390625
8 0.484375 0.36171875 0.03046875 0.128125
16 0.60234375 0.75234375 0.0375 0.16484375
8 0.8171875 0.1109375 0.071875 0.17890625
10 0.42421875 0.221875 0.0265625 0.096875
8 0.56484375 0.1796875 0.03828125 0.13203125
8 0.42578125 0.3609375 0.0265625 0.12109375
10 0.3734375 0.3625 0.0203125 0.11015625
8 0.78515625 0.34296875 0.06796875 0.19921875
10 0.35234375 0.3625 0.0203125 0.10625
10 0.47109375 0.209375 0.02421875 0.10625
8 0.60703125 0.1703125 0.04296875 0.134375
8 0.39765625 0.3609375 0.0265625 0.11484375
10 0.378125 0.23515625 0.01875 0.08828125
8 0.75234375 0.128125 0.053125 0.16015625
10 0.31015625 0.25078125 0.0203125 0.0796875
10 0.35859375 0.23984375 0.01875 0.0859375
10 0.31328125 0.36328125 0.0203125 0.09765625
10 0.44765625 0.2171875 0.0203125 0.09609375
16 0.56640625 0.73515625 0.03203125 0.15703125
10 0.3984375 0.228125 0.02109375 0.09296875
16 0.53671875 0.7171875 0.028125 0.153125
10 0.3328125 0.3640625 0.0171875 0.10078125
10 0.3375 0.24375 0.02109375 0.08515625
16 0.68828125 0.78984375 0.04921875 0.18515625
11 0.265625 0.3640625 0.0296875 0.09296875
10 0.29140625 0.3640625 0.02109375 0.0953125
16 0.45625 0.6796875 0.03046875 0.13515625