7 0.6921875 0.42265625 0.05703125 0.140625
3 0.76875 0.759375 0.04921875 0.14921875
4 0.5828125 0.71875 0.04140625 0.1328125
10 0.53671875 0.42109375 0.04375 0.12578125
7 0.89375 0.42421875 0.071875 0.1640625
10 0.49140625 0.4203125 0.04140625 0.12109375
7 0.753125 0.42265625 0.06171875 0.14921875
7 0.8203125 0.4234375 0.06796875 0.15703125
3 0.82421875 0.77109375 0.0546875 0.15390625
2 0.6078125 0.25078125 0.03984375 0.12578125
0 0.58515625 0.421875 0.046875 0.13203125
17 0.26875 0.53046875 0.034375 0.0859375
17 0.35234375 0.5390625 0.0359375 0.0953125
11 0.41796875 0.26953125 0.0359375 0.11328125
0 0.63515625 0.421875 0.04921875 0.13828125
2 0.83984375 0.22109375 0.0703125 0.153125
16 0.56875 0.56640625 0.0453125 0.1171875
1 0.76953125 0.2296875 0.0625 0.1453125
1 0.70703125 0.23671875 0.05625 0.1390625
10 0.3734375 0.41484375 0.03984375 0.11484375
16 0.678125 0.57734375 0.05625 0.125
2 0.65234375 0.246875 0.046875 0.128125
8 0.2578125 0.415625 0.03203125 0.10234375
17 0.39296875 0.54375 0.04140625 0.09921875
8 0.4125 0.4171875 0.034375 0.11484375
17 0.31015625 0.534375 0.04296875 0.08984375
16 0.61953125 0.571875 0.04765625 0.11875
8 0.45 0.41953125 0.0375 0.1171875
10 0.3328125 0.415625 0.0375 0.11171875
4 0.54296875 0.71015625 0.034375 0.128125
3 0.715625 0.74921875 0.05234375 0.146875
4 0.50625 0.7015625 0.034375 0.125
8 0.29375 0.415625 0.0359375 0.10703125
11 0.56015625 0.25234375 0.05234375 0.13125
11 0.50703125 0.25859375 0.04921875 0.12421875
8 0.29375 0.28515625 0.02421875 0.09609375
11 0.45859375 0.265625 0.04296875 0.1171875
0 0.9140625 0.215625 0.06796875 0.1546875
15 0.434375 0.68515625 0.034375 0.11796875
3 0.66640625 0.73828125 0.04140625 0.1390625
10 0.38046875 0.27578125 0.03359375 0.1046875
3 0.625 0.728125 0.03828125 0.13671875
10 0.32109375 0.2828125 0.0265625 0.09765625
10 0.34921875 0.27890625 0.0265625 0.10078125
17 0.14765625 0.30625 0.0203125 0.075
5 0.40234375 0.67734375 0.0296875 0.115625
8 0.26328125 0.2875 0.03359375 0.09375
17 0.1703125 0.3046875 0.02265625 0.078125
16 0.5203125 0.56015625 0.04296875 0.1109375
17 0.19375 0.30234375 0.02421875 0.07890625
15 0.4703125 0.69375 0.03359375 0.121875
16 0.478125 0.55703125 0.0375 0.1046875
8 0.22734375 0.409375 0.0265625 0.08125
17 0.1265625 0.30859375 0.0203125 0.075
5 0.371875 0.671875 0.028125 0.11015625
5 0.340625 0.66484375 0.03046875 0.11171875