10 0.465625 0.3390625 0.0421875 0.21171875
17 0.51953125 0.61171875 0.046875 0.1703125
17 0.4140625 0.634375 0.05390625 0.184375
8 0.265625 0.34140625 0.05390625 0.23046875
8 0.146875 0.33828125 0.059375 0.25859375
17 0.56875 0.60234375 0.04609375 0.16796875
10 0.41875 0.340625 0.046875 0.21484375
17 0.46875 0.62109375 0.04765625 0.17734375
10 0.3203125 0.34140625 0.04921875 0.22421875
17 0.615625 0.59765625 0.0421875 0.16171875
10 0.3703125 0.33984375 0.0453125 0.21875
17 0.24375 0.678125 0.0546875 0.165625
17 0.3 0.66796875 0.05078125 0.165625
8 0.2078125 0.340625 0.05625 0.2375
8 0.5140625 0.328125 0.04921875 0.2296875
17 0.18359375 0.6921875 0.05703125 0.1640625
10 0.65078125 0.32265625 0.04375 0.2109375
8 0.56328125 0.32578125 0.0453125 0.225
17 0.35625 0.6546875 0.0546875 0.16953125
8 0.08125 0.33984375 0.065625 0.26015625
0 0.6953125 0.32265625 0.0421875 0.20390625
17 0.121875 0.70078125 0.05703125 0.16953125
10 0.60703125 0.3203125 0.03984375 0.2171875
0 0.775 0.31640625 0.0390625 0.190625
0 0.73515625 0.31953125 0.03828125 0.1984375
2 0.8453125 0.31640625 0.0328125 0.18125
2 0.8796875 0.315625 0.034375 0.17734375
2 0.91328125 0.315625 0.0328125 0.171875
2 0.81171875 0.31640625 0.034375 0.18828125
2 0.94375 0.3140625 0.03125 0.1703125
24 0.775 0.57109375 0.03125 0.146875
24 0.6578125 0.5953125 0.03828125 0.14765625
24 0.80859375 0.565625 0.0328125 0.14375