3 0.22265625 0.21328125 0.0390625 0.2078125
3 0.1796875 0.2046875 0.04296875 0.21875
5 0.56328125 0.271875 0.01875 0.146875
3 0.1375 0.1984375 0.0390625 0.22421875
16 0.15625 0.71796875 0.04375 0.225
3 0.090625 0.190625 0.05 0.2359375
3 0.2609375 0.2203125 0.03515625 0.20390625
2 0.6546875 0.2921875 0.0171875 0.115625
16 0.2765625 0.6859375 0.034375 0.20390625
2 0.67265625 0.29453125 0.0171875 0.11328125
16 0.2 0.70703125 0.03984375 0.21875
16 0.31015625 0.67734375 0.03203125 0.19609375
5 0.5203125 0.2640625 0.021875 0.153125
16 0.10234375 0.7296875 0.06171875 0.2375
1 0.7203125 0.3015625 0.0140625 0.10390625
4 0.453125 0.25234375 0.02421875 0.16953125
2 0.80546875 0.31484375 0.0171875 0.084375
16 0.23984375 0.696875 0.03828125 0.21171875
4 0.47578125 0.25703125 0.0203125 0.1625
4 0.36484375 0.2375 0.03125 0.18671875
15 0.221875 0.45 0.03984375 0.20390625
1 0.703125 0.2984375 0.01796875 0.10703125
16 0.34375 0.66796875 0.03125 0.18828125
2 0.7875 0.3140625 0.01328125 0.084375
5 0.5421875 0.2671875 0.02109375 0.15078125
5 0.58203125 0.275 0.01796875 0.14296875
15 0.2921875 0.45234375 0.0328125 0.184375
1 0.73515625 0.303125 0.01328125 0.1
4 0.49765625 0.26171875 0.02109375 0.16171875
16 0.375 0.659375 0.0296875 0.1828125
4 0.42578125 0.24765625 0.02734375 0.175
8 0.84375 0.31875 0.01484375 0.08125
4 0.39609375 0.2421875 0.0296875 0.18125
17 0.8609375 0.4234375 0.01875 0.07734375
15 0.259375 0.45234375 0.03125 0.190625
2 0.68828125 0.296875 0.01171875 0.109375
0 0.6203125 0.28671875 0.01796875 0.12109375
16 0.403125 0.65 0.02578125 0.17890625
0 0.6375 0.28984375 0.0171875 0.11875
0 0.76328125 0.3109375 0.009375 0.08828125
8 0.85625 0.32109375 0.009375 0.07890625
10 0.89375 0.328125 0.01015625 0.071875
10 0.87890625 0.32578125 0.01171875 0.0734375
17 0.8421875 0.428125 0.01484375 0.0734375
3 0.296875 0.2265625 0.034375 0.19609375
2 0.79375 0.3140625 0.0078125 0.084375
0 0.7703125 0.31171875 0.0109375 0.08671875
16 0.4296875 0.64375 0.025 0.171875
3 0.33203125 0.23125 0.03203125 0.19296875
0 0.60078125 0.284375 0.01875 0.1265625
0 0.753125 0.31015625 0.0140625 0.0890625
8 0.82734375 0.31640625 0.0140625 0.084375
0 0.746875 0.3078125 0.009375 0.0921875
8 0.8625 0.32265625 0.01171875 0.07734375
22 0.6578125 0.4421875 0.02109375 0.10703125
10 0.88671875 0.3265625 0.00625 0.071875
17 0.73984375 0.43515625 0.01484375 0.09296875
17 0.81171875 0.4328125 0.009375 0.0734375
14 0.4921875 0.44296875 0.02109375 0.15078125
14 0.5140625 0.4421875 0.02109375 0.14765625
15 0.3578125 0.44765625 0.02890625 0.1796875
8 0.9046875 0.3296875 0.00703125 0.06796875
15 0.178125 0.45234375 0.04296875 0.2109375
17 0.8765625 0.421875 0.0109375 0.0734375
8 0.91171875 0.33125 0.01015625 0.06640625
17 0.7625 0.43359375 0.0140625 0.0890625
15 0.41484375 0.44765625 0.025 0.165625
17 0.8234375 0.43046875 0.01171875 0.071875
15 0.3265625 0.45 0.03125 0.18125
15 0.3875 0.446875 0.02734375 0.175
3 0.0515625 0.19765625 0.02734375 0.23046875
22 0.59921875 0.44375 0.02265625 0.1109375
17 0.7546875 0.434375 0.0140625 0.090625
15 0.4421875 0.44765625 0.02578125 0.15859375
4 0.6921875 0.43984375 0.0171875 0.1