17 0.43125 0.3890625 0.04765625 0.19765625
8 0.603125 0.47734375 0.0421875 0.20546875
8 0.65234375 0.484375 0.05234375 0.2359375
17 0.31171875 0.34765625 0.03125 0.17578125
10 0.8421875 0.559375 0.07890625 0.271875
10 0.771875 0.5328125 0.06484375 0.25703125
17 0.38671875 0.375 0.03671875 0.190625
17 0.2796875 0.334375 0.03125 0.171875
8 0.56328125 0.46171875 0.0359375 0.19765625
17 0.34765625 0.36171875 0.03828125 0.18515625
8 0.709375 0.5046875 0.06015625 0.246875
10 0.52734375 0.44375 0.0328125 0.19296875
0 0.22109375 0.3109375 0.021875 0.16796875
10 0.49375 0.43046875 0.03203125 0.184375
0 0.1984375 0.303125 0.021875 0.16171875
0 0.24765625 0.31875 0.02890625 0.175
0 0.17421875 0.296875 0.025 0.15625
2 0.146875 0.28984375 0.01875 0.1375
2 0.12734375 0.284375 0.01875 0.13359375