10 0.36484375 0.47578125 0.025 0.08125
10 0.20234375 0.646875 0.04140625 0.096875
17 0.17265625 0.375 0.0453125 0.08125
10 0.325 0.621875 0.0359375 0.090625
8 0.421875 0.46875 0.0265625 0.078125
8 0.590625 0.44765625 0.0203125 0.0703125
8 0.39296875 0.47265625 0.028125 0.07890625
18 0.41171875 0.36015625 0.03359375 0.07734375
10 0.28515625 0.63125 0.0375 0.0921875
10 0.39765625 0.60703125 0.028125 0.0859375
18 0.496875 0.58515625 0.03359375 0.08125
17 0.30234375 0.365625 0.0375 0.08203125
0 0.49765625 0.353125 0.025 0.07890625
17 0.3765625 0.36171875 0.03203125 0.078125
10 0.165625 0.49921875 0.0359375 0.09296875
18 0.46171875 0.59453125 0.034375 0.08125
8 0.47578125 0.4625 0.02265625 0.07578125
8 0.5234375 0.45546875 0.0203125 0.071875
10 0.24453125 0.63984375 0.03828125 0.0953125
22 0.6203125 0.55703125 0.0296875 0.06796875
0 0.525 0.3515625 0.0265625 0.078125
17 0.53046875 0.57734375 0.03203125 0.07734375
10 0.23828125 0.49140625 0.03203125 0.0890625
10 0.33671875 0.47890625 0.028125 0.0828125
10 0.27265625 0.48828125 0.03203125 0.08671875
17 0.21953125 0.3734375 0.04296875 0.07890625
8 0.54609375 0.45234375 0.02265625 0.071875
0 0.5765625 0.34921875 0.02109375 0.07421875
0 0.55234375 0.35 0.025 0.07734375
0 0.5984375 0.3484375 0.02109375 0.07109375
8 0.45 0.46484375 0.025 0.078125
17 0.34140625 0.36328125 0.0359375 0.08125
17 0.2625 0.371875 0.03984375 0.07578125
8 0.56796875 0.45078125 0.02109375 0.06875
10 0.125 0.503125 0.03984375 0.0953125
10 0.20234375 0.49609375 0.034375 0.0921875
10 0.30546875 0.48359375 0.03046875 0.08515625
17 0.5640625 0.57109375 0.03203125 0.07421875
10 0.36328125 0.615625 0.0359375 0.08828125
8 0.50078125 0.459375 0.02265625 0.075
10 0.1546875 0.65234375 0.046875 0.103125
0 0.621875 0.34765625 0.02265625 0.071875
0 0.471875 0.35546875 0.025 0.078125
23 0.6796875 0.54140625 0.02109375 0.075
8 0.61171875 0.4453125 0.0203125 0.06875
10 0.428125 0.60078125 0.0296875 0.0828125
18 0.4296875 0.26015625 0.03046875 0.07109375
16 0.640625 0.4484375 0.0296875 0.07890625
0 0.44375 0.3578125 0.028125 0.078125
3 0.6703125 0.353125 0.02109375 0.0796875
14 0.71328125 0.2421875 0.02265625 0.09921875
3 0.69140625 0.35234375 0.01875 0.078125
23 0.65390625 0.5453125 0.0296875 0.07890625
18 0.4625 0.2609375 0.03046875 0.0703125
3 0.7296875 0.35078125 0.01875 0.07578125
3 0.74921875 0.34921875 0.0203125 0.07578125
14 0.68828125 0.24296875 0.025 0.09921875
22 0.59296875 0.5625 0.02421875 0.0703125
3 0.7109375 0.3515625 0.01875 0.07734375
14 0.66171875 0.2421875 0.03046875 0.10234375
16 0.7265625 0.43984375 0.02109375 0.075
18 0.39609375 0.259375 0.03359375 0.075
16 0.6671875 0.446875 0.02109375 0.0796875
4 0.76953125 0.34765625 0.01875 0.075
23 0.71796875 0.53515625 0.0203125 0.0703125
16 0.68671875 0.4453125 0.0171875 0.07890625
16 0.74765625 0.43671875 0.01875 0.07265625
16 0.70546875 0.4421875 0.0203125 0.078125
23 0.69765625 0.5390625 0.01875 0.07265625
4 0.7859375 0.346875 0.015625 0.07421875
5 0.90703125 0.33828125 0.025 0.0703125
5 0.92578125 0.33828125 0.02265625 0.06875
14 0.75390625 0.2453125 0.0203125 0.0921875
14 0.73359375 0.24453125 0.02109375 0.09375
3 0.64765625 0.35234375 0.02421875 0.0796875
18 0.49296875 0.2609375 0.028125 0.06875
5 0.88125 0.33984375 0.01875 0.0703125
23 0.73828125 0.53203125 0.02109375 0.06875
23 0.88203125 0.50078125 0.01484375 0.0609375
23 0.7765625 0.52265625 0.02109375 0.06875
23 0.86171875 0.5046875 0.0171875 0.06328125
4 0.80390625 0.3453125 0.0171875 0.075
5 0.8375 0.3421875 0.015625 0.07421875
23 0.75703125 0.528125 0.015625 0.06875
5 0.85078125 0.34140625 0.015625 0.071875
23 0.8734375 0.50234375 0.01328125 0.0609375
14 0.77265625 0.246875 0.02109375 0.0890625
16 0.771875 0.434375 0.0171875 0.06796875
5 0.86171875 0.340625 0.0203125 0.07265625
23 0.7921875 0.5203125 0.01484375 0.0671875
5 0.89453125 0.33984375 0.01484375 0.07109375