17 0.50078125 0.31640625 0.065625 0.16328125
10 0.76796875 0.659375 0.08828125 0.16171875
11 0.6203125 0.6125 0.0625 0.14375
8 0.6296875 0.334375 0.06640625 0.19609375
17 0.43515625 0.303125 0.06171875 0.15703125
10 0.77578125 0.3609375 0.07578125 0.209375
11 0.55703125 0.57734375 0.06015625 0.1546875
4 0.39296875 0.6921875 0.0453125 0.13125
1 0.38125 0.278125 0.046875 0.17734375
1 0.48984375 0.553125 0.06640625 0.153125
3 0.65625 0.8328125 0.053125 0.11796875
17 0.565625 0.33046875 0.0640625 0.17265625
10 0.86171875 0.37734375 0.1 0.215625
8 0.68515625 0.6390625 0.07578125 0.15703125
3 0.60390625 0.79140625 0.05078125 0.14296875
3 0.55390625 0.7703125 0.04921875 0.1421875
4 0.35234375 0.6765625 0.0359375 0.13125
0 0.42890625 0.534375 0.0546875 0.14921875
2 0.3765625 0.51953125 0.04765625 0.13984375
8 0.70234375 0.34765625 0.07890625 0.20390625
2 0.28359375 0.25859375 0.03984375 0.1671875
2 0.24296875 0.253125 0.03828125 0.159375
4 0.31953125 0.659375 0.0296875 0.1296875
4 0.4296875 0.71015625 0.03203125 0.13203125
1 0.33046875 0.26875 0.05234375 0.17421875
3 0.51015625 0.746875 0.03828125 0.1421875
3 0.46796875 0.7296875 0.04765625 0.1421875
14 0.22109375 0.61171875 0.03359375 0.121875
14 0.25546875 0.62578125 0.03359375 0.12734375
4 0.59296875 0.02109375 0.0921875 0.0421875
14 0.28828125 0.63828125 0.03359375 0.128125