8 0.49140625 0.2765625 0.04921875 0.26640625
8 0.7046875 0.2875 0.03203125 0.22265625
8 0.540625 0.2796875 0.04609375 0.25625
8 0.58828125 0.2828125 0.0453125 0.24765625
8 0.4390625 0.2734375 0.05234375 0.27578125
4 0.39140625 0.75390625 0.05390625 0.3359375
8 0.63046875 0.284375 0.03671875 0.23828125
8 0.66953125 0.2859375 0.03828125 0.228125
8 0.38125 0.26640625 0.059375 0.284375
4 0.49609375 0.71875 0.04921875 0.3078125
8 0.246875 0.26171875 0.0703125 0.32109375
4 0.26015625 0.796875 0.071875 0.36171875
4 0.33125 0.77578125 0.06484375 0.34765625
8 0.31796875 0.2609375 0.06328125 0.29765625
4 0.44453125 0.7375 0.05078125 0.3203125
4 0.54609375 0.70703125 0.04765625 0.29609375
4 0.590625 0.69296875 0.0390625 0.28125
3 0.70703125 0.65859375 0.0328125 0.25078125
18 0.884375 0.275 0.040625 0.22109375