2 0.765625 0.50234375 0.1109375 0.4359375
10 0.175 0.47734375 0.0453125 0.25078125
10 0.4296875 0.475 0.0671875 0.3375
8 0.3109375 0.48359375 0.04375 0.28125
0 0.49765625 0.49375 0.065625 0.3359375
10 0.22109375 0.48359375 0.04609375 0.2546875
10 0.36484375 0.47265625 0.059375 0.31875
17 0.10078125 0.465625 0.046875 0.2453125
2 0.88515625 0.51171875 0.11875 0.46171875
8 0.26640625 0.48671875 0.04375 0.26171875
17 0.1390625 0.4703125 0.0296875 0.25234375
0 0.6578125 0.48984375 0.096875 0.409375
2 0.56953125 0.5046875 0.075 0.35625