2 0.4984375 0.303125 0.028125 0.1078125
1 0.275 0.29375 0.04375 0.1359375
7 0.175 0.2890625 0.05625 0.14609375
2 0.4671875 0.30234375 0.03046875 0.1109375
1 0.290625 0.13984375 0.034375 0.1078125
1 0.32109375 0.296875 0.04375 0.13125
3 0.275 0.61015625 0.034375 0.13125
0 0.3625 0.29765625 0.0359375 0.125
0 0.43359375 0.3015625 0.0359375 0.11484375
5 0.5703125 0.534375 0.01875 0.09296875
1 0.25234375 0.13046875 0.0375 0.11484375
0 0.39765625 0.3 0.03203125 0.1203125
1 0.328125 0.14765625 0.0359375 0.10625
1 0.22890625 0.2921875 0.046875 0.14296875
1 0.36328125 0.1546875 0.03046875 0.10234375
1 0.2109375 0.1203125 0.04375 0.121875
5 0.590625 0.5296875 0.01875 0.0921875
2 0.61328125 0.2046875 0.0171875 0.078125
3 0.40703125 0.57421875 0.0296875 0.11484375
1 0.39375 0.16015625 0.03046875 0.09765625
2 0.57421875 0.196875 0.01875 0.08203125
3 0.4609375 0.56171875 0.025 0.11015625
1 0.16171875 0.1125 0.04765625 0.121875
0 0.48125 0.18125 0.0265625 0.084375
10 0.7125 0.3125 0.015625 0.075
10 0.6796875 0.3109375 0.015625 0.07890625
0 0.50625 0.184375 0.02109375 0.08515625
2 0.59375 0.20078125 0.01875 0.0796875
2 0.55234375 0.19296875 0.0203125 0.08203125
3 0.31171875 0.60078125 0.0359375 0.12734375
3 0.434375 0.5671875 0.02265625 0.11171875
3 0.34609375 0.59140625 0.03046875 0.12109375
16 0.19140625 0.9171875 0.04140625 0.121875
0 0.42421875 0.1703125 0.0265625 0.08984375
3 0.23203125 0.61796875 0.04765625 0.1359375
17 0.03515625 0.084375 0.06796875 0.1140625
10 0.69609375 0.3125 0.015625 0.07578125
10 0.66015625 0.31015625 0.01875 0.08203125
0 0.45234375 0.17734375 0.028125 0.08515625
3 0.3765625 0.58359375 0.0296875 0.11875
10 0.63828125 0.309375 0.02265625 0.08515625
3 0.48671875 0.5546875 0.02421875 0.1046875
5 0.6078125 0.5234375 0.015625 0.08984375
2 0.63046875 0.2078125 0.0171875 0.07578125
3 0.5109375 0.5484375 0.02265625 0.10390625
5 0.265625 0.8859375 0.03203125 0.09765625
8 0.72890625 0.3125 0.01484375 0.07421875
10 0.67578125 0.21484375 0.015625 0.06875
0 0.5296875 0.1875 0.02265625 0.0859375
8 0.7546875 0.31328125 0.01484375 0.0703125
10 0.6921875 0.21875 0.01328125 0.065625
2 0.5265625 0.303125 0.025 0.10625
2 0.64765625 0.21015625 0.01484375 0.07265625
5 0.55234375 0.53984375 0.0171875 0.096875
10 0.71796875 0.22421875 0.01171875 0.06171875
10 0.7046875 0.221875 0.01171875 0.06328125
3 0.5328125 0.54375 0.0203125 0.10078125
8 0.80546875 0.31875 0.01328125 0.05703125
5 0.6203125 0.521875 0.015625 0.0859375
10 0.7484375 0.23125 0.01328125 0.05625
8 0.7390625 0.3125 0.01484375 0.07265625
11 0.584375 0.30546875 0.02421875 0.09765625
8 0.8203125 0.31953125 0.01484375 0.0546875
5 0.30078125 0.86875 0.034375 0.1
10 0.76640625 0.23359375 0.01484375 0.053125
5 0.23203125 0.90234375 0.0375 0.1046875
8 0.790625 0.31640625 0.01328125 0.0609375
10 0.659375 0.2109375 0.01328125 0.07421875
8 0.7828125 0.23671875 0.0109375 0.05234375
22 0.66640625 0.4140625 0.0203125 0.07578125
11 0.61171875 0.30625 0.0265625 0.09375
22 0.64296875 0.415625 0.02421875 0.07734375
3 0.1859375 0.61796875 0.03984375 0.12578125
8 0.7703125 0.3140625 0.01328125 0.0671875