10 0.43125 0.440625 0.0640625 0.31328125
2 0.846875 0.4515625 0.10234375 0.409375
2 0.74140625 0.44765625 0.1 0.38828125
8 0.26875 0.45703125 0.04375 0.24921875
10 0.3671875 0.43984375 0.0578125 0.3015625
0 0.496875 0.453125 0.06328125 0.3078125
10 0.22265625 0.45703125 0.0453125 0.23984375
17 0.0984375 0.44765625 0.04921875 0.23828125
8 0.31484375 0.453125 0.04296875 0.26171875
2 0.5640625 0.45546875 0.06875 0.32109375
10 0.1765625 0.4546875 0.0453125 0.2375
17 0.1390625 0.45078125 0.03125 0.2359375
0 0.64609375 0.44375 0.08828125 0.37890625