1 0.65625 0.26171875 0.03828125 0.26796875
0 0.2703125 0.2703125 0.07578125 0.38515625
0 0.34375 0.27421875 0.06171875 0.35859375
17 0.61171875 0.584375 0.03828125 0.228125
0 0.18046875 0.271875 0.09609375 0.415625
1 0.61484375 0.26171875 0.0421875 0.28125
0 0.51875 0.26171875 0.05390625 0.32109375
0 0.5703125 0.26171875 0.0453125 0.3015625
6 0.5109375 0.61796875 0.0578125 0.28828125
6 0.565625 0.59765625 0.04765625 0.265625
0 0.46171875 0.2703125 0.053125 0.31875
2 0.69375 0.2640625 0.034375 0.253125
10 0.81171875 0.271875 0.02265625 0.184375
0 0.40546875 0.2703125 0.05703125 0.33828125
8 0.77265625 0.27421875 0.0203125 0.19296875
2 0.72421875 0.2640625 0.02734375 0.2359375
8 0.85546875 0.26484375 0.01484375 0.1828125
10 0.79140625 0.2734375 0.01796875 0.18671875
8 0.75078125 0.27265625 0.02265625 0.19765625
8 0.83671875 0.2671875 0.02265625 0.18515625
10 0.871875 0.26484375 0.0171875 0.17578125
5 0.75546875 0.51953125 0.01796875 0.18828125
5 0.73671875 0.52734375 0.01796875 0.1984375
6 0.20390625 0.75703125 0.1109375 0.3828125
3 0.715625 0.53671875 0.02421875 0.20390625
10 0.88671875 0.26484375 0.015625 0.1703125
3 0.68515625 0.55 0.0328125 0.2171875
18 0.64921875 0.5671875 0.034375 0.215625
5 0.775 0.5140625 0.0203125 0.1734375