8 0.41875 0.34609375 0.05703125 0.2109375
18 0.6609375 0.77734375 0.0796875 0.19921875
8 0.315625 0.3328125 0.04375 0.18828125
8 0.3640625 0.340625 0.04765625 0.19765625
18 0.75234375 0.8203125 0.09609375 0.209375
18 0.584375 0.7375 0.06796875 0.18515625
17 0.51875 0.7046875 0.06015625 0.17265625
10 0.53125 0.3625 0.06015625 0.23671875
8 0.275 0.32734375 0.034375 0.18125
17 0.46171875 0.67578125 0.05234375 0.1640625
17 0.41171875 0.653125 0.04375 0.14765625
10 0.47421875 0.3546875 0.04921875 0.22109375
8 0.240625 0.3234375 0.03046875 0.171875
10 0.603125 0.37109375 0.07890625 0.25078125
17 0.3609375 0.63359375 0.05234375 0.1359375
17 0.26640625 0.56328125 0.0375 0.165625
8 0.21015625 0.321875 0.0296875 0.1609375
8 0.18046875 0.3171875 0.0265625 0.159375
17 0.309375 0.60859375 0.0453125 0.125
17 0.225 0.55 0.03984375 0.15234375
8 0.1546875 0.315625 0.02265625 0.146875
8 0.13125 0.31015625 0.02109375 0.14609375
8 0.11015625 0.3078125 0.0203125 0.1390625