17 0.615625 0.47109375 0.034375 0.13203125
17 0.69375 0.47890625 0.040625 0.14765625
10 0.67265625 0.2796875 0.03671875 0.15234375
10 0.78984375 0.2734375 0.040625 0.16796875
17 0.653125 0.475 0.03828125 0.13984375
18 0.7375 0.484375 0.04296875 0.153125
8 0.83046875 0.2796875 0.03828125 0.15703125
17 0.46484375 0.459375 0.021875 0.09609375
8 0.915625 0.2765625 0.04609375 0.16796875
18 0.7859375 0.48984375 0.05 0.16171875
17 0.53671875 0.47578125 0.02578125 0.09296875
8 0.546875 0.2875 0.02734375 0.134375
10 0.74765625 0.27578125 0.03671875 0.16171875
8 0.51875 0.28828125 0.02734375 0.13203125
8 0.46796875 0.29140625 0.02421875 0.12421875
17 0.5828125 0.4828125 0.02734375 0.09765625
8 0.8703125 0.27890625 0.0390625 0.16171875
10 0.63515625 0.28125 0.03515625 0.14765625
10 0.71015625 0.278125 0.0359375 0.15625
8 0.575 0.28515625 0.02734375 0.13828125
18 0.51015625 0.4703125 0.025 0.09296875
8 0.4921875 0.2890625 0.02265625 0.1265625
17 0.4203125 0.45234375 0.02109375 0.09609375
17 0.44296875 0.45625 0.021875 0.09296875
10 0.603125 0.284375 0.02734375 0.14140625
2 0.41171875 0.2984375 0.0171875 0.10703125
18 0.48671875 0.465625 0.01875 0.0921875
2 0.44375 0.2953125 0.021875 0.11328125
17 0.56015625 0.4796875 0.01875 0.09453125
1 0.303125 0.29921875 0.01484375 0.10390625
2 0.3953125 0.3 0.01484375 0.10390625
0 0.3671875 0.30078125 0.0140625 0.1
1 0.31953125 0.29921875 0.015625 0.10234375
2 0.2578125 0.303125 0.0140625 0.09453125
2 0.27421875 0.3015625 0.0171875 0.09765625
0 0.38125 0.30078125 0.01328125 0.1015625
0 0.33515625 0.30078125 0.01484375 0.1
0 0.3515625 0.3015625 0.01484375 0.0984375
0 0.23046875 0.30390625 0.0140625 0.09296875
0 0.2171875 0.30390625 0.01328125 0.0921875
2 0.2453125 0.30390625 0.0109375 0.09296875
0 0.203125 0.3046875 0.015625 0.090625
2 0.42734375 0.29765625 0.01328125 0.109375
24 0.3421875 0.43828125 0.01875 0.0984375
1 0.28984375 0.30078125 0.01171875 0.1015625
24 0.36171875 0.43984375 0.0171875 0.1