16 0.84375 0.81640625 0.08671875 0.35078125
2 0.37578125 0.321875 0.040625 0.23046875
16 0.59765625 0.70234375 0.05234375 0.2734375
10 0.878125 0.37265625 0.10234375 0.3828125
6 0.271875 0.53671875 0.02578125 0.1921875
10 0.78125 0.36328125 0.08671875 0.3546875
8 0.69921875 0.3546875 0.07265625 0.33359375
10 0.53125 0.35234375 0.03671875 0.246875
2 0.41640625 0.325 0.03671875 0.2375
8 0.45078125 0.3375 0.03125 0.23203125
8 0.628125 0.34765625 0.065625 0.309375
10 0.571875 0.35859375 0.04296875 0.25859375
3 0.43515625 0.61640625 0.0328125 0.24140625
8 0.48984375 0.34609375 0.04375 0.2375
17 0.33671875 0.575 0.0359375 0.19609375
6 0.30078125 0.55078125 0.03125 0.2
3 0.40390625 0.6046875 0.02890625 0.225
6 0.24765625 0.52265625 0.02265625 0.17578125
16 0.65234375 0.7265625 0.06015625 0.28828125
0 0.196875 0.3046875 0.015625 0.15703125
1 0.3421875 0.315625 0.02421875 0.2171875
0 0.18125 0.303125 0.0140625 0.1546875
0 0.23515625 0.30625 0.021875 0.171875
0 0.21484375 0.30546875 0.01875 0.1640625
18 0.371875 0.59296875 0.0328125 0.20546875
1 0.315625 0.31171875 0.02734375 0.209375
0 0.2875 0.30859375 0.02734375 0.2
0 0.26015625 0.30546875 0.02578125 0.190625
0 0.1671875 0.3015625 0.0140625 0.15078125