16 0.33515625 0.6609375 0.04375 0.13984375
17 0.35625 0.2 0.05078125 0.11484375
24 0.1125 0.346875 0.065625 0.12421875
10 0.60078125 0.3671875 0.03984375 0.11328125
19 0.18359375 0.1796875 0.06171875 0.12890625
17 0.24453125 0.18671875 0.05625 0.12421875
8 0.5265625 0.21484375 0.0375 0.11171875
16 0.24296875 0.67890625 0.0453125 0.14609375
8 0.50703125 0.3640625 0.05078125 0.121875
10 0.63984375 0.36484375 0.034375 0.11171875
19 0.11015625 0.171875 0.07890625 0.13203125
8 0.55703125 0.365625 0.04296875 0.11875
24 0.18203125 0.34921875 0.0625 0.11875
8 0.70625 0.3671875 0.03046875 0.10234375
17 0.40703125 0.20625 0.0453125 0.11328125
17 0.3015625 0.19453125 0.053125 0.11875
10 0.62421875 0.22734375 0.028125 0.103125
17 0.55390625 0.49375 0.04765625 0.1
16 0.378125 0.653125 0.03984375 0.13671875
24 0.24609375 0.35 0.05703125 0.1140625
8 0.48984375 0.21328125 0.03203125 0.1109375
10 0.73515625 0.3671875 0.0265625 0.09765625
17 0.63828125 0.48515625 0.03828125 0.0921875
8 0.6734375 0.3671875 0.03046875 0.10390625
17 0.59765625 0.48984375 0.03828125 0.09609375
1 0.84609375 0.253125 0.0203125 0.08671875
10 0.59375 0.22265625 0.03046875 0.10625
8 0.56171875 0.21875 0.03046875 0.1078125
11 0.7421875 0.23828125 0.028125 0.1
10 0.6515625 0.22890625 0.025 0.103125
17 0.503125 0.49765625 0.04765625 0.103125
11 0.77421875 0.2421875 0.03203125 0.096875
11 0.67890625 0.23125 0.0265625 0.10234375
0 0.81484375 0.36875 0.02265625 0.0921875
17 0.45234375 0.21171875 0.04140625 0.11015625
16 0.4609375 0.63828125 0.03984375 0.1296875
1 0.8671875 0.25390625 0.02109375 0.08828125
4 0.72734375 0.58828125 0.02109375 0.09609375
10 0.76328125 0.36875 0.025 0.0953125
0 0.78984375 0.36875 0.02421875 0.09296875
16 0.41953125 0.6453125 0.03828125 0.134375
24 0.04375 0.34609375 0.0625 0.12734375
22 0.1296875 0.53984375 0.06640625 0.11328125
22 0.19140625 0.534375 0.053125 0.11015625
4 0.74921875 0.584375 0.02109375 0.09375
24 0.41015625 0.353125 0.0453125 0.10234375
11 0.7109375 0.234375 0.034375 0.10234375
24 0.45703125 0.353125 0.04296875 0.10078125
22 0.246875 0.52890625 0.05234375 0.10703125
16 0.49609375 0.63046875 0.028125 0.1203125
2 0.82421875 0.25078125 0.02109375 0.0859375
2 0.80234375 0.25 0.02265625 0.08671875
4 0.7046875 0.5921875 0.0203125 0.1
0 0.88828125 0.25625 0.02109375 0.08671875
3 0.8828125 0.5578125 0.01328125 0.08125
3 0.86875 0.559375 0.01875 0.08203125
16 0.28984375 0.6671875 0.04296875 0.1453125
3 0.834375 0.5671875 0.02109375 0.084375
3 0.8515625 0.56328125 0.01484375 0.08203125
16 0.5296875 0.625 0.034375 0.11875
3 0.81171875 0.57265625 0.02109375 0.08828125
2 0.90859375 0.2578125 0.0171875 0.0859375
16 0.7796875 0.47265625 0.02265625 0.0796875
24 0.30546875 0.3515625 0.05625 0.109375
7 0.8625 0.36875 0.02109375 0.08828125
16 0.82578125 0.4671875 0.02421875 0.07890625
16 0.803125 0.4703125 0.02265625 0.08125
17 0.16796875 0.9796875 0.0828125 0.03984375
4 0.7703125 0.5796875 0.02109375 0.090625
24 0.36015625 0.3515625 0.04921875 0.10625
16 0.01171875 0.72734375 0.02265625 0.165625
7 0.83828125 0.36796875 0.02421875 0.08984375
16 0.3421875 0.5203125 0.04375 0.1