0 0.43984375 0.40625 0.04375 0.23828125
2 0.215625 0.5015625 0.0578125 0.2640625
0 0.390625 0.4203125 0.05 0.24921875
0 0.33515625 0.45 0.05625 0.26171875
2 0.2765625 0.4828125 0.0578125 0.25234375
17 0.52265625 0.375 0.0359375 0.2078125
2 0.15390625 0.53046875 0.065625 0.28125
0 0.48359375 0.38828125 0.03984375 0.225
17 0.66484375 0.3203125 0.03203125 0.171875
2 0.0796875 0.55703125 0.08125 0.29453125
17 0.6328125 0.3328125 0.028125 0.184375
17 0.59765625 0.3453125 0.03828125 0.19296875
17 0.56015625 0.35859375 0.034375 0.20234375
10 0.69375 0.3140625 0.021875 0.15078125
10 0.71328125 0.3109375 0.01875 0.146875
8 0.765625 0.29296875 0.01875 0.13203125
8 0.7328125 0.30546875 0.01796875 0.14140625
8 0.784375 0.28046875 0.0171875 0.1375
8 0.74921875 0.3015625 0.0171875 0.134375