5 0.43828125 0.80625 0.02265625 0.10390625
11 0.33828125 0.43515625 0.05078125 0.1078125
17 0.26796875 0.13125 0.0625 0.14921875
8 0.28046875 0.59921875 0.0453125 0.11328125
5 0.46015625 0.79140625 0.0203125 0.09765625
11 0.49140625 0.41015625 0.034375 0.08671875
8 0.32421875 0.58671875 0.03828125 0.10234375
17 0.434375 0.30234375 0.0359375 0.09296875
17 0.2765625 0.29765625 0.0453125 0.12265625
8 0.340625 0.7265625 0.04140625 0.125
8 0.47890625 0.65859375 0.0265625 0.08828125
17 0.328125 0.140625 0.05234375 0.13984375
10 0.28828125 0.44375 0.03828125 0.1109375
8 0.38125 0.7046875 0.03828125 0.1203125
11 0.45546875 0.415625 0.03359375 0.0921875
11 0.42109375 0.421875 0.03203125 0.096875
3 0.30078125 0.9078125 0.04140625 0.11015625
10 0.55703125 0.50234375 0.01875 0.08203125
17 0.321875 0.2984375 0.04296875 0.1171875
17 0.46875 0.30234375 0.0296875 0.0890625
8 0.44453125 0.67109375 0.0375 0.10390625
17 0.3796875 0.1515625 0.04765625 0.13203125
10 0.50859375 0.51796875 0.025 0.08671875
8 0.29296875 0.75703125 0.05234375 0.12421875
11 0.384375 0.428125 0.03828125 0.10390625
3 0.38828125 0.84296875 0.0296875 0.10390625
8 0.534375 0.62421875 0.02421875 0.09375
12 0.57109375 0.396875 0.025 0.078125
8 0.4296875 0.54375 0.03046875 0.09765625
10 0.5765625 0.49609375 0.0171875 0.078125
8 0.46171875 0.53515625 0.028125 0.09765625
17 0.428125 0.1578125 0.04375 0.12890625
3 0.35703125 0.86328125 0.0296875 0.10390625
5 0.415625 0.82421875 0.02265625 0.1078125
8 0.36328125 0.5765625 0.034375 0.08671875
10 0.53515625 0.509375 0.02265625 0.08671875
12 0.546875 0.40078125 0.02265625 0.0796875
3 0.3328125 0.884375 0.02109375 0.103125
4 0.48359375 0.778125 0.02265625 0.09609375
11 0.521875 0.4046875 0.025 0.0828125
8 0.41171875 0.6859375 0.025 0.10390625
8 0.39765625 0.56015625 0.03046875 0.09609375
8 0.50703125 0.64140625 0.025 0.0921875
8 0.559375 0.6140625 0.02265625 0.08828125
12 0.5953125 0.39375 0.0203125 0.07265625
12 0.6171875 0.38984375 0.02265625 0.07109375
0 0.61796875 0.48359375 0.0203125 0.075
0 0.59765625 0.48984375 0.0203125 0.078125
5 0.50546875 0.76015625 0.0203125 0.09765625
8 0.58125 0.6015625 0.0171875 0.08203125
10 0.484375 0.52734375 0.0171875 0.08984375
8 0.6 0.590625 0.01875 0.08125
8 0.61796875 0.58203125 0.0171875 0.075
0 0.6375 0.47890625 0.015625 0.0703125
17 0.49609375 0.30234375 0.02265625 0.0859375