17 0.47265625 0.5421875 0.0296875 0.07890625
1 0.10859375 0.1328125 0.06171875 0.14765625
17 0.17578125 0.58203125 0.04765625 0.08984375
0 0.41015625 0.190625 0.03984375 0.1171875
17 0.12578125 0.7375 0.04921875 0.10390625
18 0.50390625 0.5390625 0.0296875 0.07578125
17 0.1765625 0.72734375 0.046875 0.1
1 0.278125 0.16484375 0.046875 0.12890625
8 0.35859375 0.315625 0.0359375 0.10234375
8 0.23984375 0.3046875 0.0359375 0.11328125
8 0.2796875 0.3078125 0.03984375 0.1109375
8 0.5890625 0.33359375 0.0203125 0.084375
17 0.37265625 0.5546875 0.034375 0.0859375
17 0.121875 0.58671875 0.0546875 0.09296875
17 0.4078125 0.55078125 0.03203125 0.0828125
18 0.5609375 0.5328125 0.025 0.07109375
9 0.56171875 0.43203125 0.0265625 0.084375
17 0.22734375 0.57734375 0.05078125 0.08671875
2 0.6296875 0.234375 0.0265625 0.0953125
8 0.609375 0.334375 0.01875 0.0828125
8 0.2734375 0.43671875 0.046875 0.109375
8 0.15625 0.29765625 0.04296875 0.1203125
8 0.17890625 0.43828125 0.046875 0.11484375
8 0.3953125 0.31875 0.034375 0.09921875
8 0.434375 0.434375 0.034375 0.0953125
17 0.44140625 0.54609375 0.03203125 0.0796875
18 0.53359375 0.53515625 0.0265625 0.07421875
8 0.4578125 0.32421875 0.028125 0.09375
8 0.12421875 0.43671875 0.05703125 0.12265625
8 0.109375 0.29375 0.046875 0.12265625
8 0.3203125 0.31171875 0.0375 0.1078125
8 0.515625 0.328125 0.025 0.0890625
8 0.225 0.4375 0.04296875 0.1109375
8 0.42890625 0.321875 0.0296875 0.09609375
0 0.51875 0.2109375 0.0296875 0.1078125
8 0.54140625 0.33046875 0.02421875 0.08671875
17 0.27734375 0.571875 0.0453125 0.084375
8 0.4875 0.32578125 0.028125 0.090625
8 0.31953125 0.43984375 0.03828125 0.096875
8 0.3609375 0.4390625 0.03828125 0.09296875
9 0.6171875 0.43125 0.025 0.07890625
0 0.4859375 0.20546875 0.03359375 0.1109375
1 0.2265625 0.1546875 0.05078125 0.13515625
8 0.2 0.30078125 0.04140625 0.1171875
17 0.3296875 0.559375 0.046875 0.0890625
1 0.1703125 0.14375 0.05703125 0.1421875
0 0.36796875 0.18359375 0.04140625 0.1203125
9 0.5890625 0.43203125 0.025 0.08203125
8 0.3984375 0.43515625 0.03203125 0.0953125
0 0.44921875 0.19921875 0.0359375 0.1140625
0 0.325 0.17421875 0.04296875 0.12421875
8 0.565625 0.33203125 0.02265625 0.08515625
18 0.6375 0.521875 0.02421875 0.0671875
18 0.58671875 0.528125 0.02421875 0.06875
17 0.22578125 0.7171875 0.0453125 0.09765625
18 0.61171875 0.52578125 0.02265625 0.06796875
2 0.54921875 0.21875 0.0296875 0.1046875
12 0.74296875 0.28828125 0.02421875 0.0859375
2 0.6015625 0.2296875 0.0265625 0.096875
8 0.6296875 0.3359375 0.0203125 0.08125
9 0.534375 0.4328125 0.0265625 0.08671875
8 0.6515625 0.3375 0.02109375 0.07890625
9 0.503125 0.4328125 0.03046875 0.08984375
11 0.69765625 0.28359375 0.02109375 0.08828125
3 0.7734375 0.40390625 0.02109375 0.0828125
11 0.71953125 0.28671875 0.02109375 0.0859375
0 0.575 0.221875 0.02421875 0.10390625
9 0.4703125 0.43359375 0.03359375 0.09296875
3 0.7375 0.40390625 0.0171875 0.08515625
10 0.72265625 0.6890625 0.02421875 0.07109375
18 0.5671875 0.6390625 0.02421875 0.07265625
18 0.5921875 0.63359375 0.02265625 0.0703125
18 0.5421875 0.6453125 0.02265625 0.07265625
3 0.71875 0.4046875 0.01875 0.08671875
9 0.64453125 0.4296875 0.0265625 0.07734375
3 0.753125 0.40390625 0.0171875 0.084375
17 0.27109375 0.70625 0.03984375 0.09609375
18 0.515625 0.65234375 0.028125 0.07578125
18 0.615625 0.628125 0.02109375 0.06796875
17 0.3125 0.69765625 0.03828125 0.0921875
2 0.65625 0.23828125 0.025 0.0921875
12 0.76953125 0.290625 0.025 0.08515625
3 0.80703125 0.403125 0.02265625 0.08125
17 0.48515625 0.6578125 0.028125 0.078125
3 0.67734375 0.4046875 0.02421875 0.0921875
10 0.7015625 0.69375 0.015625 0.071875
4 0.84609375 0.403125 0.01484375 0.075
4 0.82890625 0.403125 0.01875 0.07734375
3 0.7 0.4046875 0.01875 0.0890625
3 0.78671875 0.40390625 0.01484375 0.08125