17 0.315625 0.65390625 0.0703125 0.13203125
17 0.446875 0.628125 0.053125 0.1203125
8 0.20234375 0.32265625 0.06171875 0.1359375
17 0.38671875 0.63984375 0.06171875 0.12734375
0 0.4453125 0.49375 0.03203125 0.1046875
8 0.26484375 0.32578125 0.05625 0.1296875
8 0.3203125 0.3296875 0.04921875 0.12421875
8 0.13515625 0.31875 0.06640625 0.1421875
0 0.4109375 0.49375 0.034375 0.1140625
0 0.37421875 0.496875 0.0359375 0.1171875
8 0.36640625 0.33125 0.04140625 0.121875
8 0.0609375 0.31328125 0.0734375 0.15078125
8 0.4046875 0.33203125 0.03203125 0.11875
8 0.51171875 0.33828125 0.03203125 0.11015625
11 0.63828125 0.34453125 0.0296875 0.1
8 0.44140625 0.334375 0.0375 0.115625
8 0.478125 0.33671875 0.03359375 0.11171875
6 0.63828125 0.46640625 0.03046875 0.10703125
3 0.725 0.43984375 0.025 0.10234375
6 0.57890625 0.471875 0.0265625 0.11484375
0 0.478125 0.49296875 0.03046875 0.09921875
6 0.5453125 0.47265625 0.0359375 0.11796875
6 0.60703125 0.4703125 0.0296875 0.11328125
3 0.74765625 0.43828125 0.01875 0.10078125
3 0.7859375 0.43671875 0.0203125 0.09609375
3 0.69921875 0.44453125 0.02265625 0.09765625
3 0.765625 0.4375 0.0203125 0.09765625
5 0.88671875 0.43203125 0.015625 0.0859375
16 0.81484375 0.540625 0.02109375 0.08515625
6 0.6703125 0.46484375 0.03046875 0.1046875
16 0.79375 0.54375 0.0203125 0.0859375
11 0.67578125 0.3453125 0.03984375 0.096875
22 0.08828125 0.71953125 0.0546875 0.115625
3 0.80546875 0.4359375 0.0171875 0.0953125
3 0.825 0.43515625 0.01875 0.09296875
5 0.90546875 0.43125 0.0171875 0.084375
11 0.60078125 0.34296875 0.04375 0.10234375
22 0.14453125 0.7078125 0.053125 0.11328125
3 0.8578125 0.434375 0.01875 0.0890625
3 0.84296875 0.434375 0.01328125 0.090625
5 0.8703125 0.43359375 0.01328125 0.08671875
5 0.925 0.4296875 0.01484375 0.08125
6 0.51171875 0.47578125 0.03046875 0.121875