8 0.21875 0.2703125 0.059375 0.2625
8 0.65078125 0.27578125 0.0609375 0.27734375
8 0.528125 0.2765625 0.059375 0.27578125
8 0.4046875 0.27578125 0.0578125 0.2703125
8 0.5890625 0.27578125 0.0578125 0.27578125
8 0.34375 0.275 0.05703125 0.27578125
4 0.5359375 0.740625 0.059375 0.32265625
8 0.465625 0.278125 0.0578125 0.2734375
8 0.28125 0.2734375 0.0609375 0.26796875
3 0.59765625 0.74296875 0.0609375 0.31875
8 0.7140625 0.27734375 0.059375 0.27578125
4 0.17109375 0.7375 0.059375 0.31484375
4 0.47578125 0.740625 0.0578125 0.3203125
8 0.1578125 0.27421875 0.05703125 0.26640625
4 0.415625 0.73828125 0.0578125 0.3171875
3 0.66015625 0.74453125 0.059375 0.31875
4 0.29609375 0.73671875 0.06015625 0.31875
4 0.35625 0.73671875 0.0578125 0.31875
4 0.2328125 0.7390625 0.0640625 0.3171875
3 0.72265625 0.7453125 0.06171875 0.31484375
17 0.03359375 0.96953125 0.0609375 0.0609375
16 0.14765625 0.97109375 0.059375 0.05703125
2 0.934375 0.98046875 0.065625 0.03828125
17 0.090625 0.96953125 0.053125 0.0609375
2 0.98359375 0.9796875 0.0328125 0.0375
2 0.49296875 0.9765625 0.06328125 0.046875