0 0.59296875 0.6109375 0.05625 0.13671875
0 0.54609375 0.596875 0.0359375 0.12109375
10 0.3734375 0.52421875 0.0265625 0.09921875
0 0.50703125 0.57734375 0.03984375 0.12109375
0 0.46796875 0.56171875 0.0359375 0.11328125
10 0.40234375 0.534375 0.028125 0.103125
10 0.34765625 0.5125 0.02109375 0.0953125
10 0.43359375 0.54921875 0.0296875 0.10703125
12 0.60703125 0.44921875 0.05625 0.12421875
17 0.28984375 0.2703125 0.02265625 0.0859375
17 0.315625 0.271875 0.028125 0.08984375
12 0.55 0.43828125 0.05234375 0.1171875
12 0.453125 0.415625 0.034375 0.1078125
8 0.44140625 0.69921875 0.0359375 0.115625
17 0.2296875 0.14765625 0.02265625 0.1046875
17 0.20625 0.14921875 0.02265625 0.10078125
12 0.41640625 0.40625 0.03359375 0.103125
5 0.29765625 0.73203125 0.01875 0.09609375
8 0.4046875 0.67734375 0.03359375 0.11484375
11 0.35234375 0.390625 0.0296875 0.0953125
16 0.50078125 0.88828125 0.03203125 0.11015625
16 0.44765625 0.84609375 0.0296875 0.10703125
12 0.4953125 0.4265625 0.0453125 0.1109375
10 0.328125 0.50390625 0.0171875 0.09296875
8 0.37421875 0.65625 0.025 0.10703125
12 0.38359375 0.39921875 0.028125 0.09765625
3 0.26484375 0.703125 0.015625 0.08984375
17 0.2703125 0.26875 0.015625 0.08515625
5 0.3328125 0.7578125 0.01875 0.1046875
5 0.28046875 0.72109375 0.015625 0.09296875
5 0.31640625 0.74609375 0.015625 0.096875
8 0.4796875 0.71953125 0.03828125 0.121875