0 0.1125 0.48359375 0.06640625 0.190625
2 0.2296875 0.4484375 0.0515625 0.1625
0 0.1734375 0.4625 0.05859375 0.178125
0 0.03828125 0.5046875 0.0765625 0.203125
17 0.4515625 0.35703125 0.03359375 0.1125
17 0.5828125 0.3109375 0.03359375 0.12578125
17 0.4171875 0.3703125 0.03203125 0.11640625
17 0.640625 0.2921875 0.0234375 0.1140625
17 0.54453125 0.32421875 0.03984375 0.1328125
17 0.3296875 0.41796875 0.04609375 0.1359375
8 0.746875 0.2578125 0.01953125 0.09453125
17 0.37578125 0.4 0.0421875 0.1265625
17 0.6140625 0.30078125 0.0265625 0.121875
8 0.72734375 0.26328125 0.01953125 0.10078125
10 0.78046875 0.2453125 0.0265625 0.09140625
17 0.66796875 0.284375 0.0296875 0.10703125
8 0.70859375 0.26875 0.015625 0.103125
8 0.69296875 0.275 0.01796875 0.10390625
17 0.50546875 0.3484375 0.034375 0.109375