12 0.778125 0.49921875 0.0734375 0.1375
18 0.51015625 0.52109375 0.0484375 0.0984375
2 0.2828125 0.1453125 0.05 0.13359375
10 0.80390625 0.140625 0.0484375 0.128125
17 0.61640625 0.521875 0.05 0.096875
17 0.37578125 0.52265625 0.0578125 0.09921875
24 0.375 0.67890625 0.05546875 0.115625
8 0.46953125 0.3375 0.0578125 0.1359375
2 0.12578125 0.14765625 0.05 0.134375
0 0.12421875 0.3390625 0.0578125 0.13359375
13 0.7265625 0.665625 0.06796875 0.128125
24 0.39140625 0.8484375 0.05546875 0.10703125
11 0.85859375 0.496875 0.078125 0.1375
10 0.8234375 0.33046875 0.05859375 0.13671875
13 0.653125 0.6640625 0.0703125 0.13203125
24 0.31484375 0.68203125 0.05234375 0.1140625
2 0.23671875 0.33828125 0.05390625 0.1359375
24 0.2796875 0.85078125 0.0515625 0.1046875
2 0.33515625 0.1453125 0.0515625 0.1328125
10 0.703125 0.3359375 0.05390625 0.128125
2 0.178125 0.146875 0.05 0.13359375
1 0.3515625 0.33828125 0.05234375 0.1359375
1 0.409375 0.3375 0.0578125 0.1375
8 0.5453125 0.14375 0.0484375 0.12890625
8 0.49453125 0.14453125 0.05 0.12890625
0 0.18125 0.3390625 0.0515625 0.13359375
24 0.25859375 0.6796875 0.0515625 0.1125
10 0.88515625 0.3296875 0.05859375 0.13671875
10 0.75078125 0.1421875 0.05 0.12578125
2 0.29453125 0.33828125 0.0578125 0.1359375
8 0.5875 0.3359375 0.05390625 0.1359375
2 0.23046875 0.1453125 0.0484375 0.13359375
10 0.69921875 0.14296875 0.04609375 0.125
24 0.22421875 0.84921875 0.0515625 0.10546875
17 0.26328125 0.5234375 0.0515625 0.1015625
17 0.3171875 0.52421875 0.05234375 0.09921875
8 0.4421875 0.1453125 0.05 0.1296875
24 0.334375 0.85078125 0.05234375 0.10546875
10 0.65 0.14296875 0.04765625 0.12578125
16 0.74609375 0.83046875 0.04765625 0.134375
10 0.7625 0.3328125 0.0578125 0.1328125
10 0.91015625 0.13671875 0.0484375 0.13203125
17 0.66796875 0.52421875 0.0484375 0.0875
2 0.3875 0.14453125 0.0515625 0.1328125
8 0.5984375 0.1421875 0.0515625 0.13046875
8 0.53046875 0.33671875 0.05625 0.1359375
24 0.5 0.84453125 0.0515625 0.10859375
17 0.56328125 0.5265625 0.0515625 0.0890625
24 0.20546875 0.6796875 0.04765625 0.1109375
18 0.4578125 0.52109375 0.05 0.09921875
10 0.64609375 0.3375 0.05546875 0.12890625
10 0.85703125 0.13828125 0.0515625 0.13203125
2 0.0734375 0.146875 0.0515625 0.1375
3 0.69609375 0.8296875 0.0484375 0.13671875
24 0.16875 0.8484375 0.05234375 0.10546875
10 0.9609375 0.13671875 0.0484375 0.1328125
13 0.79375 0.6640625 0.06015625 0.1265625
3 0.60546875 0.8171875 0.03984375 0.1265625
24 0.44609375 0.815625 0.04765625 0.0953125
3 0.6484375 0.8171875 0.0421875 0.12890625
24 0.43359375 0.68046875 0.05546875 0.109375
21 0.13515625 0.5171875 0.05859375 0.1203125
21 0.20078125 0.515625 0.0625 0.121875
22 0.55703125 0.8421875 0.05625 0.11328125
24 0.15 0.68203125 0.0515625 0.11171875
10 0.99375 0.1359375 0.0125 0.134375
13 0.025 0.67578125 0.05 0.128125
6 0.99140625 0.84453125 0.01640625 0.13359375