2 0.325 0.096875 0.05234375 0.1421875
11 0.8546875 0.4640625 0.0796875 0.1390625
17 0.60859375 0.48828125 0.0515625 0.09921875
12 0.7734375 0.46796875 0.0734375 0.13828125
13 0.71640625 0.63359375 0.06640625 0.1265625
17 0.2515625 0.48671875 0.0515625 0.1046875
2 0.28359375 0.2984375 0.05859375 0.13828125
2 0.2171875 0.09609375 0.0515625 0.1421875
10 0.7609375 0.2953125 0.0578125 0.13671875
10 0.8234375 0.29453125 0.06015625 0.1390625
2 0.2234375 0.29921875 0.05546875 0.1390625
8 0.4359375 0.0984375 0.05234375 0.13671875
17 0.55546875 0.49375 0.0515625 0.0890625
2 0.10859375 0.096875 0.0515625 0.1453125
1 0.3421875 0.2984375 0.05390625 0.140625
8 0.54375 0.096875 0.05 0.134375
24 0.26640625 0.8140625 0.0515625 0.10390625
17 0.30546875 0.4890625 0.05390625 0.10078125
10 0.65078125 0.096875 0.0484375 0.13203125
17 0.6609375 0.4921875 0.0484375 0.08828125
2 0.38046875 0.09765625 0.05234375 0.13828125
1 0.40078125 0.29765625 0.05859375 0.14140625
8 0.4625 0.2984375 0.05859375 0.1390625
17 0.36640625 0.48671875 0.05859375 0.1015625
10 0.8859375 0.29296875 0.0578125 0.13828125
24 0.24609375 0.6453125 0.05234375 0.1125
0 0.109375 0.2984375 0.0578125 0.1375
2 0.05234375 0.096875 0.05546875 0.1453125
18 0.5015625 0.48828125 0.0484375 0.0984375
8 0.490625 0.096875 0.0515625 0.1359375
10 0.7015625 0.096875 0.0484375 0.13046875
2 0.2703125 0.09609375 0.0515625 0.14296875
2 0.16328125 0.09609375 0.0515625 0.1421875
18 0.4484375 0.48671875 0.05234375 0.10078125
8 0.59765625 0.0953125 0.05234375 0.13671875
10 0.8640625 0.09296875 0.05390625 0.1390625
10 0.75546875 0.09609375 0.05234375 0.1328125
10 0.7015625 0.29765625 0.05390625 0.13359375
16 0.73203125 0.79921875 0.04609375 0.12890625
13 0.64296875 0.63203125 0.071875 0.13046875
8 0.525 0.2984375 0.05859375 0.1375
0 0.16796875 0.2984375 0.05234375 0.1375
24 0.21171875 0.81328125 0.0515625 0.10390625
24 0.321875 0.8140625 0.0515625 0.10390625
10 0.91953125 0.0921875 0.05 0.140625
13 0.7828125 0.63203125 0.05859375 0.1265625
10 0.64296875 0.29921875 0.0578125 0.1328125
24 0.303125 0.6484375 0.05546875 0.1125
10 0.971875 0.09140625 0.0515625 0.14296875
24 0.19296875 0.6453125 0.04765625 0.1125
8 0.58359375 0.2984375 0.05546875 0.1375
10 0.809375 0.0953125 0.0515625 0.134375
24 0.3640625 0.6453125 0.05390625 0.115625
24 0.4875 0.81015625 0.05234375 0.1046875
24 0.3796875 0.81328125 0.05546875 0.10390625
3 0.68359375 0.79765625 0.0484375 0.13046875
21 0.12109375 0.4796875 0.06171875 0.12421875
3 0.63515625 0.7828125 0.0421875 0.121875
24 0.15625 0.81171875 0.05234375 0.10390625
24 0.434375 0.78203125 0.04765625 0.09453125
24 0.4234375 0.6484375 0.05625 0.10703125
21 0.18828125 0.47890625 0.06640625 0.12421875
3 0.59296875 0.78359375 0.03984375 0.12109375