17 0.53515625 0.78359375 0.06171875 0.15
17 0.38359375 0.78359375 0.08828125 0.196875
4 0.8640625 0.734375 0.0375 0.159375
8 0.18359375 0.7953125 0.08984375 0.225
8 0.7875 0.55546875 0.05 0.14296875
10 0.078125 0.80234375 0.10859375 0.23671875
17 0.596875 0.78203125 0.05625 0.13671875
10 0.7359375 0.55546875 0.04609375 0.1390625
19 0.70625 0.771875 0.0515625 0.1203125
10 0.68203125 0.5546875 0.05546875 0.1421875
3 0.90546875 0.73046875 0.0421875 0.15546875
18 0.4671875 0.790625 0.06953125 0.159375
5 0.8234375 0.73671875 0.03984375 0.16640625
6 0.95703125 0.728125 0.05625 0.1515625
18 0.653125 0.7765625 0.0515625 0.1265625
22 0.8625 0.5546875 0.0359375 0.13828125
0 0.77265625 0.7453125 0.0578125 0.16171875
12 0.646875 0.93984375 0.08984375 0.1203125
22 0.828125 0.5609375 0.03046875 0.128125
18 0.4765625 0.95390625 0.0875 0.0921875