8 0.34453125 0.146875 0.0703125 0.221875
1 0.61796875 0.41171875 0.04453125 0.159375
10 0.41640625 0.1453125 0.065625 0.2125
17 0.20625 0.5015625 0.08984375 0.153125
10 0.60546875 0.13203125 0.0640625 0.2109375
17 0.2953125 0.4875 0.07578125 0.1453125
17 0.2375 0.671875 0.0875 0.13671875
8 0.17265625 0.14921875 0.1015625 0.2375
17 0.37109375 0.47578125 0.06953125 0.140625
10 0.67265625 0.13046875 0.0640625 0.20390625
8 0.26640625 0.14765625 0.0796875 0.22890625
17 0.14140625 0.69296875 0.09609375 0.14609375
1 0.5046875 0.4390625 0.0640625 0.1578125
10 0.540625 0.14296875 0.0578125 0.19921875
17 0.32109375 0.65 0.07421875 0.13359375
4 0.43046875 0.7890625 0.0421875 0.128125
4 0.28359375 0.840625 0.05 0.134375
8 0.79140625 0.1296875 0.0578125 0.18828125
1 0.56640625 0.425 0.05390625 0.1609375
8 0.90859375 0.128125 0.065625 0.17890625
10 0.73359375 0.1296875 0.05390625 0.1953125
4 0.33515625 0.825 0.0484375 0.1359375
4 0.475 0.61015625 0.05859375 0.1328125
1 0.4375 0.44453125 0.06015625 0.16796875
10 0.48046875 0.14453125 0.0578125 0.2046875
3 0.8109375 0.521875 0.0359375 0.10859375
4 0.38515625 0.80625 0.04609375 0.1296875
8 0.8484375 0.12890625 0.05234375 0.18203125
17 0.3984375 0.63125 0.0734375 0.1234375
4 0.5265625 0.596875 0.04140625 0.1234375
2 0.85859375 0.371875 0.0578125 0.140625
2 0.80703125 0.378125 0.0421875 0.14296875
0 0.66640625 0.403125 0.0484375 0.1515625
3 0.7734375 0.53203125 0.0375 0.115625
4 0.56953125 0.584375 0.04375 0.1234375
3 0.7375 0.5390625 0.03046875 0.11640625
0 0.71640625 0.3953125 0.04609375 0.1453125
4 0.47578125 0.77421875 0.0421875 0.12421875