4 0.146875 0.3203125 0.08046875 0.21796875
3 0.28125 0.31484375 0.0625 0.20078125
18 0.590625 0.3203125 0.05390625 0.12421875
18 0.68671875 0.31953125 0.03359375 0.1015625
17 0.53515625 0.31796875 0.05 0.1390625
10 0.55625 0.125 0.0515625 0.1390625
3 0.2171875 0.31796875 0.065625 0.209375
10 0.60625 0.13125 0.0421875 0.1328125
17 0.48046875 0.31953125 0.05625 0.15
8 0.38359375 0.10078125 0.06015625 0.17109375
8 0.68359375 0.1515625 0.028125 0.103125
8 0.73828125 0.1578125 0.02421875 0.09921875
5 0.1546875 0.56328125 0.071875 0.18828125
8 0.50078125 0.11796875 0.05234375 0.1515625
17 0.78359375 0.3171875 0.02578125 0.09296875
8 0.31953125 0.09453125 0.0625 0.18046875
17 0.7203125 0.31796875 0.03203125 0.09921875
8 0.25 0.090625 0.0703125 0.1796875
5 0.0796875 0.5765625 0.0921875 0.1921875
3 0.34296875 0.3140625 0.06015625 0.190625
8 0.44453125 0.109375 0.05546875 0.16328125
16 0.47578125 0.5 0.04453125 0.1515625
2 0.79453125 0.16171875 0.0234375 0.09921875
8 0.71171875 0.1546875 0.0265625 0.10078125
16 0.5203125 0.4921875 0.04140625 0.1484375
8 0.6484375 0.14296875 0.0375 0.1171875
18 0.646875 0.32109375 0.04375 0.10546875
16 0.43046875 0.5078125 0.0421875 0.15078125
17 0.75390625 0.3171875 0.03203125 0.0984375
16 0.5609375 0.484375 0.03828125 0.14453125
17 0.4140625 0.32265625 0.0703125 0.159375
2 0.81796875 0.16171875 0.021875 0.1
8 0.7671875 0.1609375 0.028125 0.096875
16 0.2203125 0.55078125 0.06953125 0.1796875
2 0.86484375 0.1640625 0.0234375 0.1015625
24 0.64375 0.4734375 0.04609375 0.1171875
2 0.840625 0.1625 0.021875 0.1
16 0.3375 0.53828125 0.0515625 0.14921875
24 0.6859375 0.46640625 0.03359375 0.1109375
17 0.80859375 0.31484375 0.02421875 0.090625
16 0.6 0.47890625 0.0375 0.13671875
24 0.72109375 0.459375 0.03203125 0.1046875
16 0.3859375 0.52578125 0.04609375 0.14140625
10 0.54453125 0.01015625 0.04453125 0.0203125