3 0.1703125 0.79296875 0.0625 0.1515625
8 0.2078125 0.459375 0.06953125 0.1375
3 0.23046875 0.78515625 0.05390625 0.15078125
3 0.378125 0.7546875 0.0421875 0.140625
5 0.1015625 0.8109375 0.065625 0.1609375
18 0.6875 0.43046875 0.04765625 0.109375
10 0.46015625 0.4453125 0.0515625 0.1203125
17 0.5765625 0.4375 0.05625 0.1140625
2 0.29296875 0.6078125 0.0625 0.121875
18 0.81640625 0.303125 0.0359375 0.10078125
8 0.2984375 0.0953125 0.05625 0.16640625
24 0.178125 0.29296875 0.0703125 0.1328125
24 0.10390625 0.290625 0.06796875 0.1390625
8 0.278125 0.45546875 0.0640625 0.13203125
18 0.85703125 0.3046875 0.04140625 0.09921875
6 0.6046875 0.709375 0.04609375 0.11796875
6 0.55546875 0.71796875 0.04609375 0.1265625
17 0.69765625 0.3015625 0.04375 0.1078125
10 0.4046875 0.4484375 0.05390625 0.125
8 0.13359375 0.4625 0.071875 0.14140625
2 0.60546875 0.13203125 0.04453125 0.1421875
10 0.0984375 0.08203125 0.06953125 0.16328125
8 0.35546875 0.1015625 0.05390625 0.159375
17 0.65234375 0.303125 0.04375 0.10546875
0 0.15546875 0.62421875 0.071875 0.1328125
18 0.634375 0.43359375 0.05390625 0.1125
10 0.16796875 0.084375 0.0625 0.16796875
17 0.6046875 0.3015625 0.04765625 0.109375
12 0.69453125 0.68828125 0.04375 0.1140625
11 0.74453125 0.678125 0.04609375 0.1140625
10 0.34453125 0.45234375 0.06015625 0.128125
0 0.2265625 0.6171875 0.065625 0.1265625
11 0.79140625 0.6703125 0.04375 0.10703125
3 0.33359375 0.765625 0.04375 0.14609375
0 0.5125 0.121875 0.04453125 0.1453125
2 0.55859375 0.128125 0.04453125 0.140625
8 0.234375 0.08671875 0.0640625 0.171875
17 0.51640625 0.4421875 0.05625 0.1171875
0 0.41171875 0.1078125 0.05390625 0.15859375
2 0.64921875 0.13671875 0.0421875 0.13828125
24 0.25234375 0.29765625 0.06796875 0.12421875
4 0.42265625 0.7453125 0.0421875 0.1375
0 0.4640625 0.11484375 0.04765625 0.15390625
4 0.46640625 0.7359375 0.0421875 0.13671875
1 0.77109375 0.1484375 0.03828125 0.128125
17 0.88828125 0.16328125 0.04375 0.11953125
24 0.5015625 0.2984375 0.05546875 0.11953125
3 0.28515625 0.77890625 0.0515625 0.14921875
1 0.73046875 0.14453125 0.03984375 0.1328125
5 0.03515625 0.82578125 0.06640625 0.165625
12 0.65 0.7 0.03984375 0.11328125
17 0.84375 0.165625 0.04375 0.109375
1 0.69140625 0.140625 0.0375 0.1359375
24 0.44453125 0.29765625 0.05234375 0.12109375
24 0.55546875 0.30078125 0.04453125 0.1125
2 0.35546875 0.6046875 0.05625 0.1078125
4 0.51015625 0.72734375 0.04140625 0.1328125
1 0.80546875 0.153125 0.03046875 0.1265625
24 0.7046875 0.553125 0.04140625 0.0921875
24 0.321875 0.3171875 0.06171875 0.0828125
5 0.00546875 0.83359375 0.01015625 0.17578125
24 0.3859375 0.29921875 0.05859375 0.11953125
24 0.746875 0.546875 0.0375 0.09140625