8 0.6390625 0.2671875 0.06171875 0.1765625
10 0.25625 0.2703125 0.08828125 0.21640625
8 0.70078125 0.2640625 0.05625 0.17578125
17 0.20859375 0.5171875 0.09453125 0.1703125
8 0.57265625 0.2703125 0.065625 0.18046875
17 0.74140625 0.453125 0.05859375 0.13828125
10 0.1609375 0.27109375 0.09375 0.225
17 0.30234375 0.50546875 0.0859375 0.16640625
17 0.3875 0.49453125 0.0765625 0.1609375
10 0.42578125 0.26796875 0.07578125 0.203125
10 0.05546875 0.2734375 0.10859375 0.23046875
8 0.759375 0.2625 0.05625 0.1703125
17 0.67578125 0.46015625 0.065625 0.14296875
17 0.10078125 0.5265625 0.11015625 0.178125
17 0.8015625 0.446875 0.05546875 0.134375
8 0.86640625 0.26640625 0.04453125 0.14609375
17 0.46640625 0.4859375 0.071875 0.153125
10 0.34453125 0.26953125 0.078125 0.20859375
17 0.85859375 0.44140625 0.05546875 0.1328125
8 0.81640625 0.2609375 0.05234375 0.1640625
10 0.50234375 0.2671875 0.06953125 0.1953125
8 0.9515625 0.265625 0.04375 0.13671875
17 0.5421875 0.5046875 0.0703125 0.096875
17 0.609375 0.49453125 0.06015625 0.09296875
8 0.90859375 0.26640625 0.03828125 0.1390625