3 0.2671875 0.31015625 0.0640625 0.20859375
18 0.7359375 0.30546875 0.03359375 0.10390625
16 0.56875 0.4828125 0.04140625 0.1484375
3 0.33046875 0.3078125 0.0625 0.2
8 0.296875 0.08515625 0.0734375 0.1703125
8 0.3671875 0.0875 0.06171875 0.175
18 0.6375 0.30625 0.05546875 0.12890625
8 0.78828125 0.1421875 0.02578125 0.0984375
8 0.7609375 0.1390625 0.0265625 0.09921875
8 0.43125 0.0890625 0.06171875 0.1765625
17 0.58359375 0.30625 0.05 0.1421875
16 0.52421875 0.4890625 0.04453125 0.15390625
8 0.54765625 0.1046875 0.05390625 0.153125
18 0.69453125 0.3078125 0.04609375 0.10859375
8 0.6984375 0.1296875 0.0375 0.11640625
10 0.60390625 0.11015625 0.0484375 0.14140625
17 0.83359375 0.2984375 0.02578125 0.09921875
17 0.7703125 0.3046875 0.03359375 0.1015625
8 0.73203125 0.13671875 0.028125 0.1015625
10 0.653125 0.115625 0.04453125 0.13671875
8 0.49140625 0.096875 0.05546875 0.16953125
4 0.1984375 0.31328125 0.078125 0.21796875
5 0.20859375 0.55546875 0.0703125 0.184375
17 0.4625 0.31328125 0.0703125 0.159375
17 0.8046875 0.30078125 0.03203125 0.1015625
3 0.3921875 0.30703125 0.06015625 0.190625
16 0.2734375 0.54296875 0.06640625 0.178125
5 0.1359375 0.56796875 0.09140625 0.1890625
8 0.8171875 0.1421875 0.028125 0.1
2 0.84453125 0.1453125 0.0234375 0.096875
2 0.915625 0.14609375 0.021875 0.10078125
17 0.52890625 0.30859375 0.05546875 0.15078125
16 0.60859375 0.47421875 0.03828125 0.14453125
2 0.89140625 0.14375 0.0234375 0.103125
16 0.4796875 0.49921875 0.0421875 0.146875
24 0.734375 0.4546875 0.034375 0.1125
24 0.6921875 0.46328125 0.04453125 0.11796875
16 0.6484375 0.46796875 0.0375 0.13828125
2 0.86875 0.14375 0.0234375 0.1015625
24 0.77109375 0.446875 0.03359375 0.10546875
16 0.3875 0.52734375 0.0515625 0.15
17 0.86015625 0.29765625 0.02578125 0.09609375