16 0.4109375 0.62578125 0.05625 0.146875
8 0.46328125 0.21328125 0.0640625 0.18046875
10 0.1578125 0.2109375 0.08359375 0.2046875
10 0.32109375 0.2109375 0.06953125 0.1921875
8 0.39453125 0.21328125 0.06953125 0.1859375
2 0.79453125 0.21484375 0.04375 0.146875
18 0.14921875 0.45234375 0.0921875 0.171875
3 0.29921875 0.64296875 0.05234375 0.17109375
1 0.64375 0.2140625 0.05234375 0.1609375
1 0.74765625 0.215625 0.04609375 0.1515625
1 0.69765625 0.2140625 0.0484375 0.15546875
10 0.06640625 0.21015625 0.08984375 0.2140625
8 0.5265625 0.21484375 0.05625 0.17109375
4 0.2421875 0.6609375 0.0578125 0.1640625
4 0.18046875 0.67578125 0.0640625 0.1625
10 0.24296875 0.2109375 0.078125 0.19921875
3 0.3515625 0.634375 0.05 0.1609375
8 0.5859375 0.21484375 0.05625 0.16640625
2 0.83671875 0.215625 0.0375 0.14453125
24 0.5875 0.41328125 0.0515625 0.13203125
17 0.4015625 0.43359375 0.0734375 0.14453125
24 0.53046875 0.41796875 0.05546875 0.13671875
18 0.24140625 0.44453125 0.08046875 0.1640625
24 0.64140625 0.40859375 0.05 0.12890625
17 0.32421875 0.440625 0.07578125 0.1453125
0 0.87890625 0.21640625 0.0421875 0.140625
24 0.4703125 0.425 0.05625 0.140625
16 0.46328125 0.6203125 0.04453125 0.14453125
24 0.69296875 0.403125 0.04609375 0.1234375
10 0.34140625 0.03203125 0.10625 0.0640625
10 0.00859375 0.20546875 0.0171875 0.2203125
0 0.08515625 0.0203125 0.1171875 0.040625