17 0.59375 0.4578125 0.05859375 0.11953125
17 0.7234375 0.31796875 0.04375 0.1109375
18 0.71015625 0.4515625 0.0484375 0.1140625
3 0.15703125 0.828125 0.065625 0.1609375
17 0.53203125 0.46171875 0.05859375 0.12109375
8 0.20625 0.4765625 0.07421875 0.14296875
18 0.84609375 0.3203125 0.0375 0.10390625
10 0.3515625 0.471875 0.0625 0.1328125
10 0.1765625 0.08515625 0.065625 0.1703125
17 0.6765625 0.31796875 0.04453125 0.109375
18 0.6546875 0.4546875 0.05546875 0.1171875
2 0.584375 0.1359375 0.04609375 0.14609375
8 0.31328125 0.09453125 0.06015625 0.17578125
0 0.22109375 0.64296875 0.06953125 0.13359375
24 0.18125 0.303125 0.07421875 0.140625
24 0.25859375 0.30546875 0.071875 0.1359375
18 0.8875 0.321875 0.0421875 0.1015625
17 0.628125 0.3171875 0.05 0.1125
0 0.43203125 0.11171875 0.05546875 0.16640625
3 0.2203125 0.8203125 0.05625 0.1609375
6 0.61484375 0.7421875 0.04609375 0.12421875
10 0.4734375 0.465625 0.05390625 0.125
11 0.7609375 0.709375 0.0484375 0.11796875
8 0.128125 0.4796875 0.07421875 0.1484375
2 0.29140625 0.634375 0.06640625 0.12890625
3 0.33046875 0.8 0.04453125 0.153125
0 0.48671875 0.1203125 0.0484375 0.159375
6 0.5640625 0.7515625 0.0484375 0.1328125
3 0.3765625 0.78828125 0.04453125 0.1484375
10 0.103125 0.0828125 0.07578125 0.1640625
8 0.246875 0.0890625 0.06796875 0.17578125
10 0.4140625 0.46875 0.05625 0.128125
8 0.37421875 0.1046875 0.05625 0.1671875
2 0.6328125 0.14140625 0.04609375 0.1453125
8 0.28125 0.47421875 0.06796875 0.1375
5 0.08359375 0.84765625 0.06953125 0.16796875
5 0.0234375 0.8640625 0.046875 0.175
12 0.709375 0.71953125 0.04609375 0.121875
4 0.4234375 0.778125 0.04453125 0.14609375
0 0.14609375 0.65078125 0.07578125 0.1390625
11 0.809375 0.70234375 0.04375 0.1109375
2 0.67890625 0.14609375 0.0421875 0.14296875
24 0.46015625 0.3109375 0.05390625 0.1265625
4 0.46953125 0.76953125 0.04375 0.14453125
0 0.5359375 0.128125 0.04765625 0.153125
17 0.92265625 0.178125 0.04375 0.1234375
17 0.87734375 0.18046875 0.04375 0.11328125
1 0.7625 0.15546875 0.03984375 0.13828125
24 0.51953125 0.31171875 0.0578125 0.12421875
24 0.10234375 0.296875 0.0734375 0.14921875
1 0.80390625 0.1609375 0.03984375 0.134375
3 0.27890625 0.81328125 0.05390625 0.15859375
1 0.721875 0.15078125 0.03984375 0.140625
12 0.6625 0.7328125 0.0421875 0.121875
24 0.5765625 0.31328125 0.04765625 0.11953125
4 0.515625 0.7609375 0.04375 0.13828125
2 0.35703125 0.63046875 0.0578125 0.115625
1 0.8390625 0.16640625 0.03203125 0.13046875
24 0.76796875 0.5734375 0.03984375 0.09609375