17 0.0953125 0.49609375 0.10859375 0.1796875
8 0.7171875 0.26484375 0.05625 0.175
10 0.51796875 0.2578125 0.06953125 0.19609375
17 0.38359375 0.478125 0.0765625 0.159375
8 0.83203125 0.26796875 0.05390625 0.165625
17 0.4625 0.47421875 0.071875 0.153125
17 0.675 0.4609375 0.06640625 0.14140625
10 0.07265625 0.2421875 0.10625 0.23203125
17 0.8609375 0.45078125 0.05625 0.13046875
8 0.77578125 0.26640625 0.05625 0.1703125
10 0.2734375 0.2484375 0.0875 0.21796875
8 0.65546875 0.265625 0.0625 0.1796875
10 0.17734375 0.2453125 0.0921875 0.225
17 0.74140625 0.45703125 0.06015625 0.13828125
8 0.8828125 0.27578125 0.04453125 0.14609375
17 0.29765625 0.4859375 0.0875 0.1671875
8 0.58828125 0.26328125 0.06640625 0.184375
10 0.44140625 0.25546875 0.07578125 0.20078125
10 0.359375 0.25234375 0.078125 0.2109375
17 0.80234375 0.4546875 0.05625 0.134375
17 0.20234375 0.49140625 0.09453125 0.17109375
8 0.92578125 0.27890625 0.03984375 0.140625
8 0.9671875 0.2796875 0.0421875 0.1375
17 0.60703125 0.48046875 0.06171875 0.11328125
17 0.5375 0.4828125 0.0703125 0.1265625
8 0.99375 0.278125 0.0125 0.13125