2 0.37578125 0.371875 0.06171875 0.171875
2 0.4375 0.36640625 0.05625 0.16796875
8 0.34453125 0.13125 0.071875 0.2109375
5 0.25078125 0.9296875 0.05 0.1140625
1 0.3078125 0.37890625 0.06953125 0.18046875
8 0.48203125 0.14296875 0.0578125 0.1828125
4 0.43359375 0.859375 0.0359375 0.109375
2 0.63984375 0.35234375 0.0375 0.13203125
2 0.49453125 0.3609375 0.05234375 0.16171875
8 0.54140625 0.14296875 0.05390625 0.18203125
8 0.4171875 0.1359375 0.065625 0.196875
3 0.3015625 0.909375 0.0484375 0.1171875
1 0.234375 0.38515625 0.06953125 0.1875
2 0.59765625 0.35546875 0.04375 0.13671875
8 0.59453125 0.146875 0.05 0.1734375
1 0.1515625 0.39453125 0.09140625 0.19609375
8 0.8078125 0.1625 0.03203125 0.13203125
2 0.67734375 0.35078125 0.034375 0.12421875
4 0.39375 0.87578125 0.04375 0.11328125
17 0.7859375 0.34140625 0.0375 0.1046875
8 0.265625 0.12734375 0.078125 0.21796875
8 0.83984375 0.1640625 0.0296875 0.12890625
0 0.5484375 0.35546875 0.0515625 0.153125
8 0.87109375 0.165625 0.03046875 0.12578125
10 0.64296875 0.15625 0.04140625 0.15078125
5 0.19453125 0.94453125 0.05859375 0.1109375
10 0.721875 0.159375 0.034375 0.14140625
8 0.76953125 0.16171875 0.0421875 0.13671875
3 0.3484375 0.89296875 0.04375 0.1140625
10 0.684375 0.15703125 0.0375 0.1484375
17 0.75078125 0.3453125 0.0296875 0.1078125
8 0.18359375 0.1203125 0.0765625 0.2359375
17 0.82890625 0.4828125 0.03359375 0.0796875
16 0.73359375 0.7359375 0.028125 0.0984375
17 0.32421875 0.59453125 0.05390625 0.1203125
18 0.815625 0.33671875 0.0203125 0.10078125