8 0.421875 0.3140625 0.05625 0.16640625
8 0.36640625 0.3171875 0.05 0.1609375
8 0.31875 0.3203125 0.0421875 0.1546875
22 0.66484375 0.7453125 0.0734375 0.15390625
0 0.6578125 0.53984375 0.071875 0.1890625
8 0.5375 0.31015625 0.05546875 0.178125
8 0.84140625 0.29296875 0.078125 0.203125
8 0.48046875 0.3125 0.05390625 0.1703125
8 0.60234375 0.3078125 0.06953125 0.1828125
8 0.76015625 0.2984375 0.0765625 0.1953125
8 0.39765625 0.51953125 0.05625 0.15703125
8 0.27421875 0.321875 0.0421875 0.15078125
22 0.74609375 0.759375 0.0796875 0.1578125
8 0.515625 0.53046875 0.06015625 0.16953125
22 0.83125 0.77421875 0.08359375 0.1609375
8 0.68046875 0.303125 0.07421875 0.1890625
2 0.8296875 0.55390625 0.08828125 0.203125
8 0.93125 0.2890625 0.0921875 0.209375
8 0.284375 0.51171875 0.05234375 0.14921875
8 0.2296875 0.325 0.0421875 0.14609375
8 0.45546875 0.5265625 0.05390625 0.15859375
8 0.33984375 0.5140625 0.05234375 0.153125
8 0.23359375 0.50546875 0.04375 0.1453125
2 0.92734375 0.559375 0.0984375 0.2125
8 0.18984375 0.5015625 0.04140625 0.1390625
0 0.58359375 0.5359375 0.06953125 0.1796875
10 0.10546875 0.328125 0.0359375 0.13671875
16 0.5953125 0.72890625 0.06015625 0.15
22 0.925 0.79140625 0.09453125 0.1671875
16 0.5375 0.7203125 0.0515625 0.14453125
8 0.13984375 0.4953125 0.05390625 0.140625
8 0.0875 0.49296875 0.04765625 0.1359375
10 0.18359375 0.3265625 0.04375 0.1390625
10 0.14296875 0.32734375 0.0359375 0.1375
0 0.73828125 0.546875 0.084375 0.196875
10 0.06875 0.33046875 0.034375 0.13046875
10 0.034375 0.33203125 0.03203125 0.125