17 0.39921875 0.38828125 0.06953125 0.140625
16 0.75859375 0.3765625 0.05859375 0.178125
5 0.1328125 0.38046875 0.0515625 0.15390625
16 0.69921875 0.3765625 0.05625 0.17578125
8 0.52890625 0.3953125 0.05 0.134375
16 0.9515625 0.37421875 0.06640625 0.18203125
16 0.82109375 0.37578125 0.06015625 0.17890625
17 0.46953125 0.3875 0.06171875 0.1390625
8 0.58203125 0.3953125 0.05234375 0.134375
16 0.640625 0.37734375 0.05625 0.17421875
5 0.18359375 0.3796875 0.05 0.1546875
16 0.88515625 0.37421875 0.0625 0.1796875
3 0.28125 0.38046875 0.05 0.15703125
5 0.23203125 0.38046875 0.04609375 0.15546875
16 0.99296875 0.375 0.0140625 0.18203125
3 0.334375 0.38046875 0.05234375 0.15859375