17 0.2078125 0.5046875 0.0921875 0.15546875
10 0.4765625 0.14140625 0.05625 0.20546875
8 0.3421875 0.14453125 0.06953125 0.22421875
10 0.534375 0.1390625 0.05390625 0.19921875
17 0.29765625 0.4890625 0.07421875 0.146875
10 0.596875 0.128125 0.06171875 0.2109375
4 0.4328125 0.79296875 0.04140625 0.13046875
10 0.66171875 0.1265625 0.06015625 0.20390625
8 0.775 0.125 0.05546875 0.18671875
4 0.3875 0.8109375 0.04609375 0.1328125
4 0.33828125 0.8296875 0.05 0.1359375
1 0.5625 0.421875 0.05234375 0.16171875
10 0.4125 0.14296875 0.0640625 0.2140625
17 0.14140625 0.703125 0.09765625 0.1484375
10 0.71953125 0.12578125 0.05 0.19296875
1 0.5015625 0.43671875 0.0625 0.1609375
3 0.79765625 0.51484375 0.034375 0.109375
8 0.16953125 0.1453125 0.1078125 0.2453125
17 0.371875 0.47578125 0.06796875 0.1421875
1 0.4375 0.44296875 0.05859375 0.17109375
4 0.2875 0.84921875 0.05 0.1390625
4 0.4734375 0.609375 0.05859375 0.1328125
8 0.26640625 0.1453125 0.078125 0.23203125
17 0.32265625 0.653125 0.07421875 0.1359375
4 0.5234375 0.596875 0.03828125 0.1265625
17 0.23984375 0.6765625 0.0859375 0.140625
2 0.84140625 0.36484375 0.05234375 0.1390625
1 0.6125 0.4078125 0.0421875 0.159375
2 0.79296875 0.371875 0.04140625 0.14296875
8 0.8296875 0.12421875 0.05 0.17890625
17 0.3984375 0.6328125 0.071875 0.12421875
8 0.88828125 0.1234375 0.06171875 0.175
0 0.65859375 0.396875 0.04609375 0.15390625
3 0.76015625 0.52578125 0.03359375 0.115625
4 0.56640625 0.5828125 0.0421875 0.125
0 0.70546875 0.390625 0.04375 0.1484375
17 0.23203125 0.88515625 0.06953125 0.128125
3 0.7265625 0.53359375 0.0296875 0.1140625
4 0.47578125 0.77421875 0.0421875 0.12578125
17 0.153125 0.9171875 0.0796875 0.12578125
2 0.75 0.38125 0.0421875 0.1453125