17 0.36640625 0.73203125 0.08828125 0.19140625
17 0.57578125 0.7328125 0.05390625 0.12890625
10 0.06640625 0.7453125 0.10625 0.2296875
19 0.68046875 0.72265625 0.05 0.1140625
8 0.16875 0.7421875 0.0875 0.21953125
8 0.77265625 0.51328125 0.0484375 0.140625
10 0.7234375 0.51328125 0.04609375 0.1390625
10 0.66953125 0.51171875 0.05390625 0.140625
17 0.51484375 0.73359375 0.06015625 0.1453125
4 0.83515625 0.6875 0.0375 0.1578125
18 0.4484375 0.73828125 0.06640625 0.153125
6 0.925 0.6828125 0.05625 0.146875
3 0.87578125 0.684375 0.04140625 0.1515625
18 0.62890625 0.7265625 0.05 0.12109375
5 0.79609375 0.6921875 0.03984375 0.159375
4 0.05390625 0.9671875 0.10234375 0.065625