11 0.828125 0.49609375 0.071875 0.203125
10 0.4390625 0.353125 0.034375 0.1421875
8 0.50703125 0.3875 0.0359375 0.140625
17 0.11328125 0.23125 0.021875 0.1
11 0.90546875 0.52578125 0.08203125 0.2078125
12 0.6890625 0.44375 0.0703125 0.1921875
10 0.58203125 0.41796875 0.03984375 0.14296875
10 0.40234375 0.3390625 0.034375 0.14296875
10 0.36640625 0.32578125 0.0359375 0.13671875
12 0.7578125 0.47421875 0.06640625 0.1828125
8 0.54375 0.40078125 0.0375 0.14296875
10 0.27421875 0.28828125 0.03046875 0.12890625
10 0.62734375 0.4328125 0.0515625 0.14609375
17 0.09296875 0.22421875 0.01796875 0.09609375
17 0.06953125 0.21953125 0.0265625 0.09140625
17 0.134375 0.240625 0.01953125 0.1078125
10 0.30625 0.29921875 0.028125 0.13359375
8 0.4734375 0.37421875 0.03203125 0.134375
10 0.33359375 0.3109375 0.02578125 0.1328125
17 0.153125 0.246875 0.01953125 0.11171875
17 0.040625 0.2046875 0.021875 0.06640625
8 0.2453125 0.2765625 0.0234375 0.1265625
17 0.1765625 0.25390625 0.021875 0.11171875
17 0.00859375 0.2 0.0171875 0.065625
8 0.19921875 0.2609375 0.0234375 0.1171875
8 0.22265625 0.26953125 0.0203125 0.1234375