17 0.40703125 0.36953125 0.06796875 0.140625
16 0.82265625 0.3546875 0.06015625 0.178125
16 0.8859375 0.3546875 0.06171875 0.17890625
16 0.76171875 0.35703125 0.0578125 0.1765625
16 0.70234375 0.35703125 0.05625 0.175
17 0.4765625 0.36796875 0.06171875 0.1390625
5 0.1953125 0.36171875 0.04765625 0.153125
8 0.53359375 0.375 0.05 0.1328125
16 0.9515625 0.3546875 0.065625 0.18046875
16 0.64453125 0.35703125 0.05625 0.171875
8 0.5875 0.37578125 0.0515625 0.134375
5 0.24296875 0.36171875 0.04453125 0.15390625
5 0.1453125 0.36171875 0.05234375 0.15078125
3 0.29140625 0.36171875 0.0484375 0.15546875
16 0.99296875 0.35546875 0.0125 0.178125
18 0.99375 0.7234375 0.0125 0.11796875
3 0.34453125 0.3609375 0.0515625 0.15703125