8 0.37734375 0.5140625 0.05859375 0.165625
8 0.26015625 0.5046875 0.05546875 0.15703125
8 0.8484375 0.28359375 0.08046875 0.20546875
8 0.4140625 0.303125 0.0578125 0.16953125
22 0.915625 0.7984375 0.0984375 0.178125
8 0.6828125 0.29140625 0.0765625 0.19453125
22 0.64609375 0.7515625 0.07578125 0.1625
22 0.73046875 0.76484375 0.08203125 0.16640625
8 0.76484375 0.2875 0.078125 0.2
8 0.60234375 0.2953125 0.071875 0.18828125
8 0.47421875 0.30078125 0.05625 0.178125
8 0.35546875 0.30546875 0.05234375 0.1640625
8 0.5015625 0.528125 0.06171875 0.1734375
2 0.92734375 0.55703125 0.1015625 0.2203125
16 0.575 0.734375 0.06171875 0.159375
8 0.31796875 0.5078125 0.05546875 0.159375
8 0.534375 0.29921875 0.0578125 0.1828125
2 0.8265625 0.5515625 0.09140625 0.209375
8 0.259375 0.3078125 0.04453125 0.1546875
8 0.4390625 0.5203125 0.05625 0.16640625
22 0.81953125 0.78125 0.0859375 0.17109375
8 0.93671875 0.28046875 0.0859375 0.21328125
8 0.30625 0.3078125 0.04375 0.16171875
0 0.571875 0.53046875 0.0703125 0.1875
0 0.64921875 0.5375 0.07578125 0.19453125
8 0.1609375 0.49453125 0.0421875 0.146875
8 0.1078125 0.4890625 0.05625 0.14453125
8 0.2125 0.31015625 0.04453125 0.15
16 0.515625 0.7265625 0.05390625 0.15390625
10 0.1640625 0.31171875 0.04453125 0.14609375
10 0.08203125 0.3140625 0.03828125 0.1375
8 0.20703125 0.50078125 0.04609375 0.15078125
8 0.053125 0.4859375 0.0484375 0.1421875
10 0.04375 0.315625 0.034375 0.13359375
10 0.12109375 0.31328125 0.0375 0.14140625
0 0.73359375 0.54453125 0.0859375 0.203125
10 0.0125 0.31640625 0.02421875 0.13046875
10 0.99140625 0.2796875 0.01640625 0.209375