18 0.48515625 0.35546875 0.05234375 0.1109375
17 0.68828125 0.3671875 0.04453125 0.09296875
2 0.7375 0.35546875 0.04609375 0.11640625
3 0.37734375 0.346875 0.0421875 0.128125
3 0.33359375 0.34609375 0.0421875 0.12890625
8 0.63203125 0.184375 0.04140625 0.10859375
13 0.3265625 0.509375 0.04609375 0.11796875
8 0.19921875 0.17578125 0.05625 0.121875
3 0.28828125 0.3453125 0.0421875 0.128125
3 0.24453125 0.34453125 0.0421875 0.128125
18 0.64140625 0.3671875 0.04453125 0.09453125
17 0.54140625 0.35703125 0.05234375 0.1109375
2 0.8359375 0.35546875 0.0484375 0.11640625
10 0.4125 0.1765625 0.05 0.1203125
8 0.4609375 0.18359375 0.04140625 0.1078125
18 0.59375 0.3671875 0.04609375 0.09296875
2 0.7859375 0.35546875 0.04609375 0.115625
10 0.8578125 0.184375 0.0421875 0.10859375
10 0.3609375 0.17578125 0.0484375 0.121875
8 0.58984375 0.184375 0.03984375 0.10859375
3 0.20078125 0.34453125 0.0421875 0.1265625
10 0.7234375 0.184375 0.04453125 0.1078125
10 0.30859375 0.17578125 0.05 0.12109375
10 0.25546875 0.175 0.05 0.12421875
8 0.54765625 0.18359375 0.03984375 0.10703125
8 0.67578125 0.184375 0.04375 0.10859375
8 0.5046875 0.184375 0.0421875 0.1078125
10 0.8140625 0.18515625 0.04140625 0.10859375
10 0.76953125 0.184375 0.04375 0.1078125
13 0.378125 0.509375 0.0515625 0.11953125
15 0.23828125 0.6703125 0.04765625 0.12890625
13 0.2734375 0.509375 0.05234375 0.12109375
3 0.16015625 0.3453125 0.0359375 0.12578125
14 0.590625 0.5078125 0.03984375 0.1203125
14 0.4671875 0.50703125 0.04140625 0.125
13 0.21484375 0.50859375 0.06015625 0.12109375
14 0.42578125 0.50703125 0.03984375 0.12421875
15 0.309375 0.671875 0.0421875 0.12421875
14 0.50859375 0.50703125 0.03828125 0.1234375
14 0.63125 0.5078125 0.03828125 0.1203125
14 0.54921875 0.5078125 0.03984375 0.12109375
15 0.19296875 0.67265625 0.0421875 0.121875