5 0.65234375 0.809375 0.04609375 0.1265625
3 0.45234375 0.878125 0.05390625 0.13828125
3 0.50625 0.86015625 0.05390625 0.134375
8 0.38671875 0.26796875 0.0859375 0.2046875
5 0.6984375 0.79375 0.04453125 0.125
1 0.61640625 0.253125 0.0640625 0.18671875
3 0.396875 0.896875 0.06015625 0.1390625
4 0.27890625 0.93203125 0.0640625 0.1359375
0 0.54609375 0.2578125 0.0703125 0.19453125
10 0.84609375 0.24375 0.04375 0.14921875
10 0.8890625 0.240625 0.03828125 0.1453125
3 0.55703125 0.840625 0.0484375 0.13046875
8 0.4703125 0.2625 0.07578125 0.20078125
10 0.19375 0.278125 0.1140625 0.228125
17 0.65625 0.4765625 0.05859375 0.128125
10 0.29765625 0.2734375 0.08984375 0.21640625
17 0.15859375 0.58046875 0.12578125 0.128125
2 0.74765625 0.24453125 0.05859375 0.17421875
17 0.303125 0.7390625 0.08828125 0.16328125
3 0.33671875 0.9140625 0.06015625 0.140625
2 0.6828125 0.2484375 0.06640625 0.18203125
5 0.60546875 0.825 0.04765625 0.1265625
17 0.20390625 0.76484375 0.1078125 0.1703125
10 0.80078125 0.246875 0.04375 0.1546875
10 0.97109375 0.234375 0.03984375 0.1375
17 0.390625 0.715625 0.08203125 0.15859375
17 0.534375 0.5109375 0.0625 0.10859375
10 0.07109375 0.28359375 0.128125 0.240625
10 0.93046875 0.23828125 0.03984375 0.140625
17 0.596875 0.49140625 0.05625 0.12421875
4 0.209375 0.94140625 0.078125 0.1171875
16 0.85390625 0.5921875 0.03984375 0.12890625
16 0.8125 0.60078125 0.0421875 0.13046875
16 0.89296875 0.58125 0.0375 0.1265625
16 0.46328125 0.690625 0.06640625 0.15390625
16 0.7265625 0.62421875 0.04609375 0.1375
16 0.7703125 0.6125 0.04140625 0.1359375
16 0.678125 0.63671875 0.0484375 0.14140625
16 0.57890625 0.6640625 0.05625 0.1515625
16 0.928125 0.5734375 0.034375 0.1265625
16 0.63125 0.64765625 0.04609375 0.146875
16 0.5234375 0.67734375 0.05546875 0.153125
23 0.89375 0.728125 0.03828125 0.10703125