10 0.309375 0.4953125 0.05546875 0.165625
8 0.18359375 0.28828125 0.05859375 0.184375
8 0.11953125 0.2890625 0.06640625 0.19296875
8 0.34453125 0.284375 0.04609375 0.15859375
10 0.25078125 0.50859375 0.0625 0.175
10 0.103125 0.54140625 0.09765625 0.196875
0 0.740625 0.38984375 0.0203125 0.09921875
10 0.40703125 0.471875 0.04453125 0.1484375
8 0.29453125 0.284375 0.05234375 0.1671875
8 0.240625 0.2859375 0.05390625 0.171875
10 0.3609375 0.48359375 0.04609375 0.1578125
8 0.38828125 0.28203125 0.04140625 0.15
8 0.42890625 0.28046875 0.0375 0.1453125
8 0.56953125 0.43203125 0.028125 0.125
8 0.53359375 0.27578125 0.0296875 0.12890625
8 0.46640625 0.27890625 0.034375 0.1375
10 0.45234375 0.4671875 0.0421875 0.1328125
8 0.04375 0.2921875 0.084375 0.2015625
10 0.1859375 0.52578125 0.06953125 0.18671875
8 0.64765625 0.41171875 0.0359375 0.11328125
2 0.640625 0.2703125 0.02578125 0.1125
8 0.6 0.425 0.0296875 0.121875
8 0.5015625 0.27734375 0.03203125 0.1328125
2 0.6125 0.27265625 0.0265625 0.1171875
8 0.5375 0.440625 0.03203125 0.13046875
2 0.66484375 0.2703125 0.0203125 0.109375
8 0.49765625 0.46015625 0.04375 0.1140625
0 0.71953125 0.39609375 0.01953125 0.1
8 0.67734375 0.40546875 0.021875 0.10859375
8 0.5609375 0.275 0.0234375 0.125
4 0.43359375 0.94921875 0.04453125 0.09921875
0 0.76015625 0.3859375 0.01640625 0.0953125
0 0.7 0.26953125 0.03203125 0.10078125
3 0.49453125 0.90390625 0.028125 0.0859375
0 0.69921875 0.4015625 0.01953125 0.1046875
0 0.728125 0.26875 0.021875 0.096875
8 0.58515625 0.27265625 0.02578125 0.1234375
17 0.8109375 0.37578125 0.01640625 0.0859375
5 0.4671875 0.92265625 0.02421875 0.096875
1 0.77734375 0.38203125 0.01640625 0.0921875
18 0.82890625 0.371875 0.015625 0.08046875
23 0.77578125 0.59453125 0.0203125 0.08671875
16 0.75078125 0.60625 0.0265625 0.08046875
2 0.74921875 0.2671875 0.01953125 0.09296875
18 0.79453125 0.378125 0.015625 0.0890625
24 0.8109375 0.2640625 0.01953125 0.08671875
4 0.81875 0.5703125 0.021875 0.075
24 0.76953125 0.265625 0.01953125 0.09140625