8 0.4265625 0.11640625 0.06640625 0.19609375
8 0.35390625 0.11171875 0.0734375 0.2125
4 0.43046875 0.834375 0.04140625 0.10546875
8 0.2765625 0.11015625 0.078125 0.21953125
2 0.51015625 0.33671875 0.05234375 0.16171875
8 0.54921875 0.115625 0.05234375 0.184375
5 0.29765625 0.88671875 0.04765625 0.10703125
8 0.603125 0.1171875 0.05 0.178125
3 0.34453125 0.8671875 0.04609375 0.10859375
3 0.38828125 0.8515625 0.04140625 0.1078125
5 0.24453125 0.9046875 0.05546875 0.1046875
1 0.259375 0.36796875 0.06953125 0.184375
10 0.73125 0.128125 0.034375 0.14453125
2 0.6921875 0.3203125 0.034375 0.12578125
1 0.33046875 0.359375 0.06640625 0.1796875
8 0.4921875 0.11953125 0.0578125 0.18359375
2 0.45546875 0.34296875 0.05546875 0.16640625
2 0.6125 0.328125 0.0421875 0.13828125
2 0.39453125 0.35078125 0.06015625 0.1703125
8 0.8515625 0.1265625 0.0296875 0.13203125
8 0.81953125 0.1265625 0.03203125 0.134375
10 0.6515625 0.1265625 0.0421875 0.153125
2 0.6546875 0.3234375 0.03828125 0.13203125
17 0.8015625 0.3078125 0.03828125 0.1046875
1 0.17734375 0.378125 0.08984375 0.19296875
8 0.88359375 0.1265625 0.03203125 0.128125
0 0.5640625 0.32890625 0.0515625 0.153125
8 0.78046875 0.1265625 0.0421875 0.1390625
10 0.69453125 0.1265625 0.0375 0.1484375
4 0.46953125 0.81875 0.03359375 0.1015625
17 0.765625 0.31328125 0.0296875 0.109375
8 0.19765625 0.1125 0.0734375 0.225
18 0.73046875 0.31796875 0.0375 0.11328125