3 0.40390625 0.346875 0.0421875 0.12890625
3 0.36015625 0.34609375 0.04140625 0.1296875
18 0.66796875 0.36953125 0.04453125 0.0953125
8 0.70703125 0.1859375 0.04375 0.1109375
18 0.61953125 0.36953125 0.04453125 0.09453125
18 0.51015625 0.35703125 0.05390625 0.1109375
2 0.86484375 0.359375 0.05 0.1171875
8 0.2328125 0.175 0.05546875 0.12109375
10 0.3390625 0.17578125 0.05 0.121875
3 0.271875 0.34375 0.04140625 0.128125
3 0.31640625 0.34375 0.0421875 0.12890625
8 0.49140625 0.18515625 0.03984375 0.10703125
8 0.61953125 0.184375 0.04140625 0.109375
10 0.84609375 0.18671875 0.04140625 0.10859375
10 0.39140625 0.1765625 0.0484375 0.12109375
17 0.715625 0.3703125 0.04453125 0.0953125
8 0.534375 0.18515625 0.0421875 0.10859375
8 0.57734375 0.184375 0.03984375 0.1078125
13 0.3484375 0.5109375 0.04609375 0.1171875
10 0.2875 0.17421875 0.0484375 0.1234375
17 0.5671875 0.3578125 0.05390625 0.11171875
8 0.6625 0.1859375 0.04140625 0.10859375
2 0.8140625 0.359375 0.04765625 0.11796875
10 0.890625 0.1875 0.04375 0.109375
10 0.75390625 0.18671875 0.04453125 0.10859375
2 0.76484375 0.359375 0.04765625 0.11796875
10 0.8015625 0.18671875 0.04375 0.10859375
10 0.44375 0.178125 0.0484375 0.11796875
13 0.4 0.51171875 0.0515625 0.11796875
3 0.22890625 0.34296875 0.0421875 0.12578125
15 0.2578125 0.67265625 0.04765625 0.128125
14 0.61328125 0.5125 0.03984375 0.1234375
13 0.296875 0.509375 0.0515625 0.1203125
3 0.1890625 0.34375 0.034375 0.125
14 0.4890625 0.509375 0.03984375 0.12578125
15 0.32890625 0.67421875 0.04140625 0.1265625
14 0.53046875 0.5109375 0.03984375 0.125
15 0.37109375 0.67578125 0.04140625 0.125
14 0.6546875 0.51328125 0.03984375 0.1234375
14 0.4484375 0.509375 0.03984375 0.12421875
15 0.21171875 0.67421875 0.0421875 0.121875