8 0.2015625 0.19453125 0.04765625 0.17421875
17 0.13046875 0.37890625 0.04765625 0.1296875
2 0.5265625 0.17109375 0.08046875 0.2203125
0 0.31640625 0.1859375 0.06171875 0.18828125
2 0.45 0.175 0.06796875 0.209375
10 0.6015625 0.17578125 0.0625 0.203125
16 0.8515625 0.6578125 0.0859375 0.1640625
16 0.9234375 0.45703125 0.09453125 0.1703125
1 0.38046875 0.18125 0.065625 0.1984375
10 0.91640625 0.1546875 0.09140625 0.24296875
10 0.7453125 0.1671875 0.07578125 0.2171875
17 0.4484375 0.4203125 0.05625 0.1296875
8 0.2546875 0.190625 0.05625 0.18203125
10 0.15390625 0.196875 0.04453125 0.16640625
23 0.6609375 0.7953125 0.05390625 0.1203125
10 0.82734375 0.1609375 0.08046875 0.22890625
17 0.2140625 0.5375 0.0421875 0.11640625
23 0.7765625 0.83046875 0.0625 0.13203125
17 0.3921875 0.41484375 0.0515625 0.12578125
17 0.340625 0.4109375 0.04765625 0.12109375
16 0.70546875 0.63359375 0.0625 0.1609375
17 0.2609375 0.5453125 0.04453125 0.1203125
10 0.66953125 0.1734375 0.06796875 0.20703125
23 0.71640625 0.81328125 0.05390625 0.1234375
16 0.7734375 0.646875 0.06796875 0.1640625
10 0.10546875 0.196875 0.0484375 0.165625
16 0.64375 0.62109375 0.0578125 0.15390625
16 0.5875 0.61171875 0.0515625 0.15
23 0.8453125 0.84765625 0.0734375 0.13359375
17 0.16875 0.53046875 0.04375 0.11171875
23 0.60546875 0.78046875 0.05234375 0.1203125
16 0.8328125 0.4546875 0.0796875 0.159375
5 0.5046875 0.7515625 0.04609375 0.1171875
16 0.74921875 0.453125 0.0796875 0.14453125
10 0.0546875 0.19921875 0.05 0.1625
16 0.3921875 0.5703125 0.04375 0.13203125
16 0.3078125 0.553125 0.04375 0.121875