10 0.2046875 0.4671875 0.06640625 0.184375
10 0.4265625 0.41796875 0.04609375 0.15
8 0.5921875 0.38046875 0.03046875 0.12890625
8 0.059375 0.23203125 0.08984375 0.2046875
10 0.26953125 0.453125 0.06171875 0.171875
10 0.1234375 0.4828125 0.09375 0.19296875
8 0.26015625 0.228125 0.05390625 0.17890625
8 0.31484375 0.2265625 0.05234375 0.1703125
8 0.453125 0.2234375 0.0375 0.15
8 0.4125 0.22421875 0.0421875 0.15859375
0 0.7703125 0.340625 0.021875 0.10078125
8 0.2015625 0.2296875 0.06015625 0.1859375
10 0.37890625 0.428125 0.04609375 0.15546875
8 0.52734375 0.2203125 0.03359375 0.1375
8 0.49140625 0.22109375 0.0359375 0.14296875
2 0.7 0.2140625 0.0234375 0.1140625
8 0.55859375 0.3890625 0.03359375 0.1328125
8 0.62421875 0.37421875 0.03046875 0.1234375
8 0.56171875 0.21796875 0.03046875 0.1328125
8 0.365625 0.225 0.04765625 0.1625
10 0.32734375 0.43984375 0.05546875 0.1640625
8 0.70546875 0.3546875 0.0234375 0.109375
8 0.1375 0.23046875 0.06640625 0.19921875
2 0.64453125 0.2171875 0.0296875 0.121875
2 0.6734375 0.215625 0.0265625 0.11796875
8 0.590625 0.21796875 0.0265625 0.1296875
8 0.51796875 0.4109375 0.04453125 0.11171875
8 0.675 0.3609375 0.0359375 0.11640625
0 0.79140625 0.3359375 0.01796875 0.0984375
4 0.43828125 0.878125 0.04375 0.0984375
8 0.61640625 0.21796875 0.02421875 0.1265625
10 0.471875 0.415625 0.0421875 0.13046875
3 0.5 0.834375 0.028125 0.0875
0 0.74921875 0.3453125 0.01953125 0.103125
0 0.765625 0.21171875 0.02421875 0.103125
1 0.8109375 0.3328125 0.01640625 0.09609375
0 0.72890625 0.35078125 0.01953125 0.10703125
5 0.47265625 0.85546875 0.02421875 0.09140625
0 0.73359375 0.2140625 0.03828125 0.10859375
17 0.84453125 0.3265625 0.01796875 0.0875
2 0.7890625 0.21171875 0.021875 0.1
16 0.70859375 0.47734375 0.0375 0.09609375
18 0.82734375 0.3296875 0.015625 0.0921875
3 0.528125 0.81953125 0.02578125 0.0828125
18 0.86328125 0.3234375 0.01640625 0.084375
24 0.81015625 0.2109375 0.01796875 0.09609375