10 0.703125 0.2171875 0.05234375 0.1625
17 0.434375 0.53828125 0.0734375 0.1484375
17 0.35390625 0.5578125 0.08203125 0.15078125
17 0.6609375 0.4671875 0.0625 0.15703125
17 0.58359375 0.48203125 0.08046875 0.1578125
10 0.6484375 0.2265625 0.0515625 0.16953125
8 0.47109375 0.2625 0.0640625 0.1859375
8 0.40390625 0.27421875 0.0703125 0.18671875
10 0.28984375 0.30078125 0.06640625 0.17578125
0 0.75703125 0.21171875 0.0484375 0.14609375
8 0.53515625 0.25 0.0625 0.18203125
10 0.34609375 0.2921875 0.0484375 0.16953125
0 0.84375 0.196875 0.0375 0.140625
10 0.5953125 0.23671875 0.05390625 0.17578125
8 0.21953125 0.31796875 0.0734375 0.175
8 0.07109375 0.34296875 0.0921875 0.18359375
0 0.80390625 0.2046875 0.04140625 0.14296875
17 0.5078125 0.51796875 0.065625 0.14609375
8 0.1515625 0.3296875 0.0703125 0.18046875
0 0.88046875 0.19140625 0.03359375 0.1375
17 0.8125 0.434375 0.0421875 0.1109375
17 0.89453125 0.41484375 0.03984375 0.09296875
17 0.8546875 0.421875 0.0359375 0.10703125
0 0.91640625 0.1828125 0.0359375 0.1359375
17 0.9375 0.40234375 0.03828125 0.0921875