8 0.40546875 0.21328125 0.0703125 0.1921875
10 0.2515625 0.21328125 0.0796875 0.20546875
4 0.1875 0.6796875 0.0625 0.15859375
18 0.15625 0.46015625 0.09375 0.17421875
10 0.33046875 0.2125 0.0703125 0.1984375
16 0.41484375 0.6265625 0.0578125 0.1453125
8 0.59921875 0.21171875 0.05625 0.17109375
1 0.65859375 0.21015625 0.05390625 0.1640625
8 0.47578125 0.21328125 0.065625 0.18671875
24 0.4796875 0.42578125 0.05625 0.1421875
18 0.2484375 0.44921875 0.08203125 0.1640625
2 0.81171875 0.20859375 0.04453125 0.1515625
1 0.7125 0.209375 0.05 0.15859375
4 0.25 0.6640625 0.0578125 0.159375
8 0.53984375 0.21328125 0.05546875 0.17890625
10 0.06953125 0.21484375 0.09609375 0.22109375
24 0.53828125 0.41796875 0.05546875 0.1375
3 0.30546875 0.64296875 0.05234375 0.1703125
1 0.76328125 0.20859375 0.04765625 0.1546875
10 0.1640625 0.2140625 0.0859375 0.21328125
2 0.853125 0.2078125 0.0375 0.1484375
3 0.3578125 0.63671875 0.05 0.15859375
24 0.59609375 0.4125 0.0515625 0.134375
0 0.89453125 0.2078125 0.0421875 0.14296875
17 0.33359375 0.45 0.078125 0.13359375
24 0.65 0.40546875 0.05 0.13203125
17 0.4125 0.43671875 0.0703125 0.14296875
16 0.46875 0.61953125 0.04453125 0.14140625
24 0.7015625 0.40078125 0.04609375 0.12890625
8 0.7296875 0.04296875 0.04375 0.0859375
0 0.0921875 0.0203125 0.11875 0.040625