0 0.77109375 0.50390625 0.05390625 0.1734375
0 0.89453125 0.53046875 0.0703125 0.1921875
2 0.40390625 0.415625 0.028125 0.12890625
2 0.5203125 0.4484375 0.034375 0.13203125
0 0.96484375 0.54609375 0.0703125 0.2046875
2 0.3765625 0.409375 0.0234375 0.121875
0 0.828125 0.51640625 0.06171875 0.1828125
2 0.5984375 0.46015625 0.05 0.1484375
2 0.55546875 0.453125 0.034375 0.140625
0 0.71328125 0.49140625 0.06015625 0.165625
1 0.43359375 0.42421875 0.028125 0.13671875
17 0.2875 0.4 0.01796875 0.08359375
17 0.26953125 0.39609375 0.015625 0.08046875
0 0.35234375 0.4046875 0.021875 0.1171875
17 0.2171875 0.375 0.01640625 0.09140625
17 0.23671875 0.37890625 0.01796875 0.09453125
1 0.46015625 0.42734375 0.021875 0.140625
17 0.30546875 0.40390625 0.01640625 0.0875
17 0.253125 0.390625 0.0140625 0.08046875
0 0.32734375 0.40234375 0.02421875 0.10390625
18 0.4890625 0.8359375 0.0265625 0.15703125
17 0.19921875 0.3703125 0.01796875 0.08671875
8 0.04453125 0.3390625 0.01171875 0.05859375