8 0.25703125 0.19140625 0.071875 0.19453125
17 0.35546875 0.4578125 0.0765625 0.1609375
17 0.4375 0.44921875 0.07578125 0.15703125
8 0.52734375 0.165625 0.0640625 0.196875
10 0.33359375 0.18359375 0.06640625 0.18828125
8 0.09921875 0.20078125 0.08828125 0.203125
8 0.59453125 0.16171875 0.0625 0.19453125
10 0.76796875 0.14921875 0.05234375 0.1734375
10 0.65625 0.15625 0.05390625 0.1875
17 0.5953125 0.4109375 0.08046875 0.16328125
10 0.39375 0.18046875 0.0484375 0.184375
17 0.8328125 0.3890625 0.04609375 0.109375
8 0.45625 0.1703125 0.071875 0.203125
10 0.7125 0.15234375 0.05234375 0.18203125
0 0.8234375 0.15390625 0.05 0.15546875
8 0.1828125 0.19453125 0.071875 0.19921875
17 0.67578125 0.4046875 0.06796875 0.15859375
0 0.9828125 0.14453125 0.034375 0.1421875
0 0.8703125 0.15078125 0.04140625 0.1515625
0 0.9109375 0.1484375 0.0375 0.146875
0 0.9484375 0.14609375 0.034375 0.14453125
17 0.51640625 0.43828125 0.06640625 0.1515625
17 0.91640625 0.3796875 0.03984375 0.0921875
17 0.8765625 0.38046875 0.0375 0.10390625
17 0.959375 0.3734375 0.04140625 0.0890625
8 0.93515625 0.96796875 0.1296875 0.0640625