6 0.97265625 0.49453125 0.04765625 0.109375
11 0.7703125 0.4890625 0.05546875 0.109375
6 0.8796875 0.4921875 0.05234375 0.109375
10 0.034375 0.48125 0.034375 0.08828125
8 0.63984375 0.4984375 0.034375 0.084375
8 0.43984375 0.4890625 0.04453125 0.0921875
8 0.7125 0.49921875 0.0375 0.0859375
11 0.825 0.48984375 0.05 0.109375
8 0.50078125 0.49375 0.03046875 0.0828125
8 0.67578125 0.49921875 0.03359375 0.084375
8 0.35859375 0.48828125 0.0375 0.09140625
8 0.5328125 0.496875 0.03203125 0.0828125
8 0.603125 0.4984375 0.034375 0.08359375
8 0.31875 0.48828125 0.03828125 0.09140625
8 0.39765625 0.4890625 0.0375 0.0921875
8 0.27890625 0.4875 0.03828125 0.090625
10 0.10859375 0.484375 0.03359375 0.0890625
10 0.2109375 0.490625 0.0296875 0.08046875
8 0.5671875 0.49765625 0.03359375 0.08203125
10 0.071875 0.4828125 0.0359375 0.08828125
10 0.0078125 0.48046875 0.015625 0.0890625
10 0.17890625 0.48984375 0.03046875 0.08203125
10 0.14453125 0.48515625 0.034375 0.0890625
10 0.2421875 0.490625 0.03203125 0.08203125
6 0.9265625 0.49296875 0.0421875 0.1109375