2 0.5953125 0.66015625 0.0390625 0.19765625
2 0.6375 0.6578125 0.04296875 0.19453125
8 0.4734375 0.3328125 0.05390625 0.2234375
2 0.6828125 0.6578125 0.0421875 0.190625
13 0.22734375 0.3203125 0.06953125 0.26171875
8 0.41796875 0.33203125 0.05234375 0.22734375
8 0.52421875 0.34296875 0.04140625 0.20234375
11 0.2953125 0.321875 0.06171875 0.25390625
12 0.3640625 0.65703125 0.05703125 0.24296875
11 0.359375 0.3234375 0.0609375 0.246875
12 0.30546875 0.6578125 0.05703125 0.24609375
2 0.66796875 0.33125 0.05234375 0.22109375
8 0.5671875 0.3421875 0.0421875 0.20234375
1 0.72109375 0.33046875 0.05 0.2171875
10 0.46875 0.68203125 0.0421875 0.1765625
10 0.51328125 0.6765625 0.04140625 0.17890625
10 0.5546875 0.6671875 0.03828125 0.18984375
0 0.61484375 0.3328125 0.05078125 0.22109375
10 0.4203125 0.68359375 0.05 0.18203125
3 0.8109375 0.6265625 0.03984375 0.2296875
2 0.72578125 0.65546875 0.04140625 0.18984375
3 0.853125 0.62578125 0.04140625 0.22578125
3 0.76875 0.63046875 0.0421875 0.23125
5 0.81953125 0.31796875 0.04296875 0.2390625
5 0.86171875 0.31796875 0.03984375 0.23671875
13 0.14921875 0.32109375 0.08125 0.265625
5 0.771875 0.3203125 0.04765625 0.23828125