1 0.2921875 0.32109375 0.04609375 0.11953125
2 0.415625 0.51484375 0.05390625 0.1578125
2 0.34140625 0.32421875 0.0484375 0.11640625
0 0.5140625 0.503125 0.04296875 0.14296875
8 0.60625 0.49140625 0.04296875 0.13359375
0 0.46796875 0.50859375 0.04609375 0.15078125
0 0.51875 0.3328125 0.034375 0.10234375
1 0.2296875 0.53359375 0.06796875 0.17734375
2 0.38984375 0.32578125 0.046875 0.1140625
0 0.4796875 0.33125 0.0421875 0.1046875
10 0.65078125 0.34296875 0.0234375 0.08984375
11 0.7140625 0.48046875 0.034375 0.1265625
2 0.4359375 0.328125 0.04296875 0.1109375
8 0.559375 0.49765625 0.04609375 0.1390625
17 0.7703125 0.34765625 0.02890625 0.084375
18 0.70625 0.3453125 0.03125 0.0859375
1 0.2953125 0.5265625 0.05859375 0.16796875
17 0.846875 0.47265625 0.0296875 0.10390625
12 0.78203125 0.47421875 0.0328125 0.11953125
10 0.6796875 0.48671875 0.03125 0.1234375
10 0.64609375 0.4890625 0.0328125 0.12734375
11 0.7484375 0.47734375 0.0328125 0.1265625
17 0.81484375 0.47578125 0.03125 0.1078125
2 0.3578125 0.52109375 0.06015625 0.16796875
18 0.7390625 0.346875 0.0296875 0.08515625
8 0.6234375 0.34140625 0.03125 0.09296875
0 0.55390625 0.33515625 0.03125 0.1
17 0.8 0.3484375 0.02734375 0.08359375
8 0.58828125 0.33828125 0.03515625 0.096875
17 0.88046875 0.35703125 0.025 0.06796875
1 0.24140625 0.31796875 0.05078125 0.1234375
4 0.77578125 0.6140625 0.025 0.103125
4 0.80078125 0.60703125 0.02109375 0.09921875
10 0.6765625 0.34375 0.025 0.0875
4 0.821875 0.60390625 0.01953125 0.09609375
3 0.66328125 0.63515625 0.0296875 0.11875
4 0.75 0.61796875 0.02578125 0.10625
17 0.86015625 0.35546875 0.0140625 0.06953125
3 0.63359375 0.640625 0.02734375 0.11953125
3 0.69375 0.63046875 0.02890625 0.1125
3 0.721875 0.62265625 0.025 0.10859375
17 0.82265625 0.353125 0.0171875 0.07421875