16 0.36953125 0.79921875 0.04453125 0.12734375
17 0.40625 0.4515625 0.0640625 0.12734375
2 0.76171875 0.16640625 0.05390625 0.1265625
12 0.16171875 0.2859375 0.05625 0.1421875
19 0.4671875 0.4625 0.05078125 0.10390625
18 0.665625 0.4609375 0.04296875 0.09765625
24 0.24296875 0.6578125 0.06171875 0.121875
16 0.17421875 0.825 0.05 0.14140625
16 0.27421875 0.81015625 0.05 0.13203125
24 0.30703125 0.6546875 0.05859375 0.121875
17 0.75625 0.4609375 0.0390625 0.0953125
10 0.84140625 0.315625 0.034375 0.11171875
24 0.17734375 0.6609375 0.06015625 0.1234375
16 0.2234375 0.81640625 0.046875 0.1375
18 0.1875 0.4515625 0.0703125 0.1359375
17 0.26171875 0.45078125 0.0703125 0.134375
2 0.5859375 0.153125 0.0625 0.13828125
8 0.67421875 0.31015625 0.04296875 0.11796875
2 0.646875 0.1578125 0.0546875 0.134375
16 0.46015625 0.79296875 0.04453125 0.12578125
10 0.3421875 0.29453125 0.05390625 0.13515625
9 0.45703125 0.2984375 0.05625 0.13203125
10 0.28203125 0.29140625 0.0578125 0.1359375
2 0.92890625 0.1859375 0.04453125 0.11484375
8 0.7609375 0.31328125 0.0421875 0.1140625
10 0.22109375 0.28984375 0.05625 0.13828125
0 0.8515625 0.178125 0.03828125 0.11796875
18 0.1140625 0.4515625 0.06640625 0.1390625
8 0.80390625 0.31484375 0.0390625 0.1140625
17 0.33515625 0.4515625 0.06953125 0.13125
6 0.509375 0.14609375 0.0734375 0.14140625
2 0.70546875 0.16171875 0.05625 0.13046875
17 0.8 0.4609375 0.04296875 0.09296875
18 0.7125 0.4609375 0.04296875 0.09609375
0 0.8109375 0.17421875 0.040625 0.11796875
16 0.41484375 0.796875 0.04296875 0.128125
12 0.10234375 0.28515625 0.0578125 0.14375
6 0.4390625 0.140625 0.06171875 0.1421875
8 0.71796875 0.31171875 0.040625 0.115625
9 0.5140625 0.3015625 0.05234375 0.13046875
10 0.91953125 0.31875 0.040625 0.10859375
24 0.53828125 0.64921875 0.05 0.09375
24 0.11796875 0.6671875 0.05 0.12734375
17 0.8453125 0.465625 0.040625 0.08359375
24 0.640625 0.6453125 0.046875 0.09140625
24 0.42734375 0.646875 0.05234375 0.11640625
24 0.590625 0.64765625 0.046875 0.09296875
24 0.36796875 0.64765625 0.05625 0.1234375
24 0.4828125 0.65078125 0.05078125 0.10078125
17 0.8859375 0.465625 0.03828125 0.08046875
9 0.39921875 0.296875 0.05390625 0.13359375
10 0.878125 0.31796875 0.03828125 0.1109375
2 0.8890625 0.18203125 0.034375 0.115625
24 0.68984375 0.6421875 0.0421875 0.08984375
16 0.5078125 0.78671875 0.04609375 0.12578125
16 0.1234375 0.83125 0.04609375 0.146875
9 0.6234375 0.30703125 0.05234375 0.12421875
9 0.56875 0.30390625 0.05234375 0.128125
24 0.734375 0.6390625 0.04296875 0.08828125
22 0.79140625 0.62734375 0.05234375 0.10859375
13 0.2 0.12109375 0.08515625 0.153125
13 0.28671875 0.128125 0.078125 0.15
22 0.84609375 0.62734375 0.05234375 0.10390625
21 0.51953125 0.4625 0.046875 0.10234375
24 0.00625 0.55859375 0.0125 0.1703125
16 0.32265625 0.80546875 0.04609375 0.13125
13 0.3671875 0.134375 0.07421875 0.14609375