11 0.70390625 0.684375 0.0546875 0.134375
17 0.28203125 0.5359375 0.10078125 0.18046875
11 0.64609375 0.6921875 0.0578125 0.13984375
9 0.60859375 0.17109375 0.0546875 0.1625
8 0.2703125 0.115625 0.07734375 0.1921875
24 0.64140625 0.53984375 0.046875 0.11015625
13 0.3953125 0.7265625 0.06796875 0.1578125
24 0.5328125 0.54609375 0.05390625 0.11796875
24 0.8234375 0.5296875 0.03671875 0.1
8 0.76484375 0.2 0.03828125 0.1359375
8 0.421875 0.14140625 0.0640625 0.18125
9 0.71875 0.18671875 0.05 0.15078125
17 0.15078125 0.51796875 0.0890625 0.14609375
24 0.5890625 0.54296875 0.05078125 0.1125
8 0.803125 0.20625 0.03515625 0.13046875
11 0.75703125 0.67734375 0.04609375 0.13125
17 0.3125 0.34140625 0.0703125 0.1421875
16 0.5953125 0.8609375 0.04609375 0.13046875
17 0.7015625 0.353125 0.0546875 0.13203125
8 0.83828125 0.21171875 0.034375 0.128125
17 0.1515625 0.34296875 0.08125 0.13203125
17 0.759375 0.35546875 0.0546875 0.128125
24 0.734375 0.53515625 0.04296875 0.10625
16 0.27421875 0.9296875 0.0578125 0.13984375
12 0.46640625 0.7171875 0.06640625 0.153125
17 0.38359375 0.3453125 0.065625 0.1375
24 0.78046875 0.5328125 0.04453125 0.103125
24 0.68984375 0.5375 0.04296875 0.10703125
17 0.234375 0.34453125 0.07421875 0.13046875
17 0.859375 0.359375 0.046875 0.121875
24 0.8484375 0.66484375 0.03671875 0.11484375
12 0.5875 0.69921875 0.0546875 0.1453125
24 0.8609375 0.528125 0.03515625 0.09765625
17 0.91015625 0.3609375 0.05 0.11640625
8 0.35 0.128125 0.071875 0.18828125
16 0.44140625 0.89609375 0.05390625 0.1390625
10 0.55 0.1625 0.0578125 0.16796875
12 0.53125 0.7078125 0.05390625 0.14765625
16 0.38671875 0.90859375 0.05234375 0.14140625
4 0.86796875 0.7984375 0.0296875 0.10625
17 0.8109375 0.35703125 0.04453125 0.12421875
16 0.2109375 0.93984375 0.065625 0.11953125
16 0.4953125 0.8828125 0.05078125 0.13359375
16 0.14140625 0.953125 0.06953125 0.09296875
9 0.665625 0.1796875 0.05390625 0.153125
24 0.9015625 0.52578125 0.0421875 0.09609375
10 0.8734375 0.21796875 0.0328125 0.12265625
10 0.475 0.15703125 0.0421875 0.15859375
16 0.33203125 0.92265625 0.0546875 0.15
24 0.88828125 0.65859375 0.040625 0.1109375
16 0.546875 0.87109375 0.05 0.13125
24 0.80546875 0.671875 0.04609375 0.11640625
10 0.9 0.221875 0.021875 0.11796875
16 0.6734375 0.9671875 0.05 0.065625
4 0.83515625 0.80625 0.0328125 0.11171875