18 0.82421875 0.4890625 0.01953125 0.0859375
10 0.6765625 0.48359375 0.021875 0.10625
17 0.7828125 0.48828125 0.0203125 0.08984375
8 0.603125 0.484375 0.0265625 0.10859375
10 0.44921875 0.48671875 0.03359375 0.11484375
2 0.378125 0.48359375 0.03203125 0.1265625
18 0.84375 0.4890625 0.01875 0.0859375
17 0.80390625 0.4890625 0.01953125 0.0875
8 0.5453125 0.48515625 0.03203125 0.1125
18 0.8640625 0.4890625 0.01953125 0.08359375
10 0.48203125 0.48671875 0.028125 0.1109375
8 0.6984375 0.484375 0.0203125 0.1046875
18 0.953125 0.48203125 0.021875 0.09296875
17 0.8859375 0.4828125 0.0234375 0.09375
8 0.57578125 0.48515625 0.02578125 0.11015625
10 0.653125 0.4828125 0.02265625 0.10703125
13 0.17890625 0.4859375 0.0421875 0.13984375
8 0.7375 0.484375 0.01953125 0.09921875
8 0.71796875 0.484375 0.01796875 0.10234375
10 0.6296875 0.4828125 0.0234375 0.11015625
17 0.93125 0.48125 0.021875 0.0953125
2 0.41328125 0.48515625 0.034375 0.121875
13 0.13046875 0.4859375 0.04765625 0.1421875
17 0.90859375 0.48125 0.0203125 0.0953125
10 0.5125 0.4859375 0.0296875 0.1109375
17 0.76015625 0.4875 0.0234375 0.09140625
2 0.34140625 0.48359375 0.0390625 0.13046875
18 0.97578125 0.48203125 0.0203125 0.09140625
13 0.22421875 0.4859375 0.04375 0.13828125
18 0.99296875 0.48515625 0.0125 0.0953125
10 0.51875 0.878125 0.0203125 0.1765625
18 0.296875 0.9125 0.05 0.175
12 0.54375 0.87109375 0.0265625 0.175
13 0.26640625 0.48515625 0.0359375 0.1375
11 0.35390625 0.9109375 0.03828125 0.175
10 0.4953125 0.884375 0.02421875 0.178125