17 0.4125 0.51171875 0.0234375 0.11015625
17 0.61015625 0.4859375 0.046875 0.1578125
10 0.184375 0.52578125 0.015625 0.0859375
17 0.3875 0.5140625 0.02578125 0.10703125
18 0.4375 0.51015625 0.0234375 0.1140625
17 0.5640625 0.49375 0.03984375 0.14375
18 0.4625 0.50859375 0.0265625 0.11640625
17 0.52421875 0.49921875 0.03515625 0.13359375
8 0.30625 0.51328125 0.01875 0.10703125
18 0.659375 0.48046875 0.04765625 0.16875
8 0.32578125 0.5125 0.01875 0.11015625
18 0.49140625 0.50625 0.028125 0.121875
10 0.26875 0.5171875 0.015625 0.10234375
18 0.77578125 0.47265625 0.06171875 0.1828125
8 0.2265625 0.52265625 0.01796875 0.09140625
2 0.1328125 0.52890625 0.0125 0.08125
8 0.20859375 0.525 0.01640625 0.0890625
17 0.3625 0.51484375 0.02265625 0.10625
10 0.28671875 0.5140625 0.01875 0.10625
10 0.16875 0.52734375 0.0125 0.08515625
18 0.7140625 0.47421875 0.0546875 0.17890625
2 0.1453125 0.52890625 0.0109375 0.08203125
10 0.25234375 0.51875 0.015625 0.09765625
8 0.34296875 0.51328125 0.01484375 0.10859375
12 0.16796875 0.834375 0.02265625 0.1265625
10 0.196875 0.52578125 0.00859375 0.0859375
2 0.15703125 0.528125 0.0109375 0.08203125
13 0.33515625 0.6953125 0.02265625 0.153125
13 0.3953125 0.70546875 0.03359375 0.165625
10 0.24296875 0.52109375 0.0125 0.0953125
12 0.1875 0.83984375 0.01640625 0.13203125
13 0.3625 0.69921875 0.0296875 0.159375
13 0.31015625 0.69296875 0.02265625 0.14765625
11 0.13671875 0.82265625 0.0296875 0.12265625