5 0.3828125 0.47265625 0.01953125 0.1609375
0 0.30703125 0.45859375 0.01796875 0.13203125
5 0.40390625 0.478125 0.02265625 0.165625
4 0.4484375 0.4875 0.0234375 0.17421875
14 0.7703125 0.603125 0.05234375 0.16875
4 0.42578125 0.48359375 0.021875 0.1703125
11 0.2515625 0.4421875 0.01875 0.1265625
1 0.2890625 0.45625 0.01796875 0.12578125
3 0.34375 0.4625 0.01796875 0.14921875
11 0.23515625 0.43984375 0.0125 0.11640625
3 0.36328125 0.46640625 0.01875 0.1578125
2 0.32578125 0.4625 0.01796875 0.13984375
8 0.16875 0.42421875 0.01015625 0.09921875
17 0.09609375 0.40625 0.01015625 0.08203125
8 0.221875 0.43984375 0.0125 0.103125
12 0.2703125 0.44765625 0.01796875 0.128125
18 0.67265625 0.58359375 0.04375 0.1453125
17 0.08125 0.40234375 0.0125 0.08125
8 0.18046875 0.4265625 0.00859375 0.10078125
17 0.10703125 0.41015625 0.01171875 0.08359375
4 0.47421875 0.4921875 0.02734375 0.18046875
12 0.28203125 0.2859375 0.02265625 0.1421875
8 0.2109375 0.43828125 0.01015625 0.10078125
17 0.1203125 0.41484375 0.0109375 0.08359375