17 0.64296875 0.51328125 0.03984375 0.14375
17 0.7375 0.5140625 0.0546875 0.18671875
17 0.6859375 0.51796875 0.04296875 0.15
10 0.4390625 0.45625 0.0234375 0.1375
17 0.603125 0.503125 0.03515625 0.14140625
17 0.5703125 0.49375 0.0296875 0.134375
8 0.3109375 0.42109375 0.02265625 0.1359375
10 0.48359375 0.46640625 0.0265625 0.14375
8 0.4125 0.45 0.02578125 0.13203125
8 0.3890625 0.44296875 0.0203125 0.1296875
8 0.3375 0.4265625 0.02734375 0.13828125
10 0.51015625 0.47265625 0.0234375 0.1453125
10 0.5390625 0.47890625 0.03046875 0.15
10 0.4609375 0.4609375 0.01796875 0.13828125
3 0.1953125 0.3921875 0.01953125 0.13359375
8 0.36484375 0.43828125 0.02421875 0.1265625
3 0.175 0.3875 0.01875 0.13359375
3 0.2265625 0.39765625 0.0203125 0.13828125
3 0.2453125 0.4 0.01640625 0.14140625
3 0.1234375 0.378125 0.01640625 0.12421875
1 0.2875 0.415625 0.021875 0.1359375
3 0.26484375 0.4046875 0.02265625 0.14609375
3 0.209375 0.39453125 0.0125 0.134375
3 0.1546875 0.3828125 0.01875 0.1265625
5 0.1046875 0.37421875 0.01640625 0.11875
3 0.1375 0.37890625 0.0125 0.12421875