8 0.40234375 0.415625 0.0578125 0.18046875
1 0.4375 0.66171875 0.06796875 0.19375
8 0.34609375 0.4109375 0.05234375 0.17421875
10 0.5296875 0.42734375 0.05625 0.19140625
17 0.49375 0.14375 0.0796875 0.18515625
10 0.465625 0.421875 0.065625 0.1875
10 0.60234375 0.4328125 0.08359375 0.19921875
1 0.5125 0.67734375 0.07734375 0.20390625
17 0.4171875 0.1515625 0.0703125 0.1765625
17 0.34609375 0.15546875 0.06640625 0.1734375
2 0.37578125 0.65625 0.05078125 0.165625
2 0.3296875 0.6640625 0.0390625 0.11171875