8 0.6859375 0.4375 0.05078125 0.13984375
11 0.846875 0.209375 0.0875 0.1921875
8 0.61015625 0.64921875 0.05390625 0.13515625
8 0.634375 0.43203125 0.046875 0.134375
8 0.740625 0.44375 0.0546875 0.1421875
11 0.67890625 0.2078125 0.06640625 0.18203125
10 0.49765625 0.41640625 0.0421875 0.12578125
8 0.734375 0.675 0.071875 0.14375
12 0.60703125 0.20703125 0.071875 0.1765625
5 0.65 0.81796875 0.046875 0.1234375
8 0.66796875 0.6625 0.05625 0.1390625
4 0.5921875 0.80625 0.05625 0.12578125
11 0.75625 0.2078125 0.0859375 0.1859375
10 0.58671875 0.42578125 0.04609375 0.13125
2 0.45546875 0.41171875 0.040625 0.12421875
3 0.4671875 0.7625 0.04609375 0.12421875
10 0.55859375 0.634375 0.04609375 0.13203125
2 0.3765625 0.403125 0.040625 0.11875
10 0.46171875 0.61015625 0.0484375 0.12421875
10 0.5109375 0.62109375 0.04609375 0.1296875
3 0.421875 0.75078125 0.0421875 0.1234375
5 0.70078125 0.834375 0.05078125 0.128125
8 0.8 0.44765625 0.06015625 0.14609375
12 0.5328125 0.2078125 0.0703125 0.16796875
10 0.54140625 0.42109375 0.04296875 0.12734375
2 0.415625 0.4078125 0.03515625 0.11953125
4 0.53984375 0.80234375 0.04609375 0.10390625