11 0.82265625 0.43984375 0.08828125 0.37109375
10 0.43125 0.46796875 0.03828125 0.21328125
8 0.59375 0.47109375 0.04921875 0.24453125
10 0.725 0.45546875 0.0765625 0.30703125
8 0.546875 0.47265625 0.0421875 0.23125
8 0.65234375 0.4578125 0.0640625 0.2875
8 0.50625 0.47265625 0.03828125 0.221875
10 0.46875 0.47109375 0.034375 0.21328125
0 0.29375 0.465625 0.02421875 0.18046875
2 0.3625 0.4734375 0.021875 0.18828125
0 0.33984375 0.4703125 0.0234375 0.1859375
0 0.31796875 0.46640625 0.021875 0.18828125
17 0.18984375 0.465625 0.021875 0.1421875