11 0.26953125 0.60078125 0.0953125 0.22734375
12 0.36171875 0.58203125 0.06953125 0.20234375
2 0.48515625 0.346875 0.05625 0.16484375
6 0.590625 0.52734375 0.05 0.15859375
10 0.3125 0.346875 0.07421875 0.18984375
6 0.63515625 0.5203125 0.034375 0.15078125
8 0.38046875 0.346875 0.05625 0.1796875
8 0.43203125 0.346875 0.04453125 0.1703125
1 0.5921875 0.3453125 0.0390625 0.14765625
8 0.15546875 0.3484375 0.0484375 0.1875
8 0.228125 0.34140625 0.0890625 0.2140625
24 0.76171875 0.346875 0.02734375 0.11484375
24 0.73515625 0.346875 0.02578125 0.1203125
2 0.62890625 0.346875 0.03125 0.1390625
0 0.54375 0.346875 0.0546875 0.15703125
17 0.79765625 0.346875 0.02890625 0.10703125
17 0.821875 0.35 0.021875 0.0953125
12 0.03671875 0.91875 0.0734375 0.16171875
1 0.65703125 0.346875 0.02578125 0.13515625
0 0.6859375 0.34609375 0.03125 0.13046875
4 0.78984375 0.4875 0.02109375 0.1265625
12 0.11015625 0.8953125 0.071875 0.1640625
18 0.8453125 0.34921875 0.02109375 0.09140625
3 0.8125 0.48203125 0.01953125 0.12578125
4 0.76796875 0.49296875 0.01953125 0.128125
14 0.7390625 0.49765625 0.0296875 0.13515625
14 0.86484375 0.5953125 0.01953125 0.09375