18 0.40703125 0.4546875 0.028125 0.1359375
0 0.3546875 0.43046875 0.02265625 0.159375
22 0.5453125 0.4625 0.03515625 0.18203125
0 0.33125 0.4265625 0.02265625 0.15546875
18 0.3796875 0.45 0.02578125 0.13203125
8 0.3109375 0.42578125 0.01640625 0.14375
10 0.25234375 0.41328125 0.01640625 0.13984375
8 0.27265625 0.41640625 0.0203125 0.1421875
22 0.51015625 0.4578125 0.034375 0.17109375
10 0.29296875 0.421875 0.01796875 0.1421875
24 0.4703125 0.46796875 0.03828125 0.14140625
24 0.43671875 0.46171875 0.02734375 0.13828125
10 0.23359375 0.40625 0.01796875 0.13984375
18 0.990625 0.8734375 0.01875 0.1375