4 0.52109375 0.59296875 0.06171875 0.203125
18 0.76875 0.37578125 0.08359375 0.1859375
8 0.14609375 0.3171875 0.0234375 0.121875
10 0.096875 0.3140625 0.021875 0.1140625
2 0.27421875 0.325 0.04453125 0.146875
1 0.23359375 0.32265625 0.03671875 0.13828125
6 0.303125 0.5265625 0.04296875 0.1703125
17 0.6 0.35546875 0.08984375 0.1796875
17 0.6859375 0.36484375 0.07734375 0.18125
24 0.52109375 0.353125 0.06015625 0.15859375
8 0.1203125 0.315625 0.0234375 0.11875
12 0.0953125 0.47109375 0.03125 0.128125
8 0.0734375 0.3125 0.0234375 0.11015625
3 0.58671875 0.603125 0.071875 0.2359375
1 0.3125 0.328125 0.0328125 0.14765625
3 0.65546875 0.6203125 0.071875 0.24609375
5 0.821875 0.665625 0.10078125 0.2578125
6 0.26015625 0.51484375 0.0390625 0.15625
5 0.73203125 0.6453125 0.0875 0.24765625
0 0.1953125 0.31796875 0.03828125 0.134375
13 0.225 0.50234375 0.034375 0.16015625
0 0.346875 0.33125 0.03515625 0.15625
4 0.465625 0.57265625 0.05078125 0.2078125