5 0.2421875 0.41171875 0.08125 0.29296875
3 0.42734375 0.3671875 0.06015625 0.24296875
5 0.36171875 0.38359375 0.06953125 0.2578125
3 0.475 0.35703125 0.034375 0.2296875
3 0.578125 0.3296875 0.05625 0.2
5 0.30234375 0.396875 0.05234375 0.27265625
3 0.62265625 0.3203125 0.0296875 0.19296875
3 0.51796875 0.346875 0.05390625 0.21953125
8 0.77265625 0.2875 0.025 0.13125
3 0.71015625 0.29765625 0.03125 0.15859375
3 0.67421875 0.30703125 0.03125 0.17421875
8 0.80390625 0.2796875 0.0328125 0.11640625
3 0.64765625 0.3140625 0.02109375 0.18515625
8 0.81875 0.2765625 0.01953125 0.1109375
8 0.8421875 0.27109375 0.0234375 0.10234375
1 0.74375 0.29375 0.03125 0.13828125