12 0.30859375 0.6140625 0.06640625 0.25078125
3 0.40078125 0.2765625 0.0453125 0.246875
3 0.44921875 0.278125 0.046875 0.25
12 0.24140625 0.6140625 0.06171875 0.2484375
3 0.353125 0.27421875 0.04609375 0.2484375
6 0.478125 0.61328125 0.05703125 0.24609375
16 0.68125 0.29296875 0.04140625 0.23828125
4 0.253125 0.265625 0.04765625 0.2546875
16 0.815625 0.2984375 0.04375 0.23515625
12 0.1640625 0.6078125 0.078125 0.25625
11 0.421875 0.61171875 0.05234375 0.25
4 0.30390625 0.26953125 0.04921875 0.25234375
11 0.36875 0.61171875 0.05 0.24453125
16 0.58828125 0.2859375 0.04375 0.24296875
3 0.496875 0.28203125 0.0453125 0.24609375
5 0.20390625 0.26328125 0.04765625 0.25390625
16 0.7703125 0.29609375 0.04609375 0.23515625
5 0.1515625 0.25703125 0.0546875 0.26015625
16 0.63515625 0.28828125 0.046875 0.2421875
16 0.72421875 0.2953125 0.04296875 0.23515625