10 0.85625 0.2546875 0.04609375 0.19609375
17 0.1734375 0.15859375 0.0796875 0.21796875
5 0.8625 0.66953125 0.0296875 0.20625
3 0.725 0.68125 0.0375 0.2296875
17 0.49140625 0.2 0.06953125 0.2328125
5 0.796875 0.67421875 0.03828125 0.21953125
19 0.415625 0.18046875 0.071875 0.24453125
16 0.56796875 0.69453125 0.046875 0.25859375
2 0.68359375 0.24453125 0.03828125 0.18671875
17 0.44609375 0.4390625 0.0453125 0.1765625
2 0.64140625 0.23828125 0.0453125 0.19609375
8 0.771875 0.25390625 0.04296875 0.1859375
5 0.7609375 0.678125 0.03359375 0.225
8 0.81328125 0.2578125 0.0359375 0.1828125
17 0.25390625 0.171875 0.07265625 0.2140625
17 0.4953125 0.4421875 0.04921875 0.17421875
5 0.83203125 0.6703125 0.03125 0.2140625
8 0.72734375 0.24921875 0.0453125 0.18671875
11 0.86328125 0.45546875 0.04296875 0.15390625
3 0.65078125 0.6875 0.03515625 0.23828125
13 0.59375 0.446875 0.046875 0.16328125
16 0.42265625 0.72109375 0.05078125 0.246875
0 0.596875 0.2296875 0.03984375 0.20234375
16 0.296875 0.7171875 0.05859375 0.29375
3 0.6875 0.68359375 0.0359375 0.2328125
0 0.55234375 0.2234375 0.04609375 0.209375
16 0.3609375 0.7234375 0.06640625 0.26015625
13 0.64765625 0.45 0.0546875 0.159375
4 0.61328125 0.68984375 0.03984375 0.24609375
16 0.47421875 0.71796875 0.04921875 0.240625
16 0.23515625 0.72109375 0.0609375 0.30625
16 0.23671875 0.4265625 0.05625 0.19609375
16 0.521875 0.70234375 0.04375 0.2546875
11 0.82109375 0.45703125 0.03828125 0.1515625
16 0.17421875 0.421875 0.06484375 0.20234375
12 0.0046875 0.88671875 0.00859375 0.22578125