2 0.60390625 0.6484375 0.0375 0.18671875
12 0.38203125 0.6453125 0.05390625 0.234375
13 0.24921875 0.3234375 0.06640625 0.25234375
1 0.72578125 0.3296875 0.04921875 0.21171875
11 0.37578125 0.325 0.0578125 0.2421875
2 0.68828125 0.64453125 0.04140625 0.184375
2 0.67421875 0.33203125 0.05078125 0.215625
2 0.7296875 0.64296875 0.0390625 0.1828125
3 0.8125 0.61640625 0.0390625 0.22109375
10 0.56484375 0.65390625 0.0375 0.184375
8 0.4859375 0.334375 0.05234375 0.21796875
10 0.4828125 0.66953125 0.03984375 0.1703125
10 0.4359375 0.665625 0.04765625 0.1859375
11 0.31484375 0.32421875 0.05859375 0.246875
2 0.64453125 0.64609375 0.04140625 0.18828125
8 0.534375 0.34296875 0.03984375 0.19765625
0 0.62265625 0.33203125 0.04921875 0.2140625
8 0.43203125 0.334375 0.05 0.21796875
8 0.5765625 0.34296875 0.04140625 0.19765625
10 0.52421875 0.66328125 0.0390625 0.17421875
5 0.86484375 0.315625 0.0390625 0.2296875
12 0.32578125 0.64609375 0.0546875 0.23828125
3 0.853125 0.61328125 0.03984375 0.21953125
3 0.771875 0.61875 0.04140625 0.2234375
5 0.82265625 0.31640625 0.0421875 0.2328125
13 0.175 0.32578125 0.078125 0.2546875
16 0.9375 0.60234375 0.04609375 0.2296875
5 0.77734375 0.31796875 0.046875 0.234375
16 0.89453125 0.6046875 0.0390625 0.2296875
13 0.26640625 0.65 0.05859375 0.246875
13 0.2 0.65546875 0.0734375 0.24453125
13 0.83515625 0.08046875 0.078125 0.1609375