11 0.25546875 0.365625 0.06640625 0.18828125
8 0.7328125 0.2828125 0.0328125 0.12734375
12 0.4796875 0.3296875 0.05078125 0.153125
12 0.4171875 0.3375 0.06953125 0.16484375
11 0.33828125 0.35078125 0.08125 0.17421875
10 0.6421875 0.3078125 0.02890625 0.12734375
8 0.52890625 0.32734375 0.04296875 0.13984375
8 0.56953125 0.3203125 0.03515625 0.134375
8 0.60703125 0.31484375 0.03671875 0.13203125
17 0.796875 0.42109375 0.0296875 0.07265625
17 0.8265625 0.41484375 0.02734375 0.071875
8 0.76640625 0.27734375 0.03125 0.12421875
10 0.79765625 0.27109375 0.02734375 0.11953125
10 0.70078125 0.2953125 0.02734375 0.121875
10 0.671875 0.30234375 0.02890625 0.1234375
16 0.3984375 0.5453125 0.040625 0.11015625
10 0.8265625 0.26875 0.02890625 0.11796875
16 0.4890625 0.52265625 0.03828125 0.10234375
16 0.44375 0.5359375 0.04609375 0.10625