11 0.32578125 0.15625 0.10625 0.2890625
8 0.56484375 0.2125 0.05390625 0.18828125
11 0.4265625 0.171875 0.08984375 0.2625
6 0.3046875 0.46875 0.1046875 0.24140625
10 0.8265625 0.225 0.03828125 0.16796875
2 0.465625 0.46640625 0.05234375 0.178125
17 0.78203125 0.5765625 0.0328125 0.115625
6 0.39765625 0.459375 0.07734375 0.2234375
11 0.22734375 0.1578125 0.071875 0.2765625
18 0.85234375 0.55546875 0.0296875 0.10625
2 0.515625 0.459375 0.04453125 0.1703125
17 0.81796875 0.56484375 0.034375 0.11015625
10 0.70234375 0.225 0.04296875 0.165625
10 0.7875 0.22421875 0.040625 0.16640625
2 0.7109375 0.4296875 0.040625 0.1546875
8 0.50625 0.20625 0.06171875 0.196875
8 0.7453125 0.2234375 0.0421875 0.16953125
0 0.77890625 0.41875 0.034375 0.146875
0 0.74609375 0.42265625 0.02890625 0.14765625
10 0.65546875 0.22265625 0.05 0.16953125
1 0.56171875 0.44609375 0.04453125 0.18046875
17 0.81796875 0.4125 0.0421875 0.14375
18 0.91796875 0.39921875 0.03125 0.11875
2 0.6734375 0.434375 0.034375 0.1625
3 0.6671875 0.76640625 0.03671875 0.1140625