8 0.35390625 0.39609375 0.05 0.209375
0 0.30625 0.40234375 0.04296875 0.190625
8 0.575 0.41015625 0.04140625 0.18984375
2 0.1671875 0.390625 0.05 0.21015625
10 0.403125 0.39765625 0.0453125 0.2078125
18 0.846875 0.41640625 0.04765625 0.17109375
18 0.734375 0.4 0.0625 0.2078125
8 0.61875 0.41015625 0.0421875 0.190625
10 0.44765625 0.40859375 0.03984375 0.190625
10 0.49140625 0.41328125 0.03984375 0.184375
0 0.21796875 0.39296875 0.04609375 0.2078125
18 0.79375 0.41796875 0.05 0.17265625
8 0.5328125 0.4140625 0.03984375 0.1828125
0 0.2625 0.40078125 0.03984375 0.1921875
17 0.6703125 0.40234375 0.0578125 0.20546875
19 0.321875 0.946875 0.0453125 0.10625
19 0.23359375 0.9421875 0.04375 0.11484375
15 0.36953125 0.94453125 0.0421875 0.1109375
15 0.4140625 0.9484375 0.0421875 0.103125
18 0.56640625 0.96484375 0.05625 0.0703125
13 0.5625 0.0109375 0.03984375 0.021875