12 0.415625 0.3359375 0.05078125 0.153125
10 0.578125 0.3109375 0.02890625 0.12734375
11 0.1859375 0.3796875 0.071875 0.18828125
8 0.66640625 0.2859375 0.0328125 0.12578125
8 0.70078125 0.2796875 0.03125 0.12265625
12 0.3515625 0.34765625 0.0703125 0.16171875
8 0.54296875 0.31875 0.03828125 0.13125
8 0.50625 0.32578125 0.03515625 0.134375
11 0.27109375 0.3625 0.08359375 0.17578125
8 0.465625 0.33203125 0.0421875 0.1390625
17 0.72890625 0.41875 0.02890625 0.0703125
10 0.60703125 0.30546875 0.02734375 0.12421875
10 0.6359375 0.29765625 0.02734375 0.1203125
17 0.7578125 0.41171875 0.02578125 0.06953125
10 0.73046875 0.271875 0.02578125 0.11796875
16 0.3359375 0.553125 0.040625 0.10859375
10 0.76015625 0.26875 0.02890625 0.11640625
16 0.42734375 0.528125 0.03828125 0.10078125