8 0.45078125 0.321875 0.04140625 0.25078125
8 0.41171875 0.3203125 0.0375 0.2625
8 0.49140625 0.3234375 0.0390625 0.23828125
8 0.52890625 0.32421875 0.03515625 0.22890625
8 0.365625 0.315625 0.05390625 0.28359375
8 0.24609375 0.30625 0.06171875 0.32421875
10 0.5640625 0.32578125 0.03203125 0.2171875
8 0.30859375 0.31015625 0.05859375 0.30234375
8 0.17578125 0.3 0.0765625 0.33828125
17 0.728125 0.34296875 0.02734375 0.14140625
10 0.625 0.32578125 0.03046875 0.1984375
10 0.59453125 0.32578125 0.028125 0.20625
10 0.65390625 0.32578125 0.02578125 0.1921875
17 0.69765625 0.34375 0.03046875 0.1453125
17 0.75625 0.340625 0.0265625 0.13828125
17 0.9046875 0.3203125 0.021875 0.1359375
17 0.89375 0.321875 0.0203125 0.134375
17 0.84765625 0.3265625 0.01953125 0.1375
17 0.86875 0.325 0.02578125 0.1359375
17 0.78671875 0.33515625 0.0203125 0.14140625