18 0.58125 0.475 0.04296875 0.15
17 0.53671875 0.48046875 0.03515625 0.12265625
3 0.8484375 0.5015625 0.04296875 0.209375
10 0.44765625 0.4609375 0.028125 0.13046875
0 0.2578125 0.4265625 0.021875 0.128125
2 0.309375 0.43203125 0.0265625 0.13828125
3 0.8953125 0.50625 0.04609375 0.21328125
8 0.4203125 0.45703125 0.02421875 0.1265625
3 0.7609375 0.4984375 0.0390625 0.178125
1 0.28203125 0.4296875 0.02578125 0.13203125
2 0.203125 0.4203125 0.01640625 0.1125
3 0.803125 0.49765625 0.04296875 0.2015625
18 0.6265625 0.47421875 0.04140625 0.15546875
10 0.47734375 0.46484375 0.0265625 0.13359375
10 0.5046875 0.46875 0.02578125 0.13359375
1 0.23828125 0.425 0.015625 0.11640625
6 0.33828125 0.43046875 0.02734375 0.15
22 0.71640625 0.49609375 0.0453125 0.16328125
1 0.221875 0.42421875 0.01796875 0.11484375
8 0.39375 0.45234375 0.02421875 0.1265625
12 0.3671875 0.434375 0.02734375 0.15390625
22 0.6703125 0.4890625 0.04296875 0.1609375
2 0.1890625 0.41875 0.01875 0.11015625
17 0.00625 0.09375 0.0125 0.1265625
17 0.08984375 0.0890625 0.0265625 0.12265625