3 0.40234375 0.8046875 0.0421875 0.1203125
2 0.35390625 0.453125 0.040625 0.11640625
11 0.8265625 0.271875 0.0859375 0.18828125
8 0.66796875 0.49296875 0.05078125 0.13984375
11 0.7375 0.26875 0.08515625 0.184375
5 0.6875 0.88984375 0.05078125 0.12734375
3 0.44765625 0.81640625 0.04453125 0.12265625
10 0.521875 0.4734375 0.04296875 0.1296875
8 0.6171875 0.4859375 0.0484375 0.13515625
2 0.39375 0.4578125 0.03671875 0.11875
8 0.65390625 0.71875 0.0578125 0.14140625
11 0.6578125 0.26796875 0.06640625 0.17734375
8 0.721875 0.50078125 0.05390625 0.14296875
12 0.5859375 0.265625 0.0703125 0.171875
10 0.49375 0.67421875 0.046875 0.13203125
8 0.78203125 0.5046875 0.06171875 0.146875
8 0.59453125 0.703125 0.0546875 0.13984375
10 0.56796875 0.47890625 0.04609375 0.13125
10 0.5421875 0.6875 0.04609375 0.1359375
8 0.7203125 0.73125 0.0703125 0.146875
12 0.51015625 0.2640625 0.071875 0.1625
10 0.478125 0.46640625 0.040625 0.12734375
10 0.4421875 0.6625 0.05078125 0.12734375
2 0.434375 0.4625 0.04296875 0.12421875
4 0.575 0.86015625 0.05390625 0.12734375
5 0.63515625 0.871875 0.05 0.12265625