11 0.6609375 0.6859375 0.06171875 0.14765625
17 0.2578125 0.521875 0.10859375 0.18828125
16 0.38359375 0.9046875 0.0546875 0.14921875
24 0.8546875 0.51640625 0.040625 0.10625
17 0.83828125 0.33125 0.05234375 0.13359375
17 0.1125 0.31875 0.0859375 0.14140625
12 0.534375 0.7015625 0.05859375 0.15625
24 0.590625 0.52890625 0.0578125 0.11953125
11 0.72578125 0.6796875 0.06015625 0.14375
17 0.28125 0.31875 0.07734375 0.15
16 0.20078125 0.93203125 0.06640625 0.13515625
12 0.59609375 0.69375 0.05859375 0.15078125
16 0.5 0.88125 0.0546875 0.13984375
13 0.38671875 0.7171875 0.07421875 0.1625
24 0.52890625 0.53203125 0.05859375 0.12265625
11 0.784375 0.67421875 0.05078125 0.13828125
16 0.26484375 0.925 0.0578125 0.15
17 0.3578125 0.3203125 0.06640625 0.1453125
24 0.8984375 0.5140625 0.040625 0.10390625
24 0.75390625 0.52109375 0.0484375 0.1125
8 0.2296875 0.0921875 0.0859375 0.184375
24 0.8875 0.66171875 0.0421875 0.11953125
12 0.4640625 0.71015625 0.071875 0.15859375
17 0.1984375 0.32109375 0.07734375 0.1390625
16 0.1296875 0.93984375 0.06796875 0.11953125
24 0.65 0.52578125 0.05078125 0.11484375
17 0.778125 0.3296875 0.06171875 0.13828125
17 0.7125 0.32734375 0.0625 0.14140625
24 0.80625 0.51953125 0.05 0.1109375
8 0.31640625 0.096875 0.08125 0.19375
8 0.78203125 0.16328125 0.04453125 0.14765625
24 0.703125 0.5234375 0.0484375 0.1140625
16 0.55625 0.8703125 0.05234375 0.1359375
16 0.32578125 0.915625 0.0578125 0.15390625
16 0.4421875 0.8921875 0.0578125 0.14375
24 0.83984375 0.66875 0.05 0.1234375
17 0.89453125 0.3328125 0.05234375 0.13125
8 0.8671875 0.171875 0.03828125 0.14140625
17 0.13828125 0.5015625 0.103125 0.15
16 0.609375 0.8609375 0.05 0.1359375
24 0.94453125 0.5125 0.04453125 0.10234375
10 0.534375 0.12734375 0.06953125 0.17421875
8 0.39453125 0.10703125 0.06796875 0.19609375
10 0.90703125 0.1765625 0.03828125 0.13828125
17 0.95 0.33515625 0.05234375 0.1296875
8 0.82578125 0.16796875 0.0390625 0.14375
9 0.66953125 0.14453125 0.06015625 0.1703125
24 0.93359375 0.6546875 0.04609375 0.11640625
4 0.91171875 0.8046875 0.03515625 0.1125
9 0.60390625 0.13671875 0.0640625 0.17421875
10 0.4578125 0.12265625 0.05625 0.1703125
9 0.7296875 0.15625 0.05390625 0.15
17 0.98984375 0.33515625 0.01953125 0.1359375
5 0.79375 0.82734375 0.03828125 0.1234375
13 0.30703125 0.7265625 0.08125 0.1640625
21 0.48359375 0.32734375 0.078125 0.13203125
4 0.87421875 0.8140625 0.03671875 0.11640625