9 0.29765625 0.61640625 0.0578125 0.1546875
9 0.28671875 0.40390625 0.05859375 0.16953125
10 0.34921875 0.16796875 0.06796875 0.1765625
3 0.74296875 0.37421875 0.03125 0.134375
10 0.409375 0.39921875 0.05625 0.15625
8 0.5140625 0.39296875 0.05078125 0.14375
10 0.4734375 0.190625 0.0484375 0.14609375
8 0.55625 0.5640625 0.0421875 0.134375
10 0.415625 0.17578125 0.06015625 0.16875
8 0.56171875 0.38984375 0.040625 0.1390625
8 0.52265625 0.19375 0.046875 0.146875
10 0.3546875 0.603125 0.05234375 0.146875
10 0.41015625 0.59765625 0.05078125 0.13125
8 0.46328125 0.3953125 0.0484375 0.14921875
2 0.60546875 0.3875 0.040625 0.1359375
10 0.3484375 0.4015625 0.05859375 0.1625
3 0.8015625 0.3703125 0.025 0.12734375
3 0.77421875 0.371875 0.02734375 0.13046875
5 0.68671875 0.378125 0.03515625 0.14296875
10 0.46171875 0.6 0.046875 0.1046875
5 0.64765625 0.3796875 0.040625 0.14765625
9 0.22578125 0.62578125 0.08125 0.165625
8 0.5109375 0.57421875 0.04609375 0.134375
5 0.715625 0.37578125 0.021875 0.1390625
0 0.6140625 0.1953125 0.046875 0.14921875
0 0.56875 0.190625 0.040625 0.1546875
9 0.27578125 0.16015625 0.0703125 0.178125
3 0.8296875 0.36875 0.02890625 0.12578125