2 0.73984375 0.5359375 0.021875 0.2078125
17 0.503125 0.521875 0.04765625 0.24609375
0 0.7125 0.53046875 0.03203125 0.21953125
17 0.4390625 0.48984375 0.0734375 0.31484375
2 0.7859375 0.54140625 0.01953125 0.19609375
17 0.54921875 0.51328125 0.0421875 0.2578125
16 0.27734375 0.40234375 0.08359375 0.359375
0 0.7640625 0.540625 0.02421875 0.2015625
6 0.8140625 0.53984375 0.03515625 0.19765625
1 0.67578125 0.52578125 0.03984375 0.23125
8 0.85859375 0.5578125 0.015625 0.153125
16 0.1890625 0.42890625 0.08828125 0.47734375
8 0.87265625 0.55546875 0.0109375 0.15703125
8 0.88515625 0.5546875 0.01484375 0.15703125
24 0.63671875 0.5265625 0.03359375 0.2296875
24 0.59609375 0.51796875 0.0453125 0.24453125
16 0.36015625 0.4328125 0.078125 0.3609375