2 0.446875 0.46171875 0.028125 0.14140625
1 0.5625 0.4421875 0.02578125 0.13984375
0 0.53359375 0.44609375 0.03046875 0.14375
24 0.27109375 0.48828125 0.04375 0.16484375
8 0.6640625 0.434375 0.01953125 0.11640625
10 0.734375 0.4234375 0.01484375 0.1046875
10 0.71796875 0.42578125 0.01484375 0.10703125
2 0.5890625 0.43828125 0.0234375 0.13984375
1 0.47578125 0.4578125 0.0265625 0.1359375
10 0.70078125 0.42890625 0.01796875 0.11015625
24 0.221875 0.49453125 0.046875 0.17421875
6 0.6171875 0.43046875 0.03046875 0.1453125
1 0.503125 0.4546875 0.02578125 0.134375
24 0.31796875 0.49375 0.0390625 0.1375
8 0.6828125 0.43203125 0.01640625 0.1125
17 0.75234375 0.4234375 0.01953125 0.09765625
24 0.35703125 0.4890625 0.034375 0.13046875
18 0.77421875 0.41328125 0.02265625 0.1125
2 0.41953125 0.46328125 0.0234375 0.1421875
24 0.39140625 0.48203125 0.03046875 0.128125
3 0.865625 0.396875 0.015625 0.11015625
3 0.88125 0.39453125 0.01484375 0.10625
12 0.64296875 0.428125 0.01953125 0.1359375