11 0.48828125 0.63046875 0.05078125 0.1140625
1 0.25546875 0.17890625 0.06171875 0.165625
2 0.3625 0.50703125 0.0484375 0.1140625
8 0.48359375 0.196875 0.0578125 0.1421875
1 0.3703125 0.18671875 0.05078125 0.15703125
5 0.5875 0.7640625 0.0296875 0.11953125
8 0.425 0.1921875 0.05234375 0.14765625
12 0.7640625 0.58359375 0.0390625 0.103125
6 0.2203125 0.675 0.06640625 0.1421875
2 0.26640625 0.51640625 0.05 0.1203125
10 0.76171875 0.46640625 0.0328125 0.0859375
10 0.66484375 0.47578125 0.0328125 0.09375
0 0.20625 0.359375 0.05625 0.14765625
1 0.315625 0.18203125 0.0546875 0.1625
8 0.58828125 0.203125 0.04296875 0.134375
1 0.1859375 0.17421875 0.06953125 0.16796875
4 0.421875 0.80625 0.04453125 0.1265625
8 0.55546875 0.4875 0.03515625 0.10234375
0 0.26171875 0.359375 0.05234375 0.14375
8 0.66953125 0.20859375 0.03671875 0.128125
4 0.4703125 0.7953125 0.04609375 0.12578125
6 0.434375 0.6421875 0.05078125 0.1234375
6 0.27890625 0.66875 0.0484375 0.134375
10 0.6890625 0.35078125 0.03515625 0.1125
8 0.53984375 0.2015625 0.05078125 0.1359375
6 0.378125 0.65 0.0546875 0.1265625
4 0.3328125 0.82578125 0.0421875 0.13203125
8 0.63046875 0.20625 0.0390625 0.13203125
8 0.59296875 0.48359375 0.03515625 0.09921875
5 0.51328125 0.78359375 0.03828125 0.121875
8 0.6296875 0.4796875 0.034375 0.096875
4 0.2875 0.840625 0.046875 0.1375
5 0.55234375 0.77421875 0.03828125 0.12265625
2 0.31484375 0.51171875 0.04453125 0.11640625
8 0.4640625 0.496875 0.046875 0.1078125
8 0.65 0.3515625 0.03828125 0.11484375
12 0.79921875 0.578125 0.0296875 0.10078125
8 0.51328125 0.49140625 0.04609375 0.10625
6 0.32578125 0.66015625 0.04296875 0.128125
10 0.7796875 0.21640625 0.03515625 0.11796875
10 0.81640625 0.21953125 0.034375 0.1140625
10 0.7234375 0.35 0.0328125 0.10859375
4 0.37734375 0.815625 0.04453125 0.13125
10 0.70625 0.2109375 0.03515625 0.12421875
2 0.21484375 0.51796875 0.05078125 0.121875
10 0.86171875 0.34609375 0.03515625 0.10078125
12 0.721875 0.58828125 0.03828125 0.1
0 0.315625 0.35859375 0.0484375 0.13984375
10 0.78984375 0.34921875 0.034375 0.1046875
10 0.825 0.346875 0.03515625 0.103125
8 0.4140625 0.5015625 0.05 0.1125
10 0.7421875 0.21328125 0.034375 0.121875
8 0.48203125 0.35625 0.04453125 0.12265625
10 0.69765625 0.47265625 0.0296875 0.0921875
10 0.75625 0.34921875 0.0296875 0.10703125
10 0.85390625 0.22265625 0.03671875 0.10859375
8 0.52890625 0.35625 0.04609375 0.11875
10 0.79609375 0.46328125 0.0328125 0.08515625
5 0.6640625 0.74453125 0.03125 0.1125
10 0.88984375 0.225 0.0328125 0.10625
11 0.56875 0.61640625 0.0390625 0.10859375
5 0.62578125 0.75546875 0.0421875 0.11796875
0 0.36484375 0.3578125 0.04453125 0.13515625
12 0.68359375 0.59375 0.03515625 0.09921875
10 0.72890625 0.46953125 0.0296875 0.0890625
4 0.234375 0.85078125 0.05390625 0.1390625
11 0.53046875 0.6234375 0.034375 0.1109375
10 0.83046875 0.46015625 0.0328125 0.084375
3 0.78046875 0.71171875 0.02734375 0.103125
11 0.61328125 0.61015625 0.046875 0.10234375
12 0.83828125 0.57109375 0.04453125 0.096875
12 0.6515625 0.603125 0.02734375 0.1
5 0.69453125 0.7359375 0.02890625 0.1109375
8 0.61015625 0.353125 0.03671875 0.11796875
3 0.7234375 0.72578125 0.02734375 0.1078125