17 0.54609375 0.61640625 0.04453125 0.14765625
5 0.484375 0.75859375 0.02890625 0.1203125
17 0.6984375 0.91875 0.06796875 0.1296875
17 0.62421875 0.42734375 0.07578125 0.18515625
10 0.54140625 0.1671875 0.05625 0.20390625
18 0.6546875 0.67578125 0.06171875 0.1703125
10 0.4109375 0.18984375 0.025 0.146875
11 0.275 0.18359375 0.0328125 0.14296875
10 0.48984375 0.175 0.04453125 0.18515625
18 0.78984375 0.45625 0.09765625 0.2421875
18 0.7 0.4375 0.0734375 0.2203125
17 0.55625 0.81015625 0.0390625 0.121875
0 0.49765625 0.39765625 0.04296875 0.16875
10 0.3859375 0.18828125 0.0234375 0.146875
5 0.51953125 0.78203125 0.0421875 0.1234375
17 0.5953125 0.64375 0.05234375 0.1640625
17 0.55234375 0.40859375 0.0640625 0.18515625
3 0.45390625 0.73203125 0.0328125 0.1203125
8 0.44609375 0.178125 0.04296875 0.17421875
1 0.346875 0.3625 0.02578125 0.12734375
11 0.309375 0.18515625 0.0296875 0.14375
3 0.42578125 0.7140625 0.021875 0.121875
2 0.38984375 0.375 0.02734375 0.146875
2 0.321875 0.3609375 0.02109375 0.115625
2 0.41484375 0.38125 0.021875 0.153125
8 0.36328125 0.18828125 0.025 0.14609375
8 0.33828125 0.1875 0.025 0.14140625
2 0.3046875 0.35546875 0.015625 0.11484375
17 0.63828125 0.884375 0.0484375 0.10703125
6 0.290625 0.34375 0.01796875 0.13046875
0 0.4578125 0.390625 0.034375 0.1578125
3 0.42265625 0.55703125 0.02578125 0.12265625