16 0.3671875 0.79921875 0.04453125 0.12578125
17 0.75546875 0.4640625 0.0390625 0.0953125
19 0.46875 0.4640625 0.05078125 0.10390625
6 0.5140625 0.14921875 0.071875 0.13984375
24 0.24296875 0.65625 0.06015625 0.12265625
24 0.30703125 0.653125 0.0578125 0.1203125
8 0.675 0.3140625 0.04296875 0.115625
18 0.11796875 0.45078125 0.065625 0.1390625
2 0.65 0.1625 0.0546875 0.13359375
17 0.26484375 0.45078125 0.06953125 0.13359375
18 0.665625 0.46328125 0.04296875 0.09765625
16 0.17109375 0.82265625 0.05 0.14140625
16 0.27109375 0.809375 0.0484375 0.13203125
10 0.2859375 0.29296875 0.05859375 0.134375
17 0.40703125 0.453125 0.0640625 0.1265625
8 0.8046875 0.31875 0.0390625 0.1140625
18 0.190625 0.45078125 0.0703125 0.1359375
0 0.81328125 0.18046875 0.040625 0.115625
9 0.46015625 0.30078125 0.0546875 0.13359375
10 0.22578125 0.28984375 0.0546875 0.13828125
8 0.76171875 0.31640625 0.0421875 0.115625
0 0.853125 0.18359375 0.03828125 0.11640625
10 0.34609375 0.2953125 0.05390625 0.13359375
24 0.63828125 0.646875 0.04609375 0.09140625
12 0.16640625 0.28671875 0.05625 0.14140625
16 0.221875 0.8140625 0.046875 0.1359375
24 0.53671875 0.65 0.05 0.09296875
2 0.9296875 0.190625 0.04453125 0.11640625
17 0.7984375 0.4640625 0.04296875 0.0921875
24 0.11796875 0.665625 0.05 0.128125
24 0.178125 0.65859375 0.06171875 0.12265625
12 0.1078125 0.28515625 0.05625 0.14375
2 0.7078125 0.1671875 0.0546875 0.128125
8 0.71875 0.31484375 0.040625 0.115625
17 0.33671875 0.45234375 0.06953125 0.13046875
17 0.84296875 0.46875 0.040625 0.08125
2 0.76484375 0.171875 0.05390625 0.12421875
16 0.4125 0.796875 0.0421875 0.12734375
10 0.84140625 0.3203125 0.034375 0.1109375
24 0.42578125 0.646875 0.05234375 0.115625
2 0.58984375 0.15703125 0.0625 0.134375
9 0.62578125 0.31015625 0.05234375 0.12265625
6 0.44453125 0.14375 0.06171875 0.14140625
24 0.48203125 0.65078125 0.05078125 0.10078125
10 0.878125 0.321875 0.03671875 0.11015625
17 0.88359375 0.46875 0.03828125 0.0796875
16 0.121875 0.82734375 0.04609375 0.1453125
18 0.7125 0.4640625 0.04296875 0.096875
24 0.3671875 0.64765625 0.05625 0.1234375
16 0.4578125 0.79140625 0.04453125 0.12421875
16 0.5046875 0.78671875 0.04609375 0.12421875
24 0.6859375 0.64375 0.0421875 0.08984375
9 0.51640625 0.30390625 0.05078125 0.13046875
24 0.58828125 0.6484375 0.04609375 0.09140625
10 0.91875 0.32265625 0.0390625 0.11015625
2 0.88984375 0.18828125 0.034375 0.11640625
9 0.40234375 0.2984375 0.0546875 0.13125
9 0.5703125 0.30625 0.05234375 0.1265625
22 0.7890625 0.6296875 0.05 0.1078125
24 0.73203125 0.640625 0.0421875 0.08828125
13 0.2078125 0.12265625 0.08359375 0.15234375
13 0.37421875 0.1375 0.07421875 0.1453125
13 0.29375 0.13046875 0.07734375 0.14765625
22 0.8421875 0.6296875 0.05078125 0.10390625
24 0.0078125 0.56953125 0.015625 0.1453125
16 0.3203125 0.80390625 0.04609375 0.13046875