9 0.278125 0.61015625 0.06015625 0.16171875
10 0.38984375 0.38515625 0.05859375 0.16171875
10 0.31875 0.14296875 0.071875 0.184375
10 0.45078125 0.16796875 0.05078125 0.15
10 0.38984375 0.15078125 0.0640625 0.1765625
9 0.2578125 0.390625 0.06640625 0.17734375
10 0.32578125 0.3875 0.0625 0.16875
8 0.50390625 0.171875 0.05 0.14921875
9 0.20234375 0.62265625 0.0859375 0.171875
8 0.44609375 0.38203125 0.05 0.1546875
8 0.50234375 0.56796875 0.04609375 0.13828125
10 0.396875 0.59140625 0.05234375 0.13984375
10 0.3390625 0.59765625 0.05625 0.15390625
8 0.5 0.3796875 0.05234375 0.15078125
3 0.79921875 0.35703125 0.02578125 0.13359375
5 0.6390625 0.365625 0.040625 0.15078125
3 0.77109375 0.35859375 0.02890625 0.13515625
2 0.59453125 0.3734375 0.04296875 0.14140625
8 0.54921875 0.55703125 0.04453125 0.1375
8 0.55 0.3765625 0.0421875 0.1453125
10 0.45078125 0.5890625 0.05 0.11953125
5 0.71015625 0.3625 0.021875 0.1453125
5 0.67890625 0.3625 0.03671875 0.14765625
3 0.828125 0.3546875 0.0296875 0.1296875
3 0.73828125 0.36015625 0.0328125 0.1390625
0 0.5515625 0.1671875 0.04296875 0.1640625
9 0.2421875 0.13359375 0.07421875 0.19140625
0 0.5984375 0.171875 0.0484375 0.15859375
18 0.2296875 0.83515625 0.08125 0.1546875
1 0.59453125 0.55078125 0.0421875 0.13359375