2 0.5171875 0.4140625 0.03984375 0.20625
8 0.59921875 0.4359375 0.0390625 0.19453125
11 0.8984375 0.459375 0.08046875 0.26796875
10 0.74921875 0.45 0.0546875 0.234375
12 0.8171875 0.45390625 0.07578125 0.26015625
8 0.69296875 0.43671875 0.05390625 0.2296875
2 0.55859375 0.4296875 0.03984375 0.1921875
10 0.6421875 0.44296875 0.0421875 0.1984375
0 0.43203125 0.40078125 0.0421875 0.19609375
1 0.475 0.40625 0.0390625 0.2015625
3 0.121875 0.33828125 0.02578125 0.17265625
3 0.14765625 0.340625 0.03046875 0.178125
17 0.00703125 0.11015625 0.0140625 0.14140625