17 0.5265625 0.14296875 0.08359375 0.19296875
8 0.3578125 0.41640625 0.05625 0.1796875
2 0.37890625 0.66953125 0.05234375 0.171875
1 0.44296875 0.67890625 0.071875 0.20390625
1 0.521875 0.69765625 0.08125 0.2140625
8 0.41796875 0.4234375 0.06015625 0.1875
10 0.48359375 0.43125 0.06796875 0.19375
10 0.6296875 0.44375 0.09375 0.2078125
17 0.4453125 0.14921875 0.07421875 0.18203125
10 0.55 0.43671875 0.0640625 0.19921875
17 0.36875 0.15390625 0.0734375 0.17734375
2 0.33125 0.6796875 0.0421875 0.11875