19 0.3046875 0.18828125 0.07265625 0.225
3 0.67578125 0.67890625 0.053125 0.27578125
2 0.61640625 0.17109375 0.0546875 0.2078125
17 0.38125 0.1859375 0.06953125 0.225
5 0.91015625 0.68203125 0.0640625 0.2875
0 0.503125 0.18515625 0.053125 0.2140625
3 0.571875 0.678125 0.04765625 0.2640625
10 0.88125 0.12421875 0.08359375 0.2484375
17 0.33984375 0.42109375 0.04609375 0.165625
17 0.19296875 0.2203125 0.03203125 0.17421875
11 0.890625 0.38984375 0.0796875 0.21328125
5 0.846875 0.68203125 0.05859375 0.2890625
17 0.15078125 0.2234375 0.04765625 0.16875
8 0.67578125 0.159375 0.06015625 0.21953125
4 0.521875 0.67578125 0.05 0.2640625
16 0.46875 0.6734375 0.05078125 0.2640625
2 0.559375 0.178125 0.0546875 0.215625
17 0.3875 0.42109375 0.04609375 0.165625
5 0.7859375 0.68046875 0.06015625 0.28359375
8 0.73984375 0.14921875 0.0625 0.22890625
8 0.80625 0.1390625 0.0625 0.2328125
3 0.62265625 0.678125 0.04921875 0.26953125
16 0.4171875 0.67109375 0.04765625 0.26015625
16 0.321875 0.68203125 0.04609375 0.22734375
0 0.446875 0.18984375 0.0546875 0.21171875
5 0.72890625 0.68046875 0.05078125 0.278125
13 0.49140625 0.41640625 0.053125 0.1703125
11 0.81484375 0.39375 0.06171875 0.20390625
16 0.2703125 0.6796875 0.05234375 0.22109375
16 0.21875 0.675 0.04921875 0.2234375
16 0.16953125 0.42734375 0.0375 0.15390625
11 0.04921875 0.97890625 0.05390625 0.0421875
16 0.13046875 0.42890625 0.0390625 0.153125
12 0.01640625 0.9765625 0.03125 0.046875
13 0.96875 0.409375 0.05859375 0.16328125