11 0.52109375 0.37421875 0.0453125 0.221875
5 0.28203125 0.40859375 0.05078125 0.3046875
10 0.6046875 0.37421875 0.028125 0.17890625
18 0.74140625 0.365625 0.0140625 0.1125
5 0.334375 0.403125 0.05 0.28984375
0 0.68828125 0.3609375 0.021875 0.1578125
10 0.56875 0.378125 0.0390625 0.18984375
0 0.70859375 0.3578125 0.01796875 0.15
18 0.72578125 0.3671875 0.015625 0.1203125
8 0.63203125 0.3703125 0.02265625 0.17421875
12 0.48046875 0.38125 0.03125 0.23515625
10 0.65234375 0.3703125 0.015625 0.159375
18 0.75625 0.3625 0.0125 0.10859375
8 0.66796875 0.365625 0.015625 0.15703125