8 0.253125 0.2078125 0.0640625 0.31640625
8 0.54375 0.25703125 0.0359375 0.225
8 0.42265625 0.2375 0.03828125 0.26171875
8 0.46328125 0.2453125 0.04140625 0.246875
10 0.6734375 0.2703125 0.02421875 0.190625
8 0.18203125 0.19453125 0.0734375 0.34375
10 0.5796875 0.26171875 0.03359375 0.2140625
8 0.37578125 0.228125 0.05390625 0.278125
10 0.64375 0.26796875 0.03125 0.2
8 0.5046875 0.25078125 0.03984375 0.23671875
8 0.3171875 0.21796875 0.06015625 0.296875
17 0.75078125 0.29375 0.028125 0.1421875
10 0.6125 0.26484375 0.0296875 0.2078125
17 0.92421875 0.29140625 0.01953125 0.1375
17 0.7796875 0.29375 0.0265625 0.1421875
17 0.71953125 0.28984375 0.03203125 0.14765625
17 0.87578125 0.29296875 0.01953125 0.1375
17 0.9390625 0.2921875 0.01953125 0.1375
18 0.8578125 0.29765625 0.0140625 0.1296875
17 0.90390625 0.29296875 0.0203125 0.1375
17 0.8109375 0.2921875 0.02265625 0.14375
17 0.8359375 0.29375 0.02578125 0.14140625