8 0.609375 0.3359375 0.03125 0.09609375
17 0.80234375 0.47421875 0.03125 0.10859375
2 0.3375 0.52109375 0.0625 0.1734375
2 0.41796875 0.321875 0.04296875 0.115625
0 0.46171875 0.32578125 0.04296875 0.10859375
2 0.3703125 0.31953125 0.0484375 0.1203125
2 0.31953125 0.31640625 0.05 0.12265625
1 0.26875 0.31484375 0.05 0.12578125
0 0.503125 0.32734375 0.03515625 0.10625
8 0.57421875 0.3328125 0.03515625 0.1
17 0.834375 0.47265625 0.02890625 0.10625
10 0.63359375 0.4875 0.0328125 0.13046875
11 0.70234375 0.4796875 0.03515625 0.13203125
0 0.53828125 0.3296875 0.0328125 0.103125
1 0.2734375 0.52734375 0.06171875 0.1734375
0 0.4515625 0.5078125 0.04609375 0.15625
2 0.39765625 0.51484375 0.05625 0.1640625
1 0.2046875 0.53515625 0.06953125 0.18515625
0 0.4984375 0.50234375 0.04453125 0.14921875
11 0.73671875 0.4765625 0.0328125 0.12734375
8 0.5921875 0.49140625 0.04453125 0.1359375
8 0.5453125 0.496875 0.04609375 0.14296875
1 0.21484375 0.31015625 0.0546875 0.1296875
17 0.75703125 0.34296875 0.0296875 0.0875
17 0.865625 0.35390625 0.02578125 0.06953125
18 0.6921875 0.340625 0.03125 0.0890625
17 0.78671875 0.3453125 0.02890625 0.084375
18 0.72578125 0.34296875 0.03125 0.08828125
4 0.76328125 0.61484375 0.025 0.10390625
10 0.6375 0.33828125 0.021875 0.09140625
4 0.7875 0.6078125 0.02109375 0.1
10 0.66640625 0.48515625 0.03125 0.128125
12 0.76953125 0.47421875 0.03125 0.11875
10 0.6625 0.33984375 0.02578125 0.08984375
4 0.7359375 0.61875 0.02578125 0.10703125
4 0.809375 0.6046875 0.02109375 0.09765625
3 0.61953125 0.64375 0.02890625 0.12265625
3 0.65 0.6375 0.0296875 0.121875
17 0.8421875 0.35234375 0.0171875 0.071875
18 0.91015625 0.46796875 0.0234375 0.08828125
3 0.709375 0.62421875 0.025 0.11171875
17 0.86171875 0.4703125 0.0234375 0.10078125
4 0.8296875 0.59921875 0.01796875 0.09609375