11 0.578125 0.4890625 0.05234375 0.23828125
2 0.92421875 0.57421875 0.07578125 0.27578125
11 0.6375 0.5015625 0.0640625 0.25234375
8 0.48984375 0.48515625 0.0375 0.18671875
12 0.709375 0.51484375 0.071875 0.2640625
1 0.78046875 0.54296875 0.06640625 0.2546875
17 0.190625 0.4296875 0.028125 0.13359375
0 0.85 0.56015625 0.06875 0.2625
10 0.453125 0.48046875 0.03359375 0.18203125
8 0.3859375 0.45546875 0.034375 0.1921875
17 0.06640625 0.3890625 0.02734375 0.14375
8 0.5296875 0.49765625 0.0390625 0.1921875
17 0.1390625 0.41953125 0.021875 0.12578125
8 0.34765625 0.44765625 0.0375 0.18828125
10 0.31171875 0.43984375 0.03203125 0.1859375
10 0.41953125 0.47421875 0.03046875 0.178125
10 0.278125 0.4328125 0.03125 0.178125
18 0.11484375 0.4140625 0.02265625 0.121875
17 0.1625 0.42421875 0.02421875 0.1296875
17 0.0375 0.38359375 0.02734375 0.14140625
17 0.21875 0.43671875 0.02421875 0.1375
17 0.09140625 0.39375 0.021875 0.14765625
10 0.246875 0.4265625 0.028125 0.17421875
3 0.9828125 0.58046875 0.034375 0.3046875