2 0.2265625 0.528125 0.05 0.1234375
8 0.484375 0.20859375 0.0546875 0.13984375
5 0.521875 0.7875 0.03671875 0.1234375
6 0.23359375 0.68515625 0.06640625 0.1390625
8 0.58359375 0.21484375 0.040625 0.13046875
0 0.27421875 0.3703125 0.05 0.13984375
6 0.38828125 0.65625 0.05234375 0.12578125
4 0.34609375 0.83359375 0.040625 0.134375
6 0.4421875 0.646875 0.05078125 0.1234375
2 0.278125 0.525 0.05 0.11953125
2 0.371875 0.51484375 0.04609375 0.1140625
6 0.29375 0.67578125 0.046875 0.13515625
4 0.25078125 0.859375 0.0546875 0.1390625
4 0.434375 0.8125 0.04296875 0.1296875
10 0.696875 0.22109375 0.034375 0.121875
11 0.49453125 0.63515625 0.0484375 0.11484375
8 0.6609375 0.21953125 0.03515625 0.1234375
8 0.42890625 0.20546875 0.05 0.14375
8 0.4703125 0.50234375 0.04609375 0.10703125
5 0.559375 0.778125 0.03671875 0.1203125
2 0.32578125 0.5203125 0.0421875 0.115625
8 0.42109375 0.50859375 0.046875 0.1109375
8 0.53046875 0.3640625 0.04453125 0.11640625
1 0.37734375 0.20078125 0.05 0.15234375
8 0.53828125 0.2125 0.0484375 0.134375
10 0.778125 0.35390625 0.03125 0.10078125
4 0.30234375 0.84921875 0.04609375 0.13828125
10 0.66171875 0.4796875 0.03125 0.09375
5 0.5921875 0.765625 0.02890625 0.11875
12 0.82890625 0.57265625 0.040625 0.09765625
0 0.32578125 0.36875 0.0484375 0.1359375
8 0.62421875 0.21796875 0.03671875 0.12734375
1 0.265625 0.19375 0.06015625 0.1609375
8 0.62734375 0.48359375 0.0328125 0.09609375
10 0.68203125 0.35703125 0.034375 0.11015625
10 0.765625 0.22578125 0.034375 0.115625
8 0.5171875 0.496875 0.04296875 0.10625
8 0.59296875 0.4875 0.034375 0.09921875
10 0.83671875 0.23203125 0.03515625 0.1046875
10 0.73203125 0.2234375 0.0328125 0.11796875
1 0.32421875 0.19765625 0.05390625 0.15703125
10 0.69296875 0.47578125 0.02890625 0.08984375
8 0.6453125 0.35859375 0.03671875 0.1109375
10 0.8109375 0.35234375 0.03125 0.10078125
4 0.38984375 0.82265625 0.04296875 0.13125
5 0.66640625 0.74375 0.0296875 0.11484375
10 0.8015625 0.22890625 0.0328125 0.10859375
10 0.81796875 0.4625 0.0296875 0.08125
6 0.3390625 0.665625 0.040625 0.128125
1 0.196875 0.18984375 0.06953125 0.1640625
10 0.753125 0.46875 0.03125 0.08515625
10 0.7859375 0.46484375 0.03125 0.08359375
8 0.55703125 0.4921875 0.034375 0.10234375
10 0.71484375 0.35625 0.0296875 0.10703125
10 0.8453125 0.3515625 0.0328125 0.09921875
12 0.79296875 0.57734375 0.02890625 0.10078125
8 0.48515625 0.36484375 0.04296875 0.121875
5 0.6296875 0.75625 0.0421875 0.11640625
12 0.71875 0.5890625 0.03671875 0.1
0 0.37421875 0.3671875 0.04296875 0.13359375
10 0.74609375 0.35546875 0.02890625 0.1046875
0 0.21953125 0.371875 0.05390625 0.14296875
10 0.8703125 0.23359375 0.03125 0.103125
12 0.7578125 0.5828125 0.03828125 0.10234375
10 0.721875 0.47265625 0.02734375 0.0890625
12 0.68203125 0.5953125 0.034375 0.09921875
11 0.5703125 0.62109375 0.03828125 0.10703125
11 0.53515625 0.628125 0.0296875 0.10859375
4 0.4796875 0.8 0.04453125 0.1265625
11 0.6140625 0.61328125 0.04609375 0.10078125
3 0.7765625 0.71015625 0.025 0.10078125
8 0.6078125 0.36015625 0.03515625 0.1140625
5 0.69609375 0.7359375 0.02734375 0.1109375
12 0.65078125 0.6046875 0.02578125 0.1