0 0.71875 0.40625 0.05546875 0.14140625
2 0.49140625 0.409375 0.05390625 0.14296875
2 0.49921875 0.1828125 0.06015625 0.175
10 0.43515625 0.1828125 0.06015625 0.17421875
2 0.5125 0.6421875 0.06796875 0.14296875
0 0.5484375 0.40625 0.05390625 0.14296875
2 0.7140625 0.6390625 0.0625 0.140625
0 0.60546875 0.40546875 0.05390625 0.14453125
10 0.3703125 0.18203125 0.06171875 0.17578125
2 0.7828125 0.63828125 0.0703125 0.14140625
0 0.69140625 0.18203125 0.06015625 0.17109375
8 0.30390625 0.18046875 0.0640625 0.1765625
0 0.81796875 0.18359375 0.05625 0.1703125
0 0.62890625 0.1796875 0.06015625 0.175
0 0.56328125 0.1796875 0.0625 0.17578125
8 0.3703125 0.4109375 0.0578125 0.14609375
2 0.58046875 0.634375 0.0625 0.15546875
0 0.7765625 0.4046875 0.05546875 0.1421875
0 0.75625 0.18359375 0.0625 0.16953125
10 0.4328125 0.4109375 0.05625 0.14453125
8 0.3125 0.41015625 0.05390625 0.14609375
8 0.2359375 0.1765625 0.0640625 0.17890625
0 0.6625 0.40546875 0.05390625 0.14296875
8 0.42109375 0.64296875 0.0734375 0.14296875
8 0.3109375 0.6453125 0.07578125 0.1453125
2 0.64765625 0.63203125 0.065625 0.15859375
3 0.0109375 0.38359375 0.0203125 0.1828125
16 0.07109375 0.63046875 0.06796875 0.1640625
3 0.05234375 0.384375 0.0640625 0.1828125
11 0.0453125 0.009375 0.08046875 0.01796875