17 0.17890625 0.59921875 0.0703125 0.125
3 0.146875 0.7953125 0.065625 0.1703125
8 0.28984375 0.3328125 0.0640625 0.1578125
18 0.55390625 0.5328125 0.04140625 0.1
18 0.73515625 0.4921875 0.03828125 0.1078125
18 0.51171875 0.540625 0.03828125 0.1015625
3 0.2046875 0.778125 0.05625 0.16328125
3 0.36953125 0.73671875 0.04609375 0.15390625
3 0.2640625 0.765625 0.05859375 0.15859375
17 0.31015625 0.578125 0.05625 0.11640625
8 0.41640625 0.3296875 0.05859375 0.1453125
10 0.53046875 0.32578125 0.04609375 0.13671875
3 0.415625 0.72578125 0.04609375 0.14609375
3 0.31953125 0.75078125 0.05234375 0.15546875
8 0.35390625 0.33046875 0.06015625 0.1515625
17 0.41953125 0.559375 0.0484375 0.1109375
17 0.36640625 0.56796875 0.05234375 0.1125
17 0.69140625 0.4984375 0.0421875 0.1125
5 0.77421875 0.628125 0.02578125 0.115625
17 0.2484375 0.58828125 0.06171875 0.12109375
5 0.61328125 0.671875 0.03359375 0.1296875
4 0.57734375 0.68046875 0.0359375 0.13046875
5 0.68203125 0.653125 0.03359375 0.1234375
10 0.47734375 0.3265625 0.05390625 0.14140625
5 0.715625 0.64453125 0.03046875 0.12109375
16 0.38359375 0.9375 0.0515625 0.125
16 0.33046875 0.94453125 0.05 0.1109375
5 0.6484375 0.66171875 0.03359375 0.12578125
8 0.22109375 0.334375 0.06796875 0.165625
4 0.540625 0.68984375 0.0359375 0.13671875
0 0.69609375 0.31875 0.04140625 0.12421875
2 0.61328125 0.325 0.03984375 0.1234375
5 0.74609375 0.63515625 0.028125 0.11953125
0 0.6546875 0.3203125 0.03984375 0.12578125
8 0.14140625 0.3375 0.0859375 0.175
20 0.775 0.48671875 0.03828125 0.10078125
16 0.2765625 0.95078125 0.05390625 0.0984375
16 0.48203125 0.9 0.0484375 0.13671875
0 0.73671875 0.3171875 0.0359375 0.12109375
17 0.59921875 0.51484375 0.04453125 0.12109375
17 0.64609375 0.50546875 0.04453125 0.1171875
2 0.5734375 0.328125 0.0375 0.12109375
2 0.80546875 0.31328125 0.03046875 0.1140625
4 0.5015625 0.70234375 0.03828125 0.14140625
2 0.7734375 0.3140625 0.03359375 0.11796875
5 0.80390625 0.621875 0.03046875 0.109375
16 0.60703125 0.86796875 0.04453125 0.1171875
16 0.52734375 0.8859375 0.03984375 0.128125
16 0.56640625 0.871875 0.034375 0.1265625
20 0.81640625 0.48046875 0.03984375 0.1
18 0.0875 0.59609375 0.1 0.16640625
4 0.46015625 0.7109375 0.0421875 0.14609375
21 0.46875 0.55 0.04375 0.10390625