0 0.44375 0.44453125 0.02578125 0.20625
2 0.3453125 0.4515625 0.040625 0.23984375
10 0.584375 0.43359375 0.01640625 0.15546875
2 0.30078125 0.4515625 0.046875 0.2578125
2 0.41328125 0.44765625 0.0328125 0.21796875
10 0.525 0.4375 0.02109375 0.17578125
10 0.546875 0.4359375 0.01953125 0.16953125
2 0.38125 0.4484375 0.0296875 0.23046875
10 0.471875 0.44140625 0.028125 0.19609375
8 0.61953125 0.43203125 0.01640625 0.14375
8 0.6015625 0.43359375 0.01640625 0.1484375
10 0.50078125 0.43828125 0.025 0.18828125
10 0.5671875 0.43359375 0.01796875 0.1625
8 0.63515625 0.43203125 0.0125 0.1375
8 0.6625 0.43046875 0.01171875 0.1234375
8 0.64921875 0.43046875 0.0140625 0.13203125
8 0.671875 0.43046875 0.009375 0.11953125
8 0.6828125 0.43046875 0.01171875 0.1125