10 0.6734375 0.38125 0.08203125 0.19609375
12 0.97578125 0.73203125 0.0484375 0.2765625
10 0.62109375 0.634375 0.0796875 0.20546875
8 0.4796875 0.5890625 0.0578125 0.18203125
0 0.31171875 0.5421875 0.0484375 0.15703125
8 0.58515625 0.37421875 0.08046875 0.1921875
10 0.7625 0.3875 0.0875 0.20859375
8 0.46640625 0.36328125 0.05390625 0.178125
2 0.2234375 0.51875 0.03984375 0.1484375
10 0.86328125 0.3921875 0.10625 0.21953125
2 0.26484375 0.528125 0.04140625 0.15703125
0 0.36328125 0.3515625 0.04765625 0.165625
8 0.54453125 0.609375 0.06796875 0.1921875
8 0.51875 0.36796875 0.0484375 0.18359375
1 0.4125 0.3578125 0.0484375 0.1703125
12 0.896875 0.87890625 0.09375 0.228125
0 0.31796875 0.34921875 0.04140625 0.1578125
6 0.2703125 0.3421875 0.0484375 0.15390625
10 0.70546875 0.659375 0.0796875 0.2171875
1 0.41953125 0.571875 0.0578125 0.17578125
1 0.36328125 0.5578125 0.0484375 0.16640625
18 0.08984375 0.3359375 0.0421875 0.1078125
12 0.79609375 0.89453125 0.0921875 0.14921875
17 0.16484375 0.34375 0.0375 0.115625
17 0.12890625 0.3390625 0.03359375 0.11171875
6 0.21484375 0.33671875 0.05390625 0.14609375
17 0.17734375 0.51953125 0.04375 0.115625
17 0.1375 0.5078125 0.03359375 0.1109375