2 0.71171875 0.4953125 0.0359375 0.090625
17 0.17421875 0.6953125 0.0515625 0.10546875
2 0.88671875 0.4890625 0.04453125 0.1015625
17 0.11953125 0.69609375 0.0515625 0.10546875
8 0.10546875 0.50703125 0.03828125 0.0921875
17 0.27734375 0.69921875 0.0421875 0.090625
17 0.36640625 0.69921875 0.04140625 0.08671875
17 0.53828125 0.70078125 0.0421875 0.08203125
17 0.32265625 0.7 0.0421875 0.0875
17 0.40859375 0.6984375 0.04140625 0.08671875
8 0.184375 0.50546875 0.0375 0.09140625
17 0.4953125 0.70078125 0.04140625 0.08046875
8 0.38203125 0.5 0.0375 0.0890625
2 0.675 0.496875 0.034375 0.0890625
17 0.22734375 0.69375 0.0515625 0.10546875
0 0.6015625 0.496875 0.034375 0.090625
1 0.79609375 0.490625 0.04375 0.09921875
8 0.259375 0.503125 0.04140625 0.0921875
8 0.30234375 0.50078125 0.03984375 0.09140625
1 0.84140625 0.4890625 0.0421875 0.1
17 0.4515625 0.6984375 0.04140625 0.0875
8 0.1453125 0.50546875 0.03828125 0.09140625
0 0.63828125 0.496875 0.0359375 0.090625
10 0.4921875 0.49921875 0.034375 0.0890625
8 0.34375 0.50078125 0.03828125 0.0890625
10 0.52890625 0.49921875 0.03359375 0.0890625
24 0.58125 0.696875 0.03828125 0.08828125
10 0.56484375 0.4984375 0.034375 0.0890625
10 0.45625 0.49921875 0.034375 0.0890625
2 0.9359375 0.48828125 0.0484375 0.1015625
10 0.41953125 0.5 0.034375 0.0890625
1 0.7515625 0.49140625 0.04140625 0.096875
8 0.22109375 0.5046875 0.03359375 0.09140625
24 0.6703125 0.696875 0.04375 0.0859375
24 0.625 0.69609375 0.0421875 0.08828125
24 0.71640625 0.69609375 0.04140625 0.084375