11 0.49453125 0.68828125 0.0765625 0.209375
12 0.66640625 0.69296875 0.0875 0.21953125
10 0.40234375 0.4703125 0.0640625 0.15859375
12 0.85546875 0.43359375 0.10859375 0.221875
12 0.87421875 0.7015625 0.1015625 0.2265625
11 0.57421875 0.446875 0.0765625 0.203125
8 0.20390625 0.6921875 0.05859375 0.15859375
8 0.12265625 0.4765625 0.0515625 0.14453125
10 0.4109375 0.696875 0.07578125 0.1796875
12 0.76640625 0.696875 0.1015625 0.22421875
8 0.140625 0.68359375 0.06171875 0.1625
10 0.34140625 0.471875 0.05390625 0.1546875
11 0.490625 0.44921875 0.084375 0.2
10 0.2671875 0.7046875 0.06171875 0.1390625
12 0.6578125 0.440625 0.0859375 0.209375
8 0.23046875 0.47421875 0.05390625 0.1484375
12 0.7484375 0.4375 0.0921875 0.21328125
10 0.33515625 0.69296875 0.06640625 0.1734375
10 0.2859375 0.4734375 0.05234375 0.15
11 0.57734375 0.6890625 0.084375 0.215625
8 0.17578125 0.475 0.05 0.14609375