8 0.27265625 0.38046875 0.05859375 0.15703125
8 0.33359375 0.38203125 0.05625 0.15078125
8 0.20859375 0.378125 0.0640625 0.1625
10 0.33046875 0.58359375 0.06171875 0.1671875
17 0.59921875 0.725 0.04609375 0.13046875
2 0.73125 0.54296875 0.034375 0.1234375
6 0.79140625 0.39296875 0.028125 0.10703125
8 0.26171875 0.5921875 0.06953125 0.175
10 0.60859375 0.38984375 0.0375 0.1234375
8 0.3875 0.38359375 0.0484375 0.1453125
17 0.6984375 0.69921875 0.04453125 0.121875
18 0.55078125 0.7484375 0.0484375 0.11328125
10 0.3921875 0.5796875 0.05546875 0.153125
10 0.50546875 0.565625 0.05 0.1453125
16 0.42265625 0.93984375 0.04765625 0.1203125
17 0.65 0.7109375 0.0484375 0.1265625
18 0.4984375 0.759375 0.0484375 0.11953125
17 0.3203125 0.809375 0.06171875 0.125
1 0.690625 0.390625 0.0375 0.1171875
10 0.48359375 0.38671875 0.04375 0.13359375
1 0.69375 0.546875 0.03828125 0.12578125
2 0.7671875 0.5390625 0.034375 0.1203125
16 0.6640625 0.8609375 0.03359375 0.125
16 0.371875 0.94609375 0.0515625 0.1078125
10 0.45 0.5796875 0.05390625 0.13671875
18 0.44609375 0.7703125 0.0515625 0.1265625
10 0.52734375 0.38828125 0.03984375 0.1265625
8 0.18359375 0.6 0.0796875 0.1828125
0 0.8015625 0.53515625 0.03046875 0.1171875
18 0.746875 0.68828125 0.04453125 0.1140625
10 0.5578125 0.5578125 0.05 0.14453125
10 0.4375 0.38515625 0.04609375 0.13828125
2 0.7265625 0.39375 0.03359375 0.109375
16 0.69765625 0.84765625 0.03046875 0.1234375
10 0.60703125 0.553125 0.04453125 0.13828125
16 0.47265625 0.93125 0.05 0.1375
1 0.6515625 0.55078125 0.04140625 0.13046875
16 0.75703125 0.828125 0.02421875 0.11640625
10 0.56875 0.38984375 0.03828125 0.12421875
6 0.82109375 0.39375 0.028125 0.103125
16 0.70546875 0.96875 0.0265625 0.0625
16 0.59609375 0.88671875 0.0296875 0.13203125
8 0.14921875 0.39140625 0.04609375 0.13828125
18 0.78828125 0.67890625 0.034375 0.1109375
1 0.64921875 0.390625 0.04140625 0.11953125
18 0.38828125 0.79765625 0.0578125 0.1078125
16 0.6734375 0.97578125 0.034375 0.0484375
16 0.72890625 0.83828125 0.0296875 0.12109375
16 0.19453125 0.97578125 0.065625 0.0484375
2 0.76015625 0.396875 0.03046875 0.10078125
0 0.83125 0.5328125 0.02578125 0.11328125
16 0.6375 0.98125 0.03359375 0.0375
16 0.79140625 0.95078125 0.028125 0.0984375
16 0.56171875 0.9046875 0.0375 0.1390625
16 0.62890625 0.8734375 0.034375 0.1296875
16 0.73359375 0.9625 0.0265625 0.075
16 0.784375 0.81796875 0.028125 0.1125
16 0.76171875 0.95625 0.0265625 0.0875
16 0.25859375 0.96640625 0.0578125 0.0671875
16 0.08359375 0.98984375 0.0765625 0.0203125