3 0.203125 0.84921875 0.06640625 0.2078125
3 0.2671875 0.8296875 0.0625 0.2
3 0.43828125 0.78046875 0.0578125 0.175
8 0.45546875 0.5859375 0.06171875 0.14140625
8 0.3125 0.6046875 0.0703125 0.15546875
3 0.33203125 0.81171875 0.06171875 0.1921875
17 0.10390625 0.43046875 0.078125 0.15859375
17 0.3234375 0.43046875 0.06015625 0.1390625
8 0.38671875 0.59453125 0.06796875 0.1484375
8 0.14453125 0.62734375 0.084375 0.1765625
17 0.4765625 0.428125 0.05546875 0.125
3 0.6328125 0.72265625 0.034375 0.1421875
3 0.5671875 0.74140625 0.0375 0.15703125
17 0.1828125 0.43046875 0.0734375 0.15078125
8 0.51484375 0.57734375 0.05234375 0.13203125
17 0.58828125 0.4234375 0.05 0.1203125
8 0.23359375 0.61484375 0.08046875 0.16640625
0 0.56875 0.5703125 0.05 0.1265625
3 0.38671875 0.7953125 0.04765625 0.18046875
0 0.6515625 0.56015625 0.034375 0.11640625
3 0.60078125 0.73046875 0.03046875 0.15078125
17 0.25625 0.43125 0.06953125 0.14453125
17 0.3859375 0.43046875 0.05859375 0.13203125
0 0.68671875 0.55546875 0.03359375 0.109375
5 0.13046875 0.86953125 0.0765625 0.2140625
3 0.5203125 0.75234375 0.05625 0.159375
17 0.53359375 0.425 0.05546875 0.12421875
0 0.6140625 0.5640625 0.0375 0.1203125
16 0.65078125 0.88203125 0.05 0.12578125
16 0.55 0.92890625 0.04375 0.1375
16 0.4625 0.94609375 0.046875 0.1078125
16 0.73671875 0.8296875 0.05 0.09921875
4 0.6984375 0.70703125 0.0296875 0.12578125
24 0.59140625 0.26796875 0.0734375 0.12890625
16 0.2921875 0.9796875 0.05234375 0.040625
0 0.72109375 0.5515625 0.03359375 0.10703125
4 0.66640625 0.7140625 0.03203125 0.13359375
24 0.51015625 0.265625 0.07421875 0.1203125
4 0.72734375 0.70078125 0.02578125 0.1203125
17 0.43046875 0.43046875 0.034375 0.1265625
16 0.2375 0.9890625 0.05625 0.02109375
24 0.25390625 0.22890625 0.0765625 0.1453125
16 0.6890625 0.87109375 0.034375 0.12421875
3 0.07890625 0.8671875 0.03046875 0.19140625