10 0.19453125 0.53359375 0.0640625 0.15859375
10 0.2015625 0.1390625 0.0703125 0.190625
10 0.26875 0.15703125 0.0578125 0.1734375
10 0.26953125 0.3421875 0.05234375 0.1328125
10 0.40546875 0.49921875 0.0359375 0.125
10 0.38046875 0.18515625 0.05390625 0.1515625
11 0.1296875 0.33125 0.08203125 0.1625
10 0.253125 0.525 0.04765625 0.14921875
10 0.43046875 0.196875 0.04375 0.14296875
12 0.16953125 0.73828125 0.078125 0.1640625
10 0.325 0.17265625 0.05234375 0.1609375
11 0.12109375 0.121875 0.084375 0.2015625
12 0.20078125 0.91484375 0.06015625 0.13671875
8 0.490625 0.3515625 0.0296875 0.1015625
8 0.5203125 0.3515625 0.028125 0.0984375
8 0.54609375 0.3515625 0.021875 0.09453125
8 0.59140625 0.353125 0.021875 0.0875
10 0.44140625 0.49375 0.03203125 0.1203125
10 0.628125 0.465625 0.0234375 0.0828125
10 0.31796875 0.34453125 0.03984375 0.12421875
8 0.5109375 0.74375 0.02421875 0.08828125
10 0.48359375 0.759375 0.0296875 0.096875
8 0.61171875 0.353125 0.01796875 0.08359375
8 0.61640625 0.2421875 0.0203125 0.1015625
8 0.54140625 0.6015625 0.028125 0.0984375
8 0.55546875 0.71796875 0.021875 0.0828125
8 0.59375 0.23671875 0.0234375 0.10703125
10 0.29609375 0.51875 0.0359375 0.1421875
8 0.56875 0.35234375 0.0203125 0.090625
8 0.57890625 0.47109375 0.0203125 0.096875
10 0.3578125 0.346875 0.0359375 0.1171875
10 0.39375 0.3484375 0.03203125 0.11171875
8 0.5375 0.2265625 0.03203125 0.11796875
10 0.3359375 0.51171875 0.03828125 0.1359375
8 0.63125 0.3546875 0.0203125 0.08046875
10 0.684375 0.35546875 0.015625 0.07109375
8 0.471875 0.48984375 0.02578125 0.115625
8 0.690625 0.4546875 0.01796875 0.07109375
10 0.4234375 0.79453125 0.03359375 0.10390625
8 0.56796875 0.23046875 0.0265625 0.1140625
12 0.23359375 0.71953125 0.04375 0.15703125
8 0.4984375 0.48515625 0.02421875 0.11171875
8 0.70390625 0.35546875 0.01640625 0.0671875
8 0.61875 0.57578125 0.01640625 0.0828125
11 0.20546875 0.334375 0.065625 0.15390625
10 0.45390625 0.7765625 0.02578125 0.09609375
1 0.76953125 0.35703125 0.01640625 0.0578125
10 0.34921875 0.83671875 0.0421875 0.1109375
10 0.42734375 0.34921875 0.03203125 0.1078125
10 0.65 0.46171875 0.01640625 0.07578125
8 0.53359375 0.73046875 0.0203125 0.08359375
8 0.46875 0.63125 0.0359375 0.10078125
8 0.58359375 0.58671875 0.021875 0.090625
8 0.5375 0.4765625 0.02421875 0.10546875
8 0.565625 0.59296875 0.01796875 0.09296875
10 0.459375 0.35078125 0.0296875 0.103125
10 0.38828125 0.81484375 0.03359375 0.10546875
8 0.6359375 0.2453125 0.021875 0.1
10 0.6734375 0.4578125 0.0140625 0.071875
8 0.559375 0.47421875 0.01796875 0.1015625
8 0.61015625 0.6890625 0.01640625 0.065625
10 0.37109375 0.5046875 0.0296875 0.12890625
10 0.25703125 0.8890625 0.04609375 0.11796875
8 0.7078125 0.4515625 0.015625 0.06640625
10 0.30390625 0.8625 0.0421875 0.1125
10 0.6515625 0.35546875 0.015625 0.07421875
8 0.628125 0.678125 0.01796875 0.065625
8 0.5765625 0.70625 0.01953125 0.078125
8 0.71640625 0.35625 0.01171875 0.065625
8 0.51796875 0.48203125 0.015625 0.10859375
8 0.4984375 0.61953125 0.021875 0.10390625
10 0.47109375 0.20546875 0.034375 0.13828125
10 0.671875 0.55859375 0.01640625 0.07109375
10 0.66796875 0.3546875 0.01640625 0.071875
1 0.7859375 0.35625 0.015625 0.0578125
8 0.5984375 0.46796875 0.01796875 0.09140625
2 0.81640625 0.35703125 0.0125 0.05390625
8 0.59453125 0.696875 0.015625 0.071875
10 0.6390625 0.56953125 0.01953125 0.07421875
10 0.6578125 0.56171875 0.0125 0.071875
2 0.8046875 0.35703125 0.01640625 0.05390625
8 0.65859375 0.659375 0.0125 0.06328125
8 0.64453125 0.66796875 0.0140625 0.06953125
8 0.71640625 0.26796875 0.01640625 0.07421875
8 0.6109375 0.4671875 0.0125 0.0875
8 0.60234375 0.578125 0.015625 0.084375
8 0.68828125 0.553125 0.015625 0.065625
8 0.7234375 0.35546875 0.01171875 0.065625
8 0.6734375 0.65078125 0.0140625 0.0625
10 0.5046875 0.21328125 0.03046875 0.13046875
1 0.753125 0.35625 0.0125 0.06171875
0 0.753125 0.44140625 0.01640625 0.0640625
8 0.69765625 0.26640625 0.015625 0.07578125
8 0.6953125 0.63984375 0.0140625 0.0578125
8 0.7234375 0.4484375 0.01171875 0.0640625
0 0.73671875 0.35625 0.0140625 0.06328125
2 0.8328125 0.35703125 0.0125 0.04921875
2 0.8234375 0.35703125 0.01015625 0.05
2 0.81484375 0.2859375 0.021875 0.065625
8 0.71640625 0.6265625 0.015625 0.06171875
3 0.26640625 0.990625 0.04765625 0.01796875
8 0.5171875 0.61328125 0.01640625 0.10078125
0 0.73671875 0.4453125 0.0140625 0.06328125
1 0.7703125 0.43671875 0.015625 0.0640625