8 0.7 0.5484375 0.0640625 0.22109375
10 0.46328125 0.53671875 0.04375 0.18203125
8 0.38359375 0.53828125 0.03359375 0.15078125
10 0.5109375 0.53828125 0.0484375 0.19140625
10 0.565625 0.5421875 0.05625 0.2
10 0.28203125 0.53125 0.028125 0.13671875
8 0.34921875 0.53671875 0.03203125 0.1453125
8 0.4203125 0.540625 0.03828125 0.15859375
8 0.63046875 0.54453125 0.06953125 0.2140625
8 0.78046875 0.5515625 0.09140625 0.23828125
10 0.31484375 0.53203125 0.034375 0.140625
0 0.20703125 0.5234375 0.021875 0.12578125
10 0.25546875 0.5265625 0.021875 0.13359375
17 0.12421875 0.51328125 0.0375 0.1234375
2 0.18515625 0.52109375 0.021875 0.12421875
0 0.23125 0.5265625 0.02578125 0.12890625
2 0.159375 0.515625 0.028125 0.13046875