2 0.1234375 0.44453125 0.0734375 0.1671875
19 0.8296875 0.775 0.0625 0.13359375
2 0.40078125 0.4453125 0.06171875 0.1578125
2 0.3359375 0.4453125 0.0625 0.15859375
17 0.6234375 0.79375 0.0703125 0.140625
17 0.46796875 0.8078125 0.0765625 0.14609375
2 0.26875 0.4453125 0.065625 0.16171875
2 0.45390625 0.6296875 0.0703125 0.159375
2 0.465625 0.446875 0.0625 0.1546875
10 0.53125 0.4453125 0.05859375 0.15078125
17 0.54765625 0.80078125 0.07421875 0.14296875
8 0.71328125 0.4453125 0.05234375 0.14453125
10 0.528125 0.62578125 0.06640625 0.15546875
22 0.1984375 0.240625 0.07421875 0.14921875
10 0.653125 0.44296875 0.06171875 0.1515625
2 0.3015625 0.6359375 0.07421875 0.165625
8 0.81640625 0.44453125 0.0484375 0.1390625
24 0.49453125 0.25703125 0.06953125 0.140625
8 0.72734375 0.6171875 0.06015625 0.14609375
10 0.6625 0.61953125 0.0625 0.15078125
10 0.59296875 0.44609375 0.05546875 0.14921875
0 0.1390625 0.6421875 0.08203125 0.1703125
18 0.69765625 0.7875 0.06640625 0.1421875
8 0.76640625 0.4453125 0.04765625 0.14140625
8 0.78828125 0.61328125 0.0578125 0.1453125
0 0.22265625 0.63984375 0.078125 0.1671875
8 0.85 0.6109375 0.05859375 0.14296875
10 0.596875 0.62265625 0.06015625 0.15390625
2 0.378125 0.63203125 0.0734375 0.1625
2 0.19765625 0.44453125 0.06953125 0.165625
24 0.41953125 0.25390625 0.0734375 0.14296875
8 0.86953125 0.4453125 0.05234375 0.13828125
18 0.76484375 0.78125 0.06171875 0.13828125
24 0.5671875 0.26015625 0.06640625 0.13828125
19 0.85546875 0.25546875 0.084375 0.1609375
21 0.14453125 0.8453125 0.07421875 0.13828125
22 0.11796875 0.234375 0.078125 0.15390625
24 0.778125 0.25546875 0.0640625 0.1578125
24 0.63984375 0.24921875 0.06953125 0.1625
24 0.70859375 0.2515625 0.06171875 0.1609375
21 0.221875 0.83828125 0.0734375 0.13671875
24 0.27265625 0.24453125 0.06796875 0.1484375