10 0.715625 0.64296875 0.08046875 0.2109375
1 0.4375 0.34296875 0.0484375 0.165625
1 0.4359375 0.55390625 0.0578125 0.1671875
10 0.63359375 0.6171875 0.0796875 0.1984375
8 0.55859375 0.590625 0.06640625 0.18828125
10 0.78359375 0.378125 0.0859375 0.2046875
12 0.79453125 0.8703125 0.08984375 0.14140625
12 0.89375 0.8578125 0.09453125 0.2140625
8 0.4953125 0.57109375 0.0578125 0.175
10 0.88125 0.38671875 0.1015625 0.21328125
10 0.6953125 0.3703125 0.08359375 0.19453125
8 0.54296875 0.35625 0.0484375 0.17890625
12 0.97734375 0.70546875 0.04453125 0.2875
8 0.6078125 0.36328125 0.07578125 0.1875
2 0.24140625 0.4984375 0.03984375 0.14453125
2 0.2828125 0.5078125 0.0421875 0.1546875
8 0.48984375 0.35078125 0.05390625 0.1703125
17 0.15078125 0.31796875 0.03203125 0.1109375
0 0.3875 0.33671875 0.04609375 0.1609375
6 0.2953125 0.325 0.0484375 0.15078125
17 0.1875 0.3234375 0.03828125 0.11640625
18 0.11171875 0.3140625 0.0421875 0.1078125
6 0.23828125 0.31953125 0.05625 0.1453125
1 0.38046875 0.5390625 0.05 0.15859375
0 0.34296875 0.33203125 0.0421875 0.15390625
0 0.33046875 0.521875 0.0484375 0.1578125
17 0.1953125 0.4984375 0.04375 0.1140625
17 0.15546875 0.4859375 0.03203125 0.10546875
17 0.125 0.4734375 0.02578125 0.1
17 0.09609375 0.4671875 0.028125 0.09296875