8 0.925 0.37421875 0.05859375 0.14140625
8 0.85859375 0.378125 0.06015625 0.1375
2 0.25859375 0.4046875 0.0484375 0.12421875
17 0.534375 0.584375 0.06171875 0.125
17 0.796875 0.596875 0.0640625 0.12421875
3 0.22421875 0.7359375 0.03828125 0.14453125
8 0.46875 0.3953125 0.05546875 0.13203125
18 0.86640625 0.596875 0.065625 0.12578125
24 0.36015625 0.58046875 0.0515625 0.121875
16 0.51640625 0.75703125 0.0484375 0.16328125
24 0.4140625 0.58203125 0.0515625 0.1234375
16 0.46640625 0.7546875 0.04765625 0.159375
10 0.58515625 0.38984375 0.05625 0.13359375
24 0.30703125 0.58125 0.05 0.1203125
17 0.73046875 0.59453125 0.06171875 0.12109375
1 0.30859375 0.403125 0.04765625 0.12578125
16 0.30625 0.7421875 0.04375 0.14921875
10 0.5265625 0.3921875 0.05390625 0.134375
2 0.20859375 0.40703125 0.04609375 0.1203125
8 0.4125 0.39765625 0.05234375 0.13046875
8 0.796875 0.38203125 0.0578125 0.1359375
4 0.2640625 0.7390625 0.0375 0.14609375
1 0.359375 0.4 0.0484375 0.12890625
24 0.209375 0.58828125 0.0421875 0.096875
5 0.18359375 0.7328125 0.0375 0.14140625
24 0.25546875 0.5890625 0.04375 0.09921875
10 0.74140625 0.3859375 0.04765625 0.1296875
10 0.68828125 0.3890625 0.0515625 0.12890625
10 0.63828125 0.3921875 0.04375 0.125
16 0.42265625 0.7484375 0.03828125 0.1578125
2 0.1171875 0.415625 0.0421875 0.10859375
16 0.35234375 0.74296875 0.04453125 0.153125
16 0.390625 0.74453125 0.0265625 0.15390625
22 0.471875 0.584375 0.0578125 0.12109375
0 0.16171875 0.409375 0.04453125 0.11796875
15 0.1078125 0.72734375 0.04375 0.1390625
16 0.1671875 0.58828125 0.0375 0.0953125
15 0.14765625 0.73046875 0.034375 0.140625