0 0.5984375 0.2375 0.0578125 0.1625
0 0.5359375 0.23671875 0.06015625 0.1625
8 0.346875 0.453125 0.05625 0.1421875
8 0.39375 0.68671875 0.0734375 0.1484375
0 0.71796875 0.2421875 0.0578125 0.1578125
2 0.465625 0.453125 0.05234375 0.1390625
8 0.2875 0.23203125 0.06171875 0.165625
0 0.521875 0.45078125 0.05390625 0.13828125
2 0.475 0.2375 0.0578125 0.1625
2 0.68671875 0.6828125 0.06171875 0.14453125
10 0.3515625 0.234375 0.0578125 0.1640625
8 0.22265625 0.228125 0.06171875 0.1671875
0 0.6875 0.4515625 0.05234375 0.13671875
0 0.6328125 0.45078125 0.05234375 0.1375
2 0.484375 0.6859375 0.06796875 0.1484375
2 0.6203125 0.6765625 0.065625 0.16171875
8 0.2890625 0.45234375 0.05234375 0.1421875
0 0.57734375 0.45078125 0.05234375 0.1390625
2 0.55390625 0.678125 0.0640625 0.1609375
10 0.4078125 0.45390625 0.05625 0.1421875
0 0.65859375 0.2390625 0.0578125 0.159375
10 0.4140625 0.23671875 0.05859375 0.1625
2 0.7546875 0.68203125 0.06953125 0.14296875
8 0.28046875 0.6890625 0.0765625 0.1515625
0 0.7765625 0.2421875 0.05390625 0.1578125
0 0.74375 0.45078125 0.05390625 0.13671875
16 0.03671875 0.67421875 0.0703125 0.17109375
3 0.03125 0.425 0.0625 0.184375
13 0.23046875 0.03671875 0.11171875 0.0734375
13 0.3390625 0.0390625 0.09765625 0.078125