11 0.8296875 0.7203125 0.08359375 0.1640625
11 0.64453125 0.65625 0.04609375 0.171875
12 0.69921875 0.4234375 0.05234375 0.18046875
11 0.69375 0.66796875 0.04609375 0.1796875
11 0.7515625 0.6828125 0.065625 0.19140625
10 0.54140625 0.6328125 0.03359375 0.1328125
12 0.64453125 0.42421875 0.05546875 0.171875
12 0.75625 0.42421875 0.06015625 0.19453125
10 0.44453125 0.60859375 0.02421875 0.11953125
10 0.50546875 0.6265625 0.03359375 0.1296875
10 0.59921875 0.4390625 0.03203125 0.1328125
12 0.83671875 0.4234375 0.09765625 0.20390625
10 0.58359375 0.6453125 0.04765625 0.15
10 0.53125 0.43828125 0.03046875 0.1203125
8 0.42421875 0.434375 0.02421875 0.1046875
10 0.4484375 0.43671875 0.01953125 0.1078125
10 0.4734375 0.6171875 0.0296875 0.125
10 0.49921875 0.43671875 0.028125 0.1140625
8 0.3796875 0.434375 0.01640625 0.0984375
10 0.56484375 0.43828125 0.03359375 0.128125
8 0.36015625 0.434375 0.0203125 0.0953125
10 0.47109375 0.4359375 0.02578125 0.11328125
2 0.30390625 0.4328125 0.015625 0.08671875
8 0.39921875 0.434375 0.021875 0.1015625
8 0.4203125 0.6015625 0.0234375 0.11328125
8 0.3390625 0.43359375 0.01953125 0.09140625
2 0.28828125 0.4328125 0.0125 0.0859375
2 0.3078125 0.5703125 0.01640625 0.09296875
8 0.32109375 0.4328125 0.01640625 0.0890625
8 0.39140625 0.59453125 0.0296875 0.1125
17 0.17890625 0.42890625 0.0140625 0.06796875
0 0.325 0.5765625 0.015625 0.0984375
17 0.19453125 0.43125 0.015625 0.06640625
2 0.27265625 0.43203125 0.015625 0.08359375
17 0.16328125 0.4265625 0.0125 0.0671875
0 0.34140625 0.58203125 0.01796875 0.10078125
17 0.14921875 0.4265625 0.01171875 0.065625