7 0.37265625 0.5234375 0.05 0.11640625
0 0.27578125 0.5234375 0.0484375 0.11328125
22 0.18828125 0.66953125 0.03828125 0.0859375
16 0.64140625 0.95703125 0.0421875 0.0859375
16 0.46875 0.94921875 0.04140625 0.09921875
17 0.74296875 0.67890625 0.06015625 0.12421875
12 0.79140625 0.5234375 0.0578125 0.13828125
16 0.78046875 0.96171875 0.04765625 0.07578125
2 0.17421875 0.3859375 0.03828125 0.1046875
11 0.74296875 0.365625 0.0640625 0.13671875
17 0.80390625 0.67578125 0.05625 0.1203125
8 0.57265625 0.525 0.0484375 0.12109375
16 0.6859375 0.9578125 0.04375 0.0828125
3 0.57890625 0.81875 0.04140625 0.13046875
11 0.80625 0.3625 0.0578125 0.140625
16 0.5109375 0.9515625 0.04140625 0.096875
18 0.68046875 0.6765625 0.05859375 0.121875
17 0.275 0.67578125 0.0421875 0.0796875
16 0.73203125 0.96015625 0.04453125 0.0796875
5 0.53515625 0.815625 0.0421875 0.13046875
16 0.55234375 0.95234375 0.0421875 0.0953125
16 0.38828125 0.946875 0.03828125 0.10546875
8 0.640625 0.378125 0.04375 0.11171875
4 0.66640625 0.8234375 0.04140625 0.1296875
2 0.378125 0.3828125 0.04375 0.10546875
8 0.67890625 0.5265625 0.05 0.12421875
18 0.61953125 0.6734375 0.0578125 0.12421875
3 0.6234375 0.821875 0.0421875 0.1328125
10 0.421875 0.5234375 0.04375 0.11640625
1 0.32421875 0.5234375 0.04375 0.1140625
17 0.31796875 0.671875 0.03984375 0.0890625
4 0.803125 0.83515625 0.04453125 0.1328125
17 0.2296875 0.675 0.0421875 0.078125
4 0.71015625 0.828125 0.04375 0.13203125
16 0.23125 0.940625 0.03984375 0.11796875
8 0.5515625 0.3796875 0.03984375 0.109375
10 0.42265625 0.38203125 0.04140625 0.10546875
16 0.42734375 0.9484375 0.03828125 0.103125
2 0.2546875 0.384375 0.0375 0.1046875
16 0.19140625 0.93828125 0.03828125 0.12109375
16 0.1515625 0.93515625 0.03828125 0.121875
0 0.1796875 0.52265625 0.04375 0.1125
12 0.73359375 0.52265625 0.05390625 0.134375
16 0.596875 0.9546875 0.04375 0.0890625
8 0.59453125 0.3796875 0.0421875 0.1109375
10 0.46953125 0.52578125 0.04765625 0.11640625
5 0.49140625 0.8125 0.0421875 0.12890625
10 0.5078125 0.38046875 0.0421875 0.1078125
8 0.6859375 0.37734375 0.04453125 0.11171875
2 0.29453125 0.384375 0.03828125 0.1046875
2 0.134375 0.3859375 0.0375 0.1046875
2 0.33515625 0.384375 0.03828125 0.10546875
2 0.21484375 0.38515625 0.03828125 0.10703125
0 0.22578125 0.5234375 0.04453125 0.11328125
2 0.096875 0.3859375 0.0375 0.10390625
8 0.62578125 0.52578125 0.0515625 0.121875
10 0.46484375 0.38125 0.03984375 0.10703125
10 0.5203125 0.52734375 0.04765625 0.1140625
4 0.75625 0.83125 0.04453125 0.134375
0 0.1328125 0.52109375 0.04609375 0.11328125
19 0.36484375 0.6734375 0.0484375 0.09140625
24 0.4921875 0.22421875 0.05546875 0.1125
24 0.43359375 0.2234375 0.05546875 0.1171875
22 0.1484375 0.66796875 0.0375 0.08359375
16 0.3484375 0.9453125 0.03828125 0.109375
15 0.9796875 0.97109375 0.040625 0.0546875
15 0.934375 0.96953125 0.0484375 0.0609375
16 0.30859375 0.94296875 0.0375 0.11328125
16 0.27109375 0.94140625 0.0359375 0.1171875
22 0.11171875 0.66640625 0.03359375 0.0828125
24 0.55 0.2203125 0.0515625 0.11328125
16 0.3078125 0.81796875 0.03203125 0.090625