2 0.24609375 0.27890625 0.04765625 0.1203125
12 0.7609375 0.40078125 0.0421875 0.090625
2 0.234375 0.41875 0.05546875 0.10703125
2 0.1421875 0.2734375 0.05546875 0.128125
1 0.40546875 0.28515625 0.05 0.10390625
8 0.54140625 0.5328125 0.04765625 0.1109375
17 0.57265625 0.16171875 0.0421875 0.1
10 0.63046875 0.52734375 0.03828125 0.1015625
0 0.34609375 0.415625 0.0515625 0.103125
8 0.5875 0.5296875 0.0421875 0.1078125
0 0.3484375 0.5515625 0.04609375 0.1140625
2 0.196875 0.275 0.0484375 0.1265625
0 0.35234375 0.284375 0.0515625 0.1078125
2 0.2375 0.5609375 0.0578125 0.11953125
24 0.4359375 0.6828125 0.0421875 0.084375
24 0.53046875 0.79140625 0.04140625 0.0921875
24 0.38984375 0.68828125 0.04375 0.08671875
2 0.1734375 0.41953125 0.06171875 0.109375
10 0.67109375 0.5234375 0.0375 0.1015625
1 0.44296875 0.54296875 0.04453125 0.109375
8 0.49140625 0.53671875 0.04765625 0.11171875
12 0.76953125 0.2875 0.05 0.1
1 0.45703125 0.28671875 0.0484375 0.1
17 0.2125 0.14453125 0.0578125 0.0953125
12 0.75 0.515625 0.04453125 0.103125
8 0.60078125 0.290625 0.04375 0.09609375
8 0.55546875 0.28984375 0.0421875 0.09609375
8 0.49375 0.409375 0.03984375 0.10078125
1 0.4484375 0.41171875 0.04609375 0.0984375
24 0.68671875 0.76484375 0.0359375 0.0875
8 0.60546875 0.40546875 0.034375 0.0984375
16 0.2390625 0.84609375 0.0515625 0.10390625
0 0.2984375 0.28125 0.05234375 0.115625
8 0.50859375 0.28828125 0.04765625 0.1
24 0.48359375 0.67421875 0.04375 0.0828125
17 0.61875 0.1640625 0.04453125 0.1
24 0.5296875 0.66796875 0.0421875 0.0828125
18 0.38046875 0.14765625 0.05234375 0.1078125
10 0.7203125 0.40234375 0.034375 0.0890625
2 0.17109375 0.5640625 0.06796875 0.121875
10 0.64453125 0.29140625 0.03828125 0.09296875
8 0.5328125 0.4078125 0.0359375 0.1
17 0.76484375 0.16171875 0.04609375 0.11953125
1 0.39609375 0.54765625 0.04453125 0.11171875
17 0.8140625 0.15625 0.0484375 0.13046875
17 0.15078125 0.13671875 0.06015625 0.10390625
22 0.69140625 0.6390625 0.03984375 0.0875
1 0.3984375 0.4140625 0.0484375 0.10078125
0 0.296875 0.55546875 0.05390625 0.1171875
24 0.571875 0.7828125 0.0359375 0.09140625
10 0.68125 0.40390625 0.0375 0.090625
8 0.56875 0.40703125 0.03359375 0.1
17 0.2703125 0.1453125 0.05234375 0.0953125
17 0.325 0.14921875 0.05234375 0.09609375
10 0.68515625 0.29140625 0.03984375 0.09296875
24 0.44140625 0.8078125 0.04375 0.09609375
10 0.72421875 0.290625 0.0359375 0.0921875
18 0.66640625 0.15859375 0.04609375 0.115625
24 0.57109375 0.66328125 0.0375 0.07890625
10 0.6421875 0.40546875 0.0375 0.090625
0 0.29140625 0.41796875 0.05234375 0.10390625
24 0.64921875 0.76953125 0.034375 0.0875
24 0.6109375 0.7765625 0.03828125 0.0890625
10 0.70859375 0.5203125 0.03359375 0.1
24 0.721875 0.7578125 0.03046875 0.08671875
18 0.71640625 0.16171875 0.04609375 0.11640625
18 0.48515625 0.1546875 0.04765625 0.1078125
16 0.29453125 0.83671875 0.05 0.1015625
18 0.43359375 0.15078125 0.05 0.109375
24 0.61015625 0.66015625 0.0359375 0.075
24 0.48671875 0.79921875 0.04140625 0.0953125
24 0.39140625 0.81953125 0.04453125 0.09921875
22 0.73125 0.6359375 0.0375 0.08671875
22 0.76875 0.63828125 0.034375 0.07421875
16 0.18125 0.85625 0.05625 0.10390625
3 0.03125 0.86328125 0.05 0.1484375
16 0.34453125 0.828125 0.04609375 0.0984375
24 0.7578125 0.7515625 0.0359375 0.08359375
22 0.65078125 0.6453125 0.03984375 0.0890625
16 0.22578125 0.7046875 0.05 0.10546875
3 0.0859375 0.8546875 0.05546875 0.1453125
16 0.0109375 0.67578125 0.0203125 0.14921875
17 0.1015625 0.1484375 0.0359375 0.075