17 0.28515625 0.36015625 0.0421875 0.12421875
12 0.62734375 0.91171875 0.0734375 0.1359375
10 0.69296875 0.64296875 0.0703125 0.1890625
8 0.77578125 0.32421875 0.0796875 0.23671875
17 0.31015625 0.56171875 0.04375 0.159375
18 0.21875 0.54375 0.04375 0.146875
10 0.6203125 0.63828125 0.06796875 0.165625
1 0.55546875 0.61796875 0.0578125 0.178125
6 0.44296875 0.81171875 0.04609375 0.1765625
8 0.8765625 0.3203125 0.1140625 0.25078125
6 0.5015625 0.828125 0.0640625 0.18671875
8 0.88203125 0.646875 0.1140625 0.259375
2 0.4734375 0.3359375 0.05390625 0.18828125
1 0.5046875 0.6015625 0.04140625 0.1859375
2 0.45859375 0.59296875 0.05 0.175
10 0.70078125 0.328125 0.065625 0.21953125
17 0.17890625 0.55 0.03203125 0.1203125
12 0.56171875 0.8546875 0.05 0.18046875
10 0.63515625 0.33046875 0.0625 0.2109375
0 0.57578125 0.33046875 0.05390625 0.20390625
2 0.42265625 0.33828125 0.04453125 0.17890625
8 0.7765625 0.63515625 0.08984375 0.246875
18 0.26484375 0.55234375 0.04765625 0.153125
17 0.146875 0.54921875 0.03046875 0.1046875
17 0.33046875 0.3609375 0.04765625 0.128125
0 0.525 0.33359375 0.04765625 0.19609375
2 0.40703125 0.58203125 0.05234375 0.16796875
17 0.35546875 0.56796875 0.04765625 0.1703125
2 0.37734375 0.3390625 0.04453125 0.17578125
13 0.390625 0.78984375 0.0515625 0.178125
3 0.20625 0.721875 0.0375 0.1484375
11 0.81328125 0.915625 0.1015625 0.16796875
5 0.1703125 0.71171875 0.03203125 0.15
24 0.1984375 0.35546875 0.04375 0.12578125
11 0.7140625 0.9140625 0.0859375 0.17109375
18 0.1171875 0.53828125 0.028125 0.1125
24 0.24140625 0.35546875 0.04140625 0.1296875