17 0.24140625 0.70390625 0.04453125 0.09296875
17 0.18984375 0.69765625 0.05390625 0.10859375
17 0.07578125 0.69921875 0.05390625 0.1109375
17 0.42578125 0.703125 0.0421875 0.0890625
2 0.8796875 0.4890625 0.04609375 0.1046875
2 0.6984375 0.4953125 0.0359375 0.09296875
17 0.38046875 0.703125 0.04375 0.090625
8 0.06484375 0.5 0.03984375 0.0953125
8 0.27265625 0.4953125 0.0421875 0.09609375
17 0.46953125 0.70625 0.04375 0.08359375
10 0.39453125 0.49609375 0.0375 0.09296875
1 0.73984375 0.490625 0.04375 0.1
17 0.1328125 0.6984375 0.05546875 0.1109375
1 0.8328125 0.48984375 0.04375 0.10390625
8 0.10625 0.49921875 0.03984375 0.0953125
17 0.28828125 0.7046875 0.04453125 0.09140625
17 0.334375 0.7046875 0.04375 0.090625
2 0.6609375 0.4953125 0.0375 0.0921875
24 0.6515625 0.703125 0.04453125 0.0890625
8 0.22734375 0.4984375 0.04453125 0.096875
2 0.9296875 0.4890625 0.05 0.10546875
8 0.35546875 0.49609375 0.0375 0.09296875
17 0.515625 0.70625 0.04375 0.084375
8 0.31484375 0.4953125 0.03984375 0.09453125
1 0.7859375 0.48984375 0.04453125 0.103125
24 0.559375 0.703125 0.03984375 0.09140625
8 0.14765625 0.49921875 0.03828125 0.0953125
10 0.47109375 0.49609375 0.0359375 0.09296875
0 0.58359375 0.4953125 0.0375 0.09453125
24 0.6046875 0.703125 0.04375 0.09140625
0 0.62265625 0.4953125 0.0359375 0.09296875
10 0.54609375 0.49609375 0.034375 0.0921875
10 0.43359375 0.496875 0.0359375 0.09296875
10 0.50859375 0.49609375 0.034375 0.0921875
8 0.1859375 0.49921875 0.034375 0.09609375
24 0.6984375 0.703125 0.0421875 0.0875