5 0.82265625 0.61875 0.03984375 0.1390625
5 0.7796875 0.62578125 0.0421875 0.1453125
3 0.38984375 0.68125 0.05546875 0.17421875
17 0.1015625 0.50078125 0.08046875 0.14453125
3 0.13046875 0.71171875 0.06796875 0.19921875
16 0.2640625 0.93046875 0.0625 0.13828125
2 0.59609375 0.22421875 0.0484375 0.1421875
3 0.26953125 0.6984375 0.065625 0.1828125
8 0.23828125 0.2046875 0.07578125 0.1796875
3 0.33125 0.68984375 0.05625 0.17890625
3 0.20078125 0.70546875 0.06953125 0.19140625
5 0.86171875 0.61328125 0.0359375 0.13359375
16 0.3328125 0.92578125 0.06640625 0.1484375
5 0.64453125 0.64375 0.04453125 0.1515625
4 0.59765625 0.65078125 0.04609375 0.1578125
3 0.05703125 0.7296875 0.0765625 0.19296875
10 0.540625 0.215625 0.0578125 0.159375
16 0.1953125 0.93515625 0.06875 0.1296875
17 0.62890625 0.45234375 0.06015625 0.13828125
5 0.73515625 0.63125 0.04375 0.15
2 0.64765625 0.22265625 0.0484375 0.14609375
17 0.18359375 0.49453125 0.0734375 0.14140625
8 0.39453125 0.2109375 0.0703125 0.16953125
0 0.80703125 0.22265625 0.05 0.1453125
5 0.68984375 0.63671875 0.04375 0.1515625
17 0.2578125 0.49140625 0.06953125 0.1359375
17 0.7515625 0.4421875 0.05546875 0.1328125
4 0.5484375 0.65703125 0.0484375 0.16171875
10 0.47421875 0.2140625 0.06640625 0.165625
17 0.3953125 0.48046875 0.06015625 0.128125
8 0.31796875 0.20625 0.07578125 0.17578125
17 0.328125 0.4859375 0.065625 0.13203125
8 0.15546875 0.19921875 0.078125 0.18671875
0 0.7546875 0.2203125 0.05 0.15
18 0.8078125 0.4375 0.05234375 0.13046875
16 0.51953125 0.89140625 0.05234375 0.15859375
4 0.4984375 0.665625 0.0484375 0.165625
18 0.5671875 0.46796875 0.05234375 0.11796875
8 0.06796875 0.1953125 0.0875 0.196875
18 0.5140625 0.471875 0.05 0.1203125
16 0.621875 0.878125 0.05390625 0.15078125
0 0.70078125 0.21953125 0.05390625 0.153125
5 0.9015625 0.60703125 0.0421875 0.134375
16 0.4625 0.9015625 0.05625 0.1625
17 0.69140625 0.446875 0.05859375 0.134375
2 0.85703125 0.22421875 0.04609375 0.1421875
2 0.903125 0.22578125 0.0421875 0.1375
16 0.5703125 0.88046875 0.04609375 0.15546875
20 0.91875 0.43359375 0.05234375 0.121875
16 0.76171875 0.83828125 0.04375 0.1421875
16 0.80703125 0.828125 0.04453125 0.140625
4 0.44609375 0.6734375 0.05390625 0.1703125
16 0.71328125 0.8484375 0.0515625 0.146875
20 0.8625 0.4359375 0.0515625 0.1265625
16 0.8859375 0.80546875 0.0359375 0.13671875
16 0.8484375 0.815625 0.0359375 0.1421875
16 0.66796875 0.8625 0.0359375 0.14609375
7 0.01015625 0.74140625 0.0203125 0.20078125