24 0.68984375 0.66328125 0.0796875 0.15703125
4 0.27578125 0.86328125 0.0625 0.18671875
8 0.3171875 0.47421875 0.07421875 0.159375
4 0.3390625 0.86484375 0.05859375 0.18671875
4 0.59921875 0.8703125 0.0640625 0.19609375
4 0.53359375 0.86796875 0.0625 0.1921875
4 0.4671875 0.8671875 0.0625 0.19140625
10 0.81640625 0.47890625 0.0640625 0.15546875
18 0.1234375 0.66171875 0.065625 0.1390625
4 0.4015625 0.86640625 0.0625 0.19140625
8 0.39453125 0.4734375 0.071875 0.16171875
10 0.54765625 0.475 0.0734375 0.1609375
4 0.66640625 0.871875 0.0640625 0.196875
18 0.19140625 0.66171875 0.06640625 0.14140625
4 0.80078125 0.87421875 0.065625 0.19140625
8 0.75 0.4796875 0.06171875 0.15390625
4 0.8734375 0.87578125 0.07578125 0.190625
8 0.68359375 0.478125 0.0640625 0.1546875
4 0.73359375 0.87265625 0.0625 0.1921875
18 0.2640625 0.66328125 0.06953125 0.14140625
3 0.02578125 0.8578125 0.0515625 0.1875
10 0.47109375 0.4734375 0.071875 0.16171875
18 0.43046875 0.66015625 0.0875 0.15390625
4 0.2125 0.86171875 0.0578125 0.184375
8 0.61796875 0.47890625 0.06171875 0.15390625
18 0.521875 0.6609375 0.0859375 0.15546875
18 0.34140625 0.6640625 0.0765625 0.14296875
24 0.60703125 0.66171875 0.07421875 0.1578125
10 0.88203125 0.47890625 0.0625 0.1578125
3 0.084375 0.859375 0.06171875 0.1859375
13 0.140625 0.4703125 0.09140625 0.1640625
24 0.77109375 0.671875 0.0765625 0.1421875
17 0.99375 0.4859375 0.0125 0.1359375
3 0.14921875 0.86171875 0.0640625 0.18671875