8 0.2359375 0.4953125 0.0484375 0.21171875
8 0.184375 0.50546875 0.05 0.21796875
10 0.49140625 0.440625 0.03828125 0.19375
17 0.73125 0.4015625 0.0328125 0.15234375
10 0.45078125 0.4484375 0.0375 0.1984375
8 0.284375 0.4875 0.04296875 0.20390625
10 0.371875 0.4734375 0.0390625 0.18984375
10 0.3296875 0.48046875 0.04296875 0.19609375
8 0.1296875 0.51484375 0.05703125 0.2265625
8 0.53203125 0.43359375 0.03828125 0.1859375
8 0.5734375 0.4265625 0.03828125 0.18203125
8 0.6109375 0.421875 0.03359375 0.17578125
10 0.41171875 0.46484375 0.03671875 0.1875
17 0.84296875 0.39296875 0.02109375 0.115625
17 0.696875 0.40703125 0.0328125 0.1578125
18 0.8828125 0.3875 0.0234375 0.11015625
17 0.86171875 0.390625 0.01640625 0.11015625
17 0.6703125 0.4125 0.0171875 0.1625
17 0.81953125 0.3875 0.0234375 0.134375