1 0.6390625 0.4453125 0.071875 0.1734375
6 0.80703125 0.43828125 0.08359375 0.20078125
10 0.3265625 0.45078125 0.05 0.1421875
18 0.3515625 0.6515625 0.05390625 0.1140625
17 0.55546875 0.6578125 0.07578125 0.153125
17 0.7234375 0.6703125 0.0875 0.1671875
6 0.88984375 0.434375 0.07578125 0.21171875
6 0.71953125 0.4375 0.08359375 0.1953125
2 0.5015625 0.45 0.06171875 0.159375
1 0.56796875 0.44921875 0.065625 0.16328125
17 0.63515625 0.6640625 0.0765625 0.1625
17 0.809375 0.67890625 0.078125 0.17421875
16 0.67578125 0.859375 0.0625 0.1546875
10 0.23046875 0.45703125 0.0375 0.125
18 0.29453125 0.64296875 0.05234375 0.11640625
2 0.43828125 0.45078125 0.06015625 0.15390625
8 0.12109375 0.4578125 0.03203125 0.1171875
8 0.275 0.45078125 0.04765625 0.13828125
8 0.0875 0.4578125 0.03359375 0.1171875
5 0.31953125 0.80078125 0.04140625 0.13046875
10 0.19140625 0.4578125 0.0359375 0.12109375
10 0.15546875 0.4578125 0.03359375 0.11953125
16 0.50546875 0.83046875 0.04765625 0.14453125
8 0.0515625 0.4578125 0.034375 0.115625
3 0.0953125 0.7609375 0.03359375 0.1171875
2 0.38046875 0.45 0.05234375 0.14921875
3 0.13125 0.7671875 0.0359375 0.11953125
4 0.40703125 0.8140625 0.04453125 0.134375
3 0.16796875 0.77421875 0.03203125 0.11796875
4 0.45546875 0.82265625 0.04765625 0.140625
18 0.41015625 0.65078125 0.05625 0.1296875
16 0.55703125 0.8421875 0.0515625 0.1421875
4 0.3625 0.80703125 0.0421875 0.13203125
5 0.27734375 0.79296875 0.03984375 0.125
5 0.2015625 0.7828125 0.03359375 0.12109375