0 0.71640625 0.12109375 0.0859375 0.23203125
16 0.4984375 0.56484375 0.04375 0.15546875
16 0.4546875 0.559375 0.0421875 0.1515625
8 0.4875 0.15390625 0.0625 0.1984375
17 0.4140625 0.38828125 0.04375 0.11328125
0 0.81015625 0.115625 0.09609375 0.23046875
17 0.3625 0.384375 0.05546875 0.1125
24 0.71953125 0.396875 0.0703125 0.14453125
17 0.4625 0.38828125 0.0484375 0.121875
8 0.425 0.1625 0.0578125 0.18828125
2 0.6328125 0.13203125 0.0765625 0.22109375
16 0.4125 0.553125 0.03984375 0.146875
10 0.3703125 0.171875 0.04609375 0.1734375
5 0.509375 0.8296875 0.04375 0.1546875
24 0.58203125 0.3921875 0.05859375 0.13046875
10 0.20703125 0.196875 0.0375 0.1390625
24 0.51953125 0.390625 0.05625 0.1265625
10 0.1671875 0.20078125 0.04140625 0.1375
8 0.28046875 0.18828125 0.0359375 0.14921875
24 0.6484375 0.39453125 0.0640625 0.1375
8 0.24453125 0.19140625 0.034375 0.14453125
2 0.55703125 0.14375 0.0703125 0.2078125
16 0.64140625 0.5890625 0.05546875 0.1703125
24 0.79609375 0.396875 0.0765625 0.153125
10 0.32265625 0.18046875 0.04453125 0.15703125
4 0.46953125 0.8140625 0.0359375 0.15078125
16 0.696875 0.59765625 0.05390625 0.17421875
3 0.32578125 0.76328125 0.03046875 0.1296875
3 0.29453125 0.753125 0.03046875 0.12421875
5 0.55546875 0.840625 0.04765625 0.16328125
3 0.26171875 0.74453125 0.0359375 0.1203125
16 0.85859375 0.5859375 0.0765625 0.159375
16 0.54375 0.5734375 0.04765625 0.15859375