2 0.3390625 0.39765625 0.05 0.271875
2 0.4546875 0.39765625 0.03359375 0.23046875
10 0.515625 0.39453125 0.02890625 0.20625
2 0.38515625 0.396875 0.040625 0.25625
10 0.56953125 0.39453125 0.021875 0.1875
10 0.63046875 0.39453125 0.01640625 0.1640625
2 0.421875 0.396875 0.03046875 0.24375
0 0.4859375 0.3953125 0.0265625 0.21796875
10 0.61171875 0.39375 0.01796875 0.16953125
8 0.6484375 0.39453125 0.0171875 0.15625
8 0.665625 0.3953125 0.0171875 0.1484375
10 0.54375 0.39375 0.02578125 0.19765625
10 0.5921875 0.39375 0.02109375 0.178125
8 0.68203125 0.39453125 0.0125 0.1421875
8 0.696875 0.39765625 0.015625 0.13203125
8 0.7296875 0.396875 0.01171875 0.1203125
8 0.71796875 0.396875 0.0109375 0.12578125
8 0.7109375 0.39609375 0.01171875 0.128125