8 0.6125 0.5640625 0.0703125 0.2296875
10 0.44765625 0.55390625 0.04140625 0.190625
10 0.49296875 0.55625 0.0484375 0.19921875
10 0.54765625 0.56015625 0.05625 0.21171875
8 0.371875 0.55390625 0.03203125 0.1578125
8 0.68359375 0.56875 0.065625 0.2390625
10 0.30859375 0.54765625 0.03203125 0.14453125
8 0.40703125 0.5578125 0.0375 0.16640625
8 0.76875 0.57578125 0.1 0.25859375
10 0.27890625 0.54453125 0.02578125 0.1390625
8 0.340625 0.55078125 0.0296875 0.15078125
17 0.13515625 0.52578125 0.0375 0.12578125
10 0.2546875 0.5421875 0.0203125 0.1359375
0 0.2109375 0.53671875 0.01953125 0.128125
2 0.19140625 0.5328125 0.01953125 0.1296875
8 0.2328125 0.540625 0.0234375 0.1328125
8 0.84375 0.534375 0.04609375 0.16328125
2 0.16875 0.528125 0.0265625 0.1359375