8 0.78203125 0.53828125 0.0515625 0.14609375
8 0.83515625 0.54453125 0.05234375 0.15
10 0.68046875 0.5234375 0.04453125 0.13359375
8 0.7296875 0.52890625 0.0515625 0.14140625
8 0.51875 0.503125 0.0265625 0.10390625
10 0.59921875 0.5125 0.0359375 0.1203125
10 0.6375 0.5171875 0.03828125 0.1265625
8 0.8953125 0.5515625 0.065625 0.15546875
8 0.54609375 0.50703125 0.0265625 0.10546875
0 0.35546875 0.47421875 0.021875 0.0890625
1 0.42265625 0.48046875 0.03203125 0.10546875
10 0.49375 0.4984375 0.021875 0.1
10 0.45078125 0.49140625 0.021875 0.09609375
0 0.3203125 0.46796875 0.01640625 0.0859375
0 0.30234375 0.465625 0.01796875 0.08359375
10 0.471875 0.49453125 0.0203125 0.09921875
0 0.3359375 0.471875 0.01640625 0.0875
1 0.390625 0.478125 0.028125 0.10078125
2 0.2171875 0.45 0.02421875 0.07890625
2 0.28046875 0.4625 0.02421875 0.08203125
8 0.5703125 0.51015625 0.0203125 0.11171875
17 0.1921875 0.446875 0.0234375 0.0765625
2 0.24453125 0.45546875 0.0203125 0.078125
17 0.1484375 0.44296875 0.0125 0.0625
17 0.1734375 0.4453125 0.01640625 0.0734375
17 0.1609375 0.44453125 0.0125 0.06796875
2 0.25859375 0.459375 0.01640625 0.078125