2 0.55546875 0.528125 0.06015625 0.165625
3 0.93515625 0.53671875 0.08203125 0.21328125
1 0.62265625 0.5296875 0.06796875 0.1734375
3 0.85078125 0.534375 0.0796875 0.2078125
10 0.69375 0.53359375 0.06953125 0.1765625
2 0.440625 0.53046875 0.04453125 0.1375
10 0.55703125 0.8796875 0.05234375 0.07421875
10 0.2734375 0.51953125 0.0359375 0.12109375
17 0.54140625 0.3296875 0.0765625 0.1421875
8 0.76875 0.5390625 0.07421875 0.18359375
17 0.09140625 0.51171875 0.0296875 0.0984375
10 0.49140625 0.90078125 0.06953125 0.1453125
8 0.3125 0.521875 0.03828125 0.125
0 0.39453125 0.5265625 0.0421875 0.13359375
0 0.49453125 0.5265625 0.05859375 0.1546875
0 0.35234375 0.52421875 0.03984375 0.128125
24 0.15859375 0.51875 0.03359375 0.09921875
18 0.1234375 0.5140625 0.034375 0.1
24 0.1984375 0.521875 0.0421875 0.103125
10 0.2375 0.51796875 0.03203125 0.11796875
4 0.9890625 0.54140625 0.021875 0.23046875