11 0.665625 0.59453125 0.04140625 0.14453125
11 0.7078125 0.59921875 0.04140625 0.15390625
12 0.71640625 0.3859375 0.04609375 0.159375
11 0.82421875 0.62734375 0.071875 0.1609375
10 0.509375 0.56484375 0.028125 0.1125
12 0.6671875 0.38671875 0.0484375 0.15
10 0.54140625 0.5703125 0.03046875 0.11640625
12 0.83125 0.3828125 0.07578125 0.175
12 0.76640625 0.384375 0.0515625 0.16640625
11 0.7578125 0.61015625 0.05625 0.16171875
10 0.57265625 0.5765625 0.0296875 0.11953125
10 0.5375 0.4015625 0.0265625 0.10546875
8 0.44375 0.403125 0.0203125 0.0921875
10 0.59609375 0.4015625 0.0296875 0.11328125
2 0.35 0.4046875 0.015625 0.0796875
10 0.60859375 0.58515625 0.03984375 0.13046875
10 0.62734375 0.4015625 0.028125 0.1171875
8 0.3859375 0.4046875 0.01640625 0.08359375
8 0.46640625 0.403125 0.0234375 0.0953125
10 0.565625 0.4015625 0.028125 0.10859375
10 0.509375 0.40234375 0.0234375 0.10078125
8 0.40546875 0.403125 0.01953125 0.0875
10 0.48359375 0.559375 0.021875 0.10546875
2 0.3546875 0.53046875 0.01796875 0.08671875
8 0.4234375 0.403125 0.01640625 0.0890625
8 0.36796875 0.40390625 0.015625 0.0828125
0 0.37109375 0.534375 0.015625 0.08828125
8 0.46015625 0.55390625 0.021875 0.1046875
2 0.33828125 0.4046875 0.01171875 0.0796875
0 0.3875 0.53671875 0.01640625 0.09140625
10 0.48828125 0.40234375 0.01796875 0.09921875
17 0.24375 0.40703125 0.015625 0.059375
8 0.43359375 0.5484375 0.0296875 0.1
17 0.2140625 0.403125 0.0125 0.0625
8 0.4078125 0.540625 0.0203125 0.09140625
17 0.228125 0.4046875 0.0140625 0.06171875
2 0.31953125 0.40390625 0.015625 0.0765625
2 0.3578125 0.40390625 0.01171875 0.08046875
17 0.26015625 0.4078125 0.0140625 0.0609375