10 0.13203125 0.56015625 0.0765625 0.1546875
10 0.20546875 0.55078125 0.06171875 0.14453125
8 0.25546875 0.36640625 0.0515625 0.146875
11 0.2515625 0.69921875 0.0765625 0.125
10 0.2015625 0.36640625 0.05234375 0.153125
8 0.35546875 0.3671875 0.04375 0.134375
11 0.15859375 0.72578125 0.0875 0.13203125
1 0.5515625 0.5 0.03359375 0.1
2 0.50625 0.36796875 0.03046875 0.1171875
0 0.4734375 0.36796875 0.03203125 0.11796875
10 0.1375 0.36640625 0.06953125 0.1609375
8 0.26640625 0.540625 0.05546875 0.1375
0 0.6765625 0.4796875 0.02578125 0.0859375
2 0.46953125 0.51171875 0.04375 0.11171875
2 0.56640625 0.3671875 0.0296875 0.109375
2 0.5125 0.50546875 0.04140625 0.10546875
8 0.3078125 0.36640625 0.04765625 0.140625
8 0.3984375 0.3671875 0.03828125 0.1296875
8 0.3234375 0.5359375 0.0515625 0.12421875
0 0.684375 0.3671875 0.02421875 0.09609375
1 0.58515625 0.4953125 0.03046875 0.096875
0 0.64609375 0.484375 0.03359375 0.08828125
1 0.62890625 0.3671875 0.0265625 0.103125
0 0.4375 0.36796875 0.0375 0.125
0 0.65703125 0.36796875 0.0265625 0.1
0 0.709375 0.36796875 0.02421875 0.09140625
2 0.42421875 0.51796875 0.03984375 0.11640625
2 0.53671875 0.36796875 0.0265625 0.1125
1 0.5984375 0.3671875 0.03046875 0.10859375
1 0.61484375 0.48984375 0.0265625 0.09140625
17 0.7296875 0.4734375 0.0265625 0.078125
8 0.3765625 0.53359375 0.0484375 0.10703125
0 0.7015625 0.4765625 0.02421875 0.08203125
17 0.7453125 0.37578125 0.0265625 0.071875
17 0.75390625 0.4703125 0.0203125 0.071875
10 0.05546875 0.546875 0.05390625 0.13359375
11 0.3078125 0.6765625 0.03359375 0.09453125