24 0.71953125 0.68359375 0.0765625 0.15703125
8 0.7796875 0.49921875 0.0640625 0.15390625
8 0.7125 0.49921875 0.06171875 0.1515625
4 0.24765625 0.87578125 0.0578125 0.184375
8 0.6484375 0.4984375 0.06171875 0.153125
4 0.37109375 0.88046875 0.05859375 0.1859375
8 0.4265625 0.49296875 0.0703125 0.159375
10 0.5015625 0.49453125 0.071875 0.15859375
18 0.16015625 0.6765625 0.0625 0.1390625
4 0.5625 0.8859375 0.0625 0.18828125
3 0.05234375 0.86953125 0.07421875 0.18359375
10 0.9140625 0.49921875 0.0625 0.1578125
4 0.30859375 0.87890625 0.06171875 0.1859375
8 0.3515625 0.49296875 0.0734375 0.15703125
10 0.8484375 0.4984375 0.0640625 0.1578125
10 0.57734375 0.4953125 0.0734375 0.1578125
4 0.6296875 0.88984375 0.0640625 0.1953125
4 0.4984375 0.884375 0.0625 0.1875
18 0.5515625 0.6796875 0.0875 0.15390625
4 0.69765625 0.8921875 0.065625 0.1953125
18 0.3734375 0.67890625 0.07578125 0.15
4 0.83125 0.8953125 0.06640625 0.19140625
4 0.43359375 0.8828125 0.06171875 0.18828125
4 0.7640625 0.89296875 0.0625 0.1921875
18 0.2265625 0.6796875 0.0640625 0.14140625
18 0.46015625 0.6796875 0.0859375 0.1515625
18 0.29765625 0.678125 0.06796875 0.14609375
24 0.6375 0.68203125 0.07421875 0.15546875
4 0.90546875 0.896875 0.0765625 0.1921875
3 0.121875 0.871875 0.06015625 0.18359375
13 0.1796875 0.490625 0.0875 0.1609375
3 0.18515625 0.8734375 0.06171875 0.1875
24 0.8015625 0.69453125 0.078125 0.14140625
24 0.8890625 0.70703125 0.08828125 0.1234375