2 0.3875 0.61796875 0.07421875 0.16328125
19 0.8484375 0.74921875 0.065625 0.13046875
10 0.53984375 0.6078125 0.0703125 0.15546875
2 0.33671875 0.42734375 0.06640625 0.165625
21 0.40703125 0.8 0.0875 0.14765625
17 0.4859375 0.78984375 0.078125 0.14296875
2 0.40390625 0.42578125 0.0625 0.1640625
10 0.609375 0.60234375 0.06171875 0.153125
10 0.67578125 0.59765625 0.065625 0.15
17 0.64140625 0.77265625 0.071875 0.13828125
2 0.4640625 0.61328125 0.071875 0.1609375
8 0.8859375 0.41484375 0.05546875 0.14296875
10 0.5375 0.4234375 0.0625 0.15546875
2 0.31015625 0.62265625 0.07578125 0.165625
2 0.46953125 0.42578125 0.0640625 0.159375
8 0.74140625 0.59296875 0.06015625 0.14921875
8 0.86640625 0.584375 0.06015625 0.1453125
8 0.83125 0.415625 0.05 0.14453125
8 0.78046875 0.4171875 0.0484375 0.146875
10 0.6625 0.41640625 0.0625 0.1609375
2 0.19453125 0.4296875 0.071875 0.1734375
10 0.6 0.421875 0.05625 0.1546875
8 0.72578125 0.41875 0.05546875 0.15
18 0.7828125 0.75703125 0.0625 0.1359375
17 0.565625 0.78125 0.07421875 0.1421875
8 0.8046875 0.58828125 0.05859375 0.14609375
18 0.715625 0.76640625 0.06640625 0.1390625
2 0.26640625 0.4296875 0.06796875 0.16953125
2 0.11640625 0.43125 0.07578125 0.175
24 0.49453125 0.22734375 0.071875 0.1484375
0 0.1453125 0.6328125 0.08359375 0.17109375
0 0.23046875 0.62734375 0.0796875 0.16796875
24 0.56953125 0.22890625 0.06796875 0.14609375
22 0.1 0.2125 0.08046875 0.16328125
22 0.184375 0.2171875 0.0765625 0.159375
24 0.415625 0.225 0.07421875 0.153125
19 0.8703125 0.21640625 0.0875 0.171875
24 0.790625 0.21796875 0.06796875 0.16796875
21 0.16328125 0.834375 0.071875 0.1359375
21 0.23984375 0.8265625 0.0734375 0.134375
24 0.2625 0.21875 0.0734375 0.1578125
24 0.71953125 0.215625 0.06640625 0.16953125
21 0.31953125 0.81640625 0.0875 0.14921875