10 0.45546875 0.471875 0.0359375 0.125
10 0.25234375 0.09921875 0.071875 0.19609375
10 0.3734375 0.13515625 0.05 0.1640625
12 0.228125 0.7109375 0.0765625 0.16328125
12 0.26171875 0.88671875 0.0578125 0.14140625
8 0.61484375 0.32421875 0.0203125 0.09453125
8 0.5671875 0.32265625 0.0265625 0.10078125
10 0.25 0.50234375 0.06640625 0.159375
10 0.3203125 0.30703125 0.05234375 0.1421875
11 0.184375 0.2953125 0.0765625 0.16640625
10 0.42734375 0.1484375 0.05234375 0.1546875
10 0.31953125 0.11796875 0.05546875 0.17890625
8 0.5375 0.3203125 0.0296875 0.10390625
10 0.49140625 0.4671875 0.03203125 0.12109375
11 0.1734375 0.0921875 0.08046875 0.18359375
12 0.29140625 0.69296875 0.04375 0.15546875
10 0.36796875 0.30859375 0.03984375 0.13671875
10 0.40703125 0.31171875 0.0359375 0.12890625
8 0.59296875 0.3234375 0.021875 0.096875
10 0.4421875 0.31484375 0.03203125 0.1203125
10 0.478125 0.16171875 0.04375 0.1453125
8 0.63671875 0.32421875 0.021875 0.090625
8 0.675 0.65546875 0.01640625 0.0671875
8 0.52109375 0.4625 0.02421875 0.1171875
8 0.6765625 0.32578125 0.021875 0.08203125
8 0.51796875 0.60546875 0.034375 0.10390625
8 0.75078125 0.428125 0.0140625 0.06953125
10 0.315625 0.8625 0.04609375 0.1171875
10 0.4765625 0.7703125 0.03203125 0.10078125
1 0.8125 0.33125 0.01640625 0.06171875
8 0.5890625 0.578125 0.0265625 0.10078125
8 0.54609375 0.459375 0.02578125 0.115625
10 0.4046875 0.8109375 0.04140625 0.11171875
8 0.63125 0.5640625 0.0203125 0.09140625
8 0.7484375 0.3296875 0.01640625 0.06953125
10 0.3078125 0.49453125 0.04609375 0.15
10 0.53359375 0.734375 0.028125 0.10078125
8 0.58203125 0.709375 0.021875 0.0875
8 0.559375 0.721875 0.0234375 0.08828125
8 0.68125 0.2140625 0.0203125 0.10390625
10 0.50546875 0.75390625 0.02421875 0.0984375
10 0.475 0.315625 0.03203125 0.115625
8 0.6125 0.1984375 0.0265625 0.1171875
10 0.6734375 0.4390625 0.0234375 0.08359375
8 0.6484375 0.5578125 0.015625 0.08671875
8 0.65703125 0.32578125 0.015625 0.08671875
10 0.50703125 0.31953125 0.0296875 0.10859375
8 0.62578125 0.4453125 0.0203125 0.09921875
8 0.64609375 0.44375 0.01953125 0.09453125
8 0.6125 0.5703125 0.01796875 0.09296875
8 0.6046875 0.69609375 0.021875 0.0828125
8 0.6578125 0.6640625 0.01640625 0.07109375
10 0.3875 0.48203125 0.03828125 0.13671875
10 0.71640625 0.5375 0.01640625 0.071875
8 0.6640625 0.55390625 0.01640625 0.08359375
8 0.6609375 0.2109375 0.0203125 0.10703125
8 0.69140625 0.64921875 0.0125 0.0625
10 0.68125 0.54765625 0.01640625 0.078125
8 0.584375 0.4515625 0.02421875 0.10703125
10 0.72890625 0.32890625 0.015625 0.0734375
10 0.3484375 0.48828125 0.034375 0.14296875
8 0.734375 0.43203125 0.01640625 0.0734375
8 0.63984375 0.20390625 0.02421875 0.11328125
8 0.77734375 0.33046875 0.015625 0.06640625
8 0.60703125 0.44921875 0.01796875 0.103125
10 0.69609375 0.4375 0.01640625 0.0765625
8 0.7625 0.3296875 0.01171875 0.06796875
10 0.7125 0.328125 0.015625 0.07578125
10 0.44296875 0.7890625 0.03203125 0.10390625
1 0.8296875 0.33125 0.015625 0.05859375
8 0.62421875 0.684375 0.01796875 0.08203125
10 0.51875 0.1703125 0.03359375 0.14140625
11 0.5828125 0.1921875 0.03203125 0.12109375
10 0.69609375 0.3265625 0.015625 0.078125
11 0.25703125 0.29921875 0.065625 0.15703125
10 0.36015625 0.83828125 0.04140625 0.1125
10 0.71640625 0.434375 0.015625 0.07421875
8 0.64140625 0.675 0.015625 0.07890625
2 0.8578125 0.33203125 0.01640625 0.0546875
10 0.7046875 0.5390625 0.0140625 0.0734375
2 0.8453125 0.33203125 0.0140625 0.05703125
8 0.546875 0.5953125 0.021875 0.10703125
10 0.421875 0.47578125 0.028125 0.12890625
8 0.784375 0.24609375 0.01953125 0.071875
2 0.84296875 0.41015625 0.01640625 0.059375
8 0.7671875 0.42578125 0.0140625 0.065625
10 0.70625 0.4359375 0.0140625 0.07578125
1 0.8296875 0.253125 0.02421875 0.06796875
0 0.796875 0.41796875 0.01796875 0.0640625
8 0.74375 0.23828125 0.0203125 0.078125
10 0.70390625 0.22421875 0.021875 0.0921875
0 0.78125 0.421875 0.01171875 0.06640625
8 0.7046875 0.63984375 0.0125 0.0609375