3 0.91640625 0.51875 0.084375 0.21640625
2 0.49140625 0.515625 0.04609375 0.14140625
1 0.6765625 0.5140625 0.0703125 0.17890625
17 0.5890625 0.3078125 0.078125 0.153125
10 0.7515625 0.51796875 0.0734375 0.18359375
2 0.60859375 0.5140625 0.0625 0.16796875
17 0.14609375 0.4984375 0.028125 0.09921875
8 0.83046875 0.52265625 0.0796875 0.19296875
0 0.5453125 0.5125 0.06015625 0.1578125
8 0.3625 0.5078125 0.0375 0.12578125
0 0.4453125 0.51171875 0.0421875 0.13671875
10 0.6140625 0.86640625 0.05234375 0.07421875
10 0.32421875 0.50625 0.0359375 0.12109375
10 0.54921875 0.8859375 0.0703125 0.14140625
24 0.2125 0.50546875 0.03359375 0.09921875
24 0.2515625 0.5078125 0.03984375 0.103125
3 0.98125 0.521875 0.0375 0.22109375
0 0.403125 0.509375 0.03984375 0.13046875
18 0.178125 0.5015625 0.03359375 0.10078125
10 0.2890625 0.5046875 0.03203125 0.11953125