2 0.7546875 0.3625 0.06015625 0.19609375
2 0.81640625 0.36015625 0.05859375 0.19140625
17 0.60546875 0.63515625 0.06015625 0.12578125
10 0.2125 0.39140625 0.08984375 0.2453125
8 0.69140625 0.37421875 0.06015625 0.1828125
17 0.5375 0.6515625 0.06796875 0.12578125
10 0.1125 0.39375 0.1 0.26328125
10 0.553125 0.371875 0.071875 0.21328125
16 0.35 0.9078125 0.07421875 0.184375
8 0.62578125 0.3734375 0.06796875 0.196875
16 0.54375 0.85234375 0.0578125 0.19296875
16 0.5984375 0.83203125 0.0484375 0.1890625
16 0.48359375 0.875 0.0625 0.203125
10 0.475 0.36953125 0.0796875 0.2296875
8 0.30078125 0.38671875 0.08359375 0.2359375
8 0.38671875 0.37578125 0.084375 0.2359375
16 0.6484375 0.815625 0.0484375 0.178125
16 0.41875 0.89453125 0.0640625 0.2046875
24 0.66875 0.61171875 0.0578125 0.1421875
0 0.86953125 0.35703125 0.04453125 0.17890625
17 0.44765625 0.64296875 0.1015625 0.19140625
16 0.74296875 0.78203125 0.04609375 0.171875
16 0.83046875 0.753125 0.04609375 0.15546875
0 0.9140625 0.35546875 0.04375 0.175
24 0.7265625 0.6015625 0.05234375 0.1328125
16 0.7859375 0.76875 0.03984375 0.16328125
24 0.7796875 0.58828125 0.04765625 0.1296875