17 0.3078125 0.47890625 0.0421875 0.1609375
2 0.4546875 0.23671875 0.05390625 0.19453125
12 0.62265625 0.80390625 0.0703125 0.13203125
8 0.75546875 0.196875 0.08046875 0.25
17 0.27265625 0.27578125 0.03984375 0.1265625
2 0.3625 0.246875 0.04453125 0.18359375
8 0.8546875 0.18671875 0.1125 0.265625
1 0.54375 0.51953125 0.05546875 0.171875
6 0.4453125 0.715625 0.04375 0.1734375
6 0.50078125 0.73046875 0.06171875 0.18046875
18 0.26328125 0.47109375 0.04453125 0.153125
10 0.68046875 0.2109375 0.0640625 0.2296875
10 0.67734375 0.5296875 0.06640625 0.1984375
1 0.49453125 0.50546875 0.04140625 0.18046875
2 0.40078125 0.4921875 0.05 0.17109375
8 0.86328125 0.5265625 0.115625 0.2609375
8 0.75859375 0.5203125 0.08984375 0.24453125
11 0.80390625 0.8265625 0.1078125 0.2234375
10 0.61484375 0.21875 0.06171875 0.2203125
2 0.40546875 0.24375 0.0421875 0.18828125
17 0.18125 0.47734375 0.03046875 0.1171875
0 0.50546875 0.23046875 0.04609375 0.20390625
18 0.21875 0.46796875 0.0421875 0.1484375
2 0.45 0.49921875 0.04765625 0.175
17 0.1515625 0.47578125 0.028125 0.10546875
0 0.55546875 0.22421875 0.05234375 0.21328125
17 0.3515625 0.48359375 0.04453125 0.16640625
17 0.31640625 0.2734375 0.04453125 0.13046875
10 0.60703125 0.53046875 0.06796875 0.16953125
3 0.21640625 0.64296875 0.0375 0.1484375
12 0.559375 0.75078125 0.0484375 0.178125
13 0.39453125 0.6984375 0.0484375 0.1734375
5 0.18203125 0.634375 0.0296875 0.1453125
24 0.18828125 0.278125 0.04140625 0.1265625
12 0.70546875 0.79921875 0.08359375 0.203125
18 0.1234375 0.46796875 0.0265625 0.1125
24 0.23046875 0.275 0.04140625 0.1328125