11 0.2671875 0.6796875 0.071875 0.11953125
2 0.48984375 0.50234375 0.0421875 0.10390625
11 0.1828125 0.696875 0.08359375 0.1234375
8 0.23046875 0.36796875 0.0515625 0.140625
10 0.115625 0.36953125 0.06796875 0.15
8 0.24140625 0.53515625 0.05546875 0.1296875
10 0.109375 0.5515625 0.07421875 0.14453125
8 0.37265625 0.36875 0.0375 0.125
0 0.4109375 0.36953125 0.0375 0.12109375
8 0.28203125 0.36796875 0.04765625 0.134375
17 0.715625 0.47265625 0.028125 0.0765625
2 0.44453125 0.5078125 0.04453125 0.10859375
8 0.3296875 0.36875 0.04375 0.1296875
10 0.18046875 0.54296875 0.06015625 0.134375
2 0.4828125 0.36875 0.03203125 0.11328125
2 0.54453125 0.36796875 0.0296875 0.10703125
10 0.17734375 0.36796875 0.0515625 0.14609375
0 0.4484375 0.36875 0.03359375 0.11640625
0 0.66015625 0.478125 0.02578125 0.08359375
1 0.60859375 0.3671875 0.0296875 0.103125
0 0.66875 0.36796875 0.02578125 0.0953125
1 0.5640625 0.49296875 0.03359375 0.09453125
1 0.5765625 0.3671875 0.03203125 0.10546875
8 0.296875 0.53125 0.0515625 0.11640625
2 0.51484375 0.36875 0.028125 0.109375
0 0.6390625 0.36796875 0.0296875 0.09921875
1 0.59609375 0.48828125 0.028125 0.0890625
0 0.62890625 0.48203125 0.03359375 0.0875
17 0.74140625 0.46953125 0.021875 0.0734375
1 0.52890625 0.496875 0.034375 0.0984375
0 0.69453125 0.36796875 0.0234375 0.09140625
2 0.4 0.5140625 0.04140625 0.11171875
17 0.7375 0.37578125 0.0203125 0.071875
0 0.68671875 0.475 0.02421875 0.0828125
10 0.04140625 0.5390625 0.05 0.128125
17 0.721875 0.37578125 0.0234375 0.07109375
8 0.3515625 0.5296875 0.0484375 0.0984375
21 0.7625 0.37265625 0.0265625 0.0734375