12 0.72109375 0.4140625 0.07578125 0.125
10 0.6515625 0.41484375 0.05546875 0.1171875
12 0.715625 0.5734375 0.078125 0.140625
8 0.4515625 0.54140625 0.04609375 0.11953125
17 0.7 0.08125 0.06953125 0.16171875
17 0.45859375 0.13046875 0.03984375 0.1109375
10 0.5953125 0.41328125 0.0484375 0.1125
17 0.77734375 0.0765625 0.078125 0.153125
10 0.64453125 0.56796875 0.05390625 0.1265625
17 0.50390625 0.12421875 0.04765625 0.115625
8 0.5015625 0.2734375 0.04609375 0.1109375
8 0.41015625 0.2765625 0.04140625 0.10546875
2 0.2296875 0.5140625 0.03203125 0.09921875
10 0.65859375 0.265625 0.05625 0.1234375
0 0.28828125 0.4015625 0.0375 0.09296875
10 0.546875 0.4109375 0.04453125 0.11171875
8 0.5046875 0.4078125 0.0375 0.1140625
0 0.26328125 0.51953125 0.03203125 0.10078125
8 0.40703125 0.53515625 0.0375 0.1140625
0 0.28359375 0.28203125 0.03828125 0.09921875
8 0.4546875 0.27578125 0.04375 0.10859375
10 0.60078125 0.26796875 0.05 0.11953125
2 0.15859375 0.2828125 0.028125 0.096875
8 0.50078125 0.546875 0.04765625 0.12109375
2 0.1875 0.396875 0.03046875 0.0859375
1 0.3625 0.4046875 0.0359375 0.0984375
22 0.6875 0.728125 0.0578125 0.1171875
1 0.3671875 0.53203125 0.03828125 0.10859375
2 0.21484375 0.28359375 0.028125 0.09609375
10 0.59140625 0.56171875 0.04765625 0.12421875
1 0.32578125 0.403125 0.034375 0.0953125
10 0.5453125 0.55625 0.04140625 0.12109375
0 0.2515625 0.4 0.03203125 0.09140625
10 0.55 0.27109375 0.04609375 0.1140625
1 0.36640625 0.2796875 0.04375 0.1015625
8 0.43046875 0.4046875 0.034375 0.1078125
1 0.3234375 0.28046875 0.0375 0.09921875
8 0.46640625 0.40625 0.034375 0.11171875
0 0.296875 0.5234375 0.03203125 0.103125
2 0.21953125 0.39921875 0.03046875 0.08828125
18 0.290625 0.153125 0.03359375 0.10078125
12 0.72890625 0.2546875 0.07421875 0.1453125
0 0.246875 0.28203125 0.03359375 0.096875
24 0.6765625 0.88203125 0.0484375 0.10703125
8 0.39765625 0.4046875 0.03046875 0.1046875
2 0.19765625 0.5109375 0.03046875 0.09609375
18 0.56015625 0.09921875 0.05859375 0.15390625
24 0.37109375 0.66484375 0.03828125 0.08203125
17 0.159375 0.1765625 0.03046875 0.07890625
2 0.1859375 0.284375 0.02578125 0.09609375
1 0.33046875 0.528125 0.03203125 0.1046875
17 0.25625 0.16328125 0.03203125 0.084375
24 0.4125 0.67265625 0.03828125 0.0828125
17 0.2234375 0.1671875 0.03046875 0.08359375
24 0.453125 0.68203125 0.0375 0.08671875
18 0.6265625 0.0890625 0.06796875 0.1609375
22 0.6328125 0.7140625 0.05 0.1109375
24 0.62421875 0.86953125 0.0484375 0.10390625
17 0.19140625 0.17109375 0.03046875 0.0828125
24 0.49296875 0.69140625 0.03828125 0.0890625
18 0.32421875 0.1484375 0.03359375 0.10546875
24 0.53984375 0.8375 0.04375 0.103125
22 0.58046875 0.70390625 0.05 0.1046875
24 0.49609375 0.8234375 0.03828125 0.09921875
24 0.53359375 0.7015625 0.03984375 0.0890625
24 0.58125 0.84921875 0.034375 0.103125
24 0.33359375 0.6578125 0.034375 0.07890625
4 0.05859375 0.67421875 0.0296875 0.09296875
24 0.7296875 0.896875 0.05234375 0.11171875
18 0.36640625 0.1421875 0.04609375 0.1109375
22 0.74296875 0.746875 0.05 0.1046875