8 0.653125 0.54453125 0.04140625 0.125
8 0.69453125 0.55 0.03828125 0.1296875
10 0.61328125 0.540625 0.034375 0.11953125
8 0.7359375 0.5546875 0.0421875 0.13359375
10 0.4640625 0.52265625 0.01796875 0.09140625
10 0.54921875 0.53203125 0.028125 0.109375
1 0.378125 0.50703125 0.0265625 0.09140625
0 0.35390625 0.50390625 0.01953125 0.08359375
10 0.446875 0.51953125 0.01640625 0.0890625
10 0.5796875 0.5359375 0.0296875 0.1140625
8 0.50546875 0.52890625 0.021875 0.0953125
8 0.484375 0.5265625 0.0203125 0.09453125
8 0.78359375 0.559375 0.0484375 0.13828125
8 0.5265625 0.53046875 0.01640625 0.10078125
1 0.40546875 0.509375 0.02578125 0.096875
0 0.32421875 0.5015625 0.0125 0.078125
10 0.4296875 0.51640625 0.01640625 0.0890625
0 0.309375 0.4984375 0.0140625 0.075
0 0.33671875 0.50234375 0.0140625 0.08046875
17 0.21953125 0.48515625 0.01953125 0.06953125
18 0.98984375 0.90703125 0.0203125 0.17578125
2 0.2609375 0.49140625 0.01640625 0.07109375
2 0.29140625 0.496875 0.01796875 0.0734375