8 0.140625 0.61953125 0.065625 0.165625
12 0.88046875 0.34921875 0.11015625 0.2265625
10 0.4265625 0.62578125 0.078125 0.17890625
12 0.89453125 0.6203125 0.11015625 0.221875
11 0.51015625 0.61484375 0.0796875 0.2078125
12 0.6859375 0.615625 0.09140625 0.2171875
8 0.11796875 0.40703125 0.05390625 0.15078125
11 0.50390625 0.3703125 0.0921875 0.209375
12 0.784375 0.61796875 0.0984375 0.2203125
11 0.59453125 0.6140625 0.0859375 0.21328125
12 0.7734375 0.35390625 0.09453125 0.22109375
8 0.2328125 0.403125 0.05546875 0.1546875
12 0.67890625 0.359375 0.0875 0.21796875
10 0.29140625 0.4015625 0.05546875 0.1546875
8 0.20859375 0.625 0.0625 0.1625
10 0.346875 0.62421875 0.071875 0.175
10 0.4140625 0.39609375 0.06640625 0.1625
8 0.175 0.40546875 0.05390625 0.15078125
11 0.59140625 0.365625 0.08046875 0.21328125
10 0.35 0.3984375 0.05625 0.159375
10 0.275 0.63359375 0.0640625 0.15
6 0.39453125 0.98984375 0.07421875 0.0203125