17 0.2921875 0.46328125 0.0578125 0.11171875
0 0.5171875 0.621875 0.0578125 0.1390625
17 0.409375 0.4640625 0.05859375 0.11640625
4 0.790625 0.85390625 0.07421875 0.2
4 0.60546875 0.8234375 0.05546875 0.1859375
16 0.33359375 0.9453125 0.04765625 0.10859375
0 0.3984375 0.61171875 0.05234375 0.13359375
0 0.65234375 0.63203125 0.0734375 0.146875
0 0.45546875 0.6171875 0.0578125 0.1375
17 0.3515625 0.46328125 0.05390625 0.1140625
17 0.17265625 0.4640625 0.04765625 0.103125
0 0.58046875 0.6265625 0.0625 0.1421875
17 0.1265625 0.46328125 0.04140625 0.10078125
4 0.7234375 0.840625 0.05625 0.19296875
3 0.44453125 0.7953125 0.04609375 0.1703125
8 0.178125 0.59375 0.04765625 0.1171875
17 0.46875 0.465625 0.05390625 0.11953125
17 0.05 0.4609375 0.0375 0.096875
8 0.34140625 0.60703125 0.05625 0.128125
3 0.10078125 0.7421875 0.03828125 0.1390625
17 0.228125 0.46484375 0.05859375 0.1046875
8 0.28359375 0.60234375 0.0515625 0.12578125
3 0.39453125 0.7890625 0.04765625 0.16640625
17 0.0875 0.46171875 0.034375 0.09921875
8 0.13046875 0.58984375 0.04453125 0.115625
8 0.08125 0.58671875 0.04765625 0.11171875
3 0.3421875 0.78203125 0.05546875 0.16171875
8 0.2296875 0.59765625 0.0484375 0.1203125
3 0.4953125 0.803125 0.05390625 0.1734375
16 0.2453125 0.93671875 0.0421875 0.1265625
16 0.525 0.96640625 0.0484375 0.0671875
16 0.28828125 0.93984375 0.0421875 0.1203125
16 0.38359375 0.9515625 0.04765625 0.096875
3 0.13828125 0.74765625 0.034375 0.14453125
4 0.66328125 0.83203125 0.0578125 0.18828125
24 0.3296875 0.315625 0.06640625 0.10390625
16 0.07265625 0.89296875 0.06171875 0.1203125
16 0.48515625 0.96171875 0.03203125 0.07578125
24 0.05546875 0.3296875 0.0578125 0.0953125
16 0.58203125 0.97109375 0.0609375 0.0578125