7 0.37109375 0.521875 0.0515625 0.11953125
11 0.82265625 0.36015625 0.06015625 0.1453125
16 0.50390625 0.9578125 0.04140625 0.084375
4 0.71328125 0.8390625 0.04453125 0.1359375
16 0.6390625 0.96328125 0.0421875 0.071875
19 0.36015625 0.675 0.0515625 0.09921875
16 0.13359375 0.94140625 0.03828125 0.1171875
16 0.4609375 0.95546875 0.0421875 0.08828125
5 0.5328125 0.82578125 0.04375 0.134375
11 0.75625 0.3625 0.06640625 0.140625
17 0.75078125 0.6859375 0.06171875 0.12578125
12 0.80390625 0.525 0.05859375 0.14296875
2 0.38046875 0.37578125 0.04453125 0.1125
18 0.6859375 0.68359375 0.06015625 0.125
10 0.42578125 0.37578125 0.0421875 0.109375
16 0.59375 0.96171875 0.04375 0.0765625
16 0.378125 0.9515625 0.03984375 0.09609375
3 0.6234375 0.8328125 0.04375 0.13671875
3 0.57734375 0.828125 0.04375 0.1359375
5 0.4875 0.821875 0.04453125 0.13203125
17 0.2203125 0.6765625 0.04375 0.08203125
16 0.5484375 0.959375 0.04375 0.08046875
16 0.17421875 0.94296875 0.03984375 0.1140625
8 0.55859375 0.375 0.0421875 0.11171875
2 0.0890625 0.37578125 0.0375 0.1078125
17 0.2671875 0.67734375 0.04453125 0.0828125
17 0.8125 0.68203125 0.0578125 0.121875
18 0.62265625 0.6796875 0.05859375 0.125
0 0.17109375 0.51875 0.04453125 0.11640625
4 0.76171875 0.84296875 0.04609375 0.1375
8 0.6875 0.528125 0.0515625 0.12578125
0 0.1234375 0.51796875 0.04765625 0.115625
0 0.2703125 0.5203125 0.0515625 0.11640625
8 0.6984375 0.37421875 0.04453125 0.1140625
4 0.66796875 0.8359375 0.0421875 0.1328125
10 0.421875 0.5234375 0.04609375 0.11796875
1 0.32109375 0.521875 0.04453125 0.11796875
17 0.3125 0.67421875 0.03984375 0.0921875
16 0.215625 0.94375 0.040625 0.1125
2 0.2109375 0.37578125 0.03984375 0.1109375
8 0.57734375 0.5265625 0.0515625 0.121875
8 0.6328125 0.5265625 0.05234375 0.125
2 0.25234375 0.3765625 0.03984375 0.10859375
12 0.74375 0.52421875 0.05625 0.140625
8 0.60390625 0.37421875 0.04375 0.11328125
16 0.41875 0.95390625 0.03828125 0.0921875
10 0.471875 0.52578125 0.0484375 0.11796875
2 0.29375 0.3765625 0.03984375 0.109375
16 0.25546875 0.94609375 0.0359375 0.1078125
0 0.21953125 0.51953125 0.04609375 0.1171875
4 0.80859375 0.8453125 0.04609375 0.1375
16 0.7328125 0.96796875 0.04609375 0.0640625
10 0.5140625 0.37578125 0.04375 0.1109375
8 0.65078125 0.37421875 0.04453125 0.1140625
2 0.16953125 0.3765625 0.03984375 0.10859375
24 0.5015625 0.21328125 0.05625 0.11640625
10 0.52421875 0.528125 0.05 0.11640625
2 0.128125 0.37578125 0.03828125 0.10859375
16 0.29453125 0.94765625 0.0390625 0.1046875
16 0.684375 0.96484375 0.04453125 0.06953125
16 0.78203125 0.96875 0.0484375 0.0625
10 0.46953125 0.37578125 0.04140625 0.1109375
16 0.3359375 0.95 0.040625 0.1
2 0.3359375 0.37578125 0.04140625 0.11171875
22 0.1765625 0.6703125 0.03828125 0.0875
22 0.13671875 0.66796875 0.0375 0.0859375
24 0.44140625 0.2140625 0.05546875 0.11640625
16 0.2984375 0.82578125 0.03359375 0.0921875
16 0.26015625 0.82421875 0.0375 0.090625
22 0.0984375 0.66640625 0.034375 0.084375
24 0.5609375 0.2109375 0.05390625 0.1171875
4 0.859375 0.84921875 0.0515625 0.1375
1 0.13125 0.23046875 0.04453125 0.0953125
24 0.23046875 0.228125 0.0484375 0.0984375
1 0.08046875 0.23203125 0.05234375 0.0953125