5 0.46484375 0.86171875 0.04765625 0.14921875
18 0.53046875 0.6546875 0.05390625 0.1453125
4 0.58515625 0.81171875 0.0359375 0.13046875
2 0.71640625 0.44296875 0.03828125 0.12890625
5 0.50625 0.84609375 0.0359375 0.14296875
5 0.41640625 0.88046875 0.0484375 0.1546875
3 0.2421875 0.928125 0.06953125 0.14296875
3 0.36484375 0.89921875 0.05234375 0.15703125
4 0.621875 0.79609375 0.0359375 0.12890625
3 0.3078125 0.91953125 0.05859375 0.1609375
8 0.33828125 0.48203125 0.05625 0.1578125
1 0.75390625 0.43984375 0.034375 0.125
10 0.590625 0.453125 0.04453125 0.14453125
8 0.28046875 0.4859375 0.0578125 0.16328125
17 0.77109375 0.59375 0.034375 0.115625
10 0.49140625 0.46796875 0.04609375 0.1421875
1 0.7875 0.4359375 0.0296875 0.121875
18 0.63828125 0.6390625 0.0484375 0.1109375
2 0.6765625 0.44453125 0.03984375 0.13359375
10 0.44453125 0.47265625 0.04609375 0.1453125
9 0.63515625 0.44921875 0.0421875 0.1390625
10 0.39375 0.47578125 0.05234375 0.15
8 0.54140625 0.45703125 0.0515625 0.14921875
17 0.840625 0.5765625 0.04140625 0.10859375
18 0.58515625 0.64140625 0.0515625 0.140625
5 0.54453125 0.8265625 0.04140625 0.134375
4 0.65546875 0.7828125 0.03046875 0.12421875
17 0.68515625 0.6203125 0.0421875 0.11953125
8 0.209375 0.4890625 0.0796875 0.175
6 0.88515625 0.42578125 0.0296875 0.1203125
17 0.8046875 0.58671875 0.028125 0.1125
6 0.82109375 0.4296875 0.034375 0.12578125
16 0.74609375 0.746875 0.0296875 0.11640625
16 0.71640625 0.75703125 0.0265625 0.1203125
6 0.8546875 0.4265625 0.03046875 0.12421875
16 0.6875 0.76953125 0.03046875 0.1234375
16 0.77578125 0.734375 0.028125 0.109375
17 0.73046875 0.60546875 0.04375 0.12109375