17 0.65625 0.6296875 0.0484375 0.11328125
10 0.4015625 0.3140625 0.04765625 0.1359375
10 0.58359375 0.32421875 0.03984375 0.125
8 0.2328125 0.3046875 0.0578125 0.15
16 0.60546875 0.91015625 0.034375 0.1078125
18 0.33125 0.6921875 0.05859375 0.09609375
15 0.2015625 0.865625 0.05390625 0.13671875
16 0.35703125 0.83046875 0.04609375 0.1296875
15 0.25625 0.853125 0.05234375 0.134375
2 0.7171875 0.3328125 0.03984375 0.1125
10 0.54140625 0.321875 0.04140625 0.1265625
0 0.7875 0.47890625 0.0359375 0.115625
10 0.45 0.3171875 0.04453125 0.13203125
8 0.34921875 0.3109375 0.0515625 0.14140625
10 0.51640625 0.48671875 0.05390625 0.1375
15 0.1390625 0.87734375 0.06640625 0.1390625
18 0.71015625 0.621875 0.0484375 0.109375
6 0.79140625 0.334375 0.03359375 0.109375
10 0.5703125 0.4859375 0.0484375 0.1328125
8 0.1390625 0.5 0.07578125 0.1703125
1 0.61953125 0.484375 0.04453125 0.12578125
17 0.54765625 0.64453125 0.05 0.11953125
10 0.28203125 0.4953125 0.06171875 0.15546875
16 0.56875 0.91953125 0.034375 0.109375
10 0.49609375 0.31953125 0.04375 0.1296875
8 0.21484375 0.49921875 0.06640625 0.16171875
2 0.70859375 0.48203125 0.03984375 0.11953125
8 0.2921875 0.3078125 0.0578125 0.1453125
18 0.38984375 0.6734375 0.0515625 0.11328125
18 0.44453125 0.6671875 0.05 0.10859375
10 0.4609375 0.490625 0.05234375 0.13828125
3 0.365625 0.96015625 0.04375 0.0796875
2 0.7484375 0.48046875 0.03828125 0.11796875
2 0.75625 0.334375 0.034375 0.10859375
10 0.4046875 0.49375 0.05390625 0.13828125
1 0.66484375 0.48359375 0.0421875 0.1234375
17 0.265625 0.70078125 0.06015625 0.1046875
8 0.16875 0.30078125 0.0640625 0.15390625
18 0.49609375 0.66171875 0.04765625 0.10390625
1 0.628125 0.32578125 0.04609375 0.12421875
10 0.34453125 0.496875 0.0578125 0.1421875
1 0.67421875 0.33125 0.0421875 0.11328125
16 0.63984375 0.90078125 0.03046875 0.10390625
3 0.453125 0.94921875 0.03828125 0.10078125
17 0.60390625 0.6359375 0.05234375 0.115625
0 0.82109375 0.47578125 0.03046875 0.1140625
16 0.6078125 0.77265625 0.0359375 0.1140625
16 0.30859375 0.8390625 0.0484375 0.13359375
6 0.82578125 0.33515625 0.034375 0.10859375
16 0.64375 0.7671875 0.03359375 0.11171875
18 0.75625 0.6171875 0.03828125 0.10703125
16 0.49296875 0.94296875 0.0375 0.109375
3 0.41015625 0.95390625 0.0421875 0.0921875
16 0.53046875 0.9328125 0.0375 0.1109375
16 0.67734375 0.7609375 0.03203125 0.10546875
16 0.73671875 0.871875 0.03046875 0.096875
16 0.40625 0.821875 0.0484375 0.1296875
16 0.2109375 0.98125 0.05546875 0.0375
16 0.53359375 0.790625 0.03359375 0.1171875
16 0.70859375 0.75390625 0.028125 0.103125
16 0.49609375 0.8015625 0.03828125 0.121875
16 0.671875 0.890625 0.03046875 0.09921875
14 0.31875 0.96640625 0.04375 0.0671875
16 0.76796875 0.865625 0.0296875 0.0921875
18 0.7984375 0.61171875 0.03984375 0.1