3 0.3046875 0.7 0.05390625 0.16640625
8 0.54375 0.29296875 0.0578125 0.1515625
2 0.27734375 0.29296875 0.06796875 0.165625
2 0.13046875 0.303125 0.065625 0.153125
18 0.925 0.47734375 0.03984375 0.103125
8 0.89140625 0.29296875 0.04140625 0.12109375
24 0.53671875 0.49765625 0.05546875 0.13046875
4 0.359375 0.69375 0.05234375 0.1640625
10 0.71640625 0.2921875 0.0484375 0.13828125
1 0.4171875 0.29375 0.0640625 0.15859375
15 0.128125 0.71953125 0.06796875 0.1765625
2 0.0703125 0.30703125 0.05234375 0.1484375
16 0.63828125 0.6578125 0.04453125 0.15078125
17 0.87734375 0.48046875 0.0484375 0.10390625
8 0.96875 0.290625 0.034375 0.11796875
8 0.6046875 0.2921875 0.05859375 0.1484375
10 0.8078125 0.2953125 0.04140625 0.121875
17 0.65859375 0.49140625 0.05625 0.1203125
24 0.34453125 0.5234375 0.05625 0.11796875
1 0.48203125 0.29375 0.06015625 0.1546875
24 0.28046875 0.52890625 0.06015625 0.1203125
5 0.24765625 0.7078125 0.05625 0.1703125
2 0.3484375 0.29296875 0.06953125 0.16328125
24 0.41015625 0.5078125 0.0640625 0.13828125
16 0.53828125 0.6671875 0.05390625 0.1546875
15 0.190625 0.71328125 0.0578125 0.1734375
0 0.203125 0.2953125 0.07578125 0.16640625
8 0.93046875 0.2921875 0.0375 0.1203125
24 0.4765625 0.503125 0.05546875 0.1359375
10 0.76328125 0.29765625 0.0421875 0.1234375
17 0.82734375 0.484375 0.04765625 0.1046875
16 0.41328125 0.68671875 0.05234375 0.1625
10 0.6625 0.2921875 0.05234375 0.14296875
16 0.59140625 0.6625 0.04765625 0.153125
10 0.8484375 0.29453125 0.03828125 0.12109375
16 0.15703125 0.53828125 0.06015625 0.12578125
1 0.99296875 0.28984375 0.0140625 0.1171875
16 0.46484375 0.678125 0.0484375 0.16328125
22 0.5984375 0.49296875 0.05859375 0.12890625
16 0.4984375 0.6734375 0.0265625 0.1578125