8 0.190625 0.50234375 0.040625 0.1734375
10 0.41484375 0.4734375 0.0328125 0.1625
8 0.14765625 0.5078125 0.0421875 0.17578125
17 0.671875 0.4515625 0.03046875 0.13359375
8 0.2328125 0.4984375 0.0390625 0.16953125
8 0.525 0.4625 0.03359375 0.15390625
10 0.3109375 0.49140625 0.034375 0.15859375
10 0.38046875 0.48359375 0.03203125 0.15390625
10 0.45078125 0.46796875 0.034375 0.1625
8 0.27265625 0.49453125 0.03671875 0.1640625
8 0.559375 0.459375 0.03203125 0.1484375
10 0.346875 0.4875 0.0328125 0.15625
17 0.78203125 0.45 0.0203125 0.1015625
8 0.48828125 0.46484375 0.0359375 0.15625
17 0.6390625 0.45390625 0.03046875 0.1359375
17 0.6109375 0.45703125 0.021875 0.13828125
17 0.8015625 0.44921875 0.0171875 0.09765625
18 0.82265625 0.4484375 0.02421875 0.09609375