10 0.471875 0.24296875 0.05 0.19140625
8 0.521875 0.23828125 0.04765625 0.18828125
8 0.57109375 0.2359375 0.0484375 0.18203125
8 0.70078125 0.228125 0.034375 0.15703125
8 0.61953125 0.2328125 0.04453125 0.171875
0 0.534375 0.4453125 0.03359375 0.1265625
8 0.6625 0.2296875 0.03828125 0.1640625
10 0.34453125 0.24765625 0.07421875 0.20703125
18 0.46953125 0.61640625 0.05 0.11328125
8 0.3734375 0.4859375 0.05 0.146875
0 0.6015625 0.4265625 0.03046875 0.121875
10 0.41484375 0.246875 0.05859375 0.2
0 0.63203125 0.41953125 0.0265625 0.11953125
10 0.79609375 0.22265625 0.03359375 0.1359375
10 0.7640625 0.22421875 0.0296875 0.1421875
0 0.56875 0.434375 0.03203125 0.125
10 0.82734375 0.22109375 0.028125 0.13203125
8 0.41953125 0.47578125 0.03984375 0.1421875
10 0.46171875 0.4640625 0.03984375 0.1359375
10 0.5 0.4546875 0.03203125 0.13203125
8 0.7328125 0.2265625 0.0296875 0.15