12 0.45859375 0.38203125 0.034375 0.1234375
12 0.49140625 0.38203125 0.028125 0.11796875
5 0.3421875 0.57265625 0.034375 0.13671875
11 0.35390625 0.3828125 0.04375 0.13671875
12 0.5203125 0.38203125 0.028125 0.11640625
11 0.39453125 0.3828125 0.0359375 0.13203125
10 0.6234375 0.384375 0.02421875 0.09453125
6 0.30546875 0.38203125 0.0484375 0.14296875
8 0.68671875 0.3859375 0.01640625 0.08046875
10 0.6484375 0.38359375 0.0234375 0.09140625
3 0.3765625 0.565625 0.03203125 0.134375
8 0.66953125 0.3859375 0.01640625 0.08359375
12 0.4265625 0.38203125 0.028125 0.12890625
8 0.7171875 0.38359375 0.0125 0.07578125
10 0.74453125 0.38515625 0.01640625 0.06953125
8 0.7265625 0.38359375 0.01796875 0.07578125
8 0.7046875 0.384375 0.015625 0.07890625
4 0.3015625 0.57734375 0.0421875 0.14140625
4 0.40703125 0.5609375 0.0265625 0.1296875