5 0.48359375 0.4859375 0.0296875 0.11171875
2 0.50625 0.35546875 0.028125 0.09296875
8 0.30078125 0.2171875 0.04140625 0.13203125
13 0.5375 0.6046875 0.02421875 0.10390625
3 0.328125 0.525 0.03359375 0.128125
8 0.23359375 0.378125 0.04609375 0.11953125
10 0.39453125 0.221875 0.03203125 0.12109375
8 0.28203125 0.37421875 0.04609375 0.1171875
11 0.27890625 0.70703125 0.0515625 0.1296875
8 0.25703125 0.2140625 0.0421875 0.1359375
10 0.36796875 0.36953125 0.0375 0.10390625
2 0.534375 0.35546875 0.02421875 0.0859375
10 0.42421875 0.22421875 0.02578125 0.11640625
0 0.44140625 0.36171875 0.034375 0.09921875
5 0.45546875 0.49609375 0.0265625 0.10859375
3 0.3625 0.5171875 0.034375 0.1203125
8 0.3265625 0.371875 0.04140625 0.1109375
8 0.36171875 0.2203125 0.03203125 0.1234375
10 0.40546875 0.3671875 0.034375 0.0984375
11 0.359375 0.67421875 0.04140625 0.1265625
6 0.4640625 0.6359375 0.03203125 0.10859375
8 0.20859375 0.21171875 0.05234375 0.14140625
5 0.42578125 0.5046875 0.03203125 0.109375
6 0.43359375 0.646875 0.0265625 0.1109375
10 0.45234375 0.22578125 0.0265625 0.11328125
2 0.48046875 0.22734375 0.02421875 0.11171875
8 0.33359375 0.21796875 0.02421875 0.12578125
3 0.2921875 0.5328125 0.0375 0.134375
3 0.2484375 0.5421875 0.0484375 0.1359375
2 0.50390625 0.22890625 0.021875 0.10703125
2 0.475 0.3578125 0.03046875 0.0984375
13 0.584375 0.58828125 0.0234375 0.09921875
13 0.56171875 0.5953125 0.021875 0.10078125
11 0.4 0.659375 0.0375 0.11328125
2 0.52734375 0.23203125 0.0234375 0.1015625
1 0.5625 0.353125 0.0296875 0.08046875
11 0.3234375 0.69140625 0.0359375 0.121875
3 0.3953125 0.5125 0.0296875 0.11171875
13 0.49296875 0.6234375 0.021875 0.10859375
24 0.60703125 0.240625 0.02421875 0.0828125
13 0.51328125 0.615625 0.021875 0.109375
18 0.59140625 0.3515625 0.02421875 0.078125
24 0.63359375 0.240625 0.02421875 0.08046875
17 0.65859375 0.346875 0.0234375 0.06640625
5 0.5109375 0.48203125 0.0203125 0.10546875
14 0.38359375 0.8546875 0.04453125 0.13203125
14 0.5234375 0.7640625 0.04140625 0.12578125
24 0.6578125 0.2375 0.021875 0.0875
17 0.63046875 0.346875 0.03203125 0.075
24 0.58046875 0.23984375 0.02578125 0.084375
24 0.68046875 0.23828125 0.01953125 0.0859375
17 0.68203125 0.34453125 0.021875 0.0625
14 0.578125 0.73828125 0.0234375 0.13046875