8 0.396875 0.31484375 0.04375 0.13359375
8 0.47734375 0.3171875 0.0375 0.1265625
2 0.75546875 0.4484375 0.02421875 0.10390625
0 0.7 0.4578125 0.0265625 0.1078125
5 0.28515625 0.5015625 0.05859375 0.17421875
10 0.34609375 0.31328125 0.05390625 0.140625
0 0.60703125 0.47265625 0.03046875 0.1109375
8 0.51484375 0.31796875 0.0359375 0.12421875
18 0.6765625 0.32421875 0.03359375 0.0953125
8 0.4390625 0.315625 0.03828125 0.1296875
3 0.4734375 0.4859375 0.03828125 0.13828125
2 0.7796875 0.4453125 0.0203125 0.10078125
0 0.66953125 0.465625 0.03203125 0.103125
10 0.615625 0.31796875 0.028125 0.1109375
10 0.2859375 0.31171875 0.06171875 0.146875
18 0.71015625 0.325 0.03046875 0.090625
2 0.5109375 0.484375 0.03359375 0.125
0 0.57578125 0.4765625 0.03046875 0.115625
10 0.55078125 0.3171875 0.03359375 0.1171875
0 0.6375 0.46875 0.028125 0.10703125
10 0.584375 0.31796875 0.03046875 0.1140625
2 0.54375 0.48203125 0.03046875 0.1171875
18 0.7796875 0.31953125 0.0359375 0.0953125
10 0.64453125 0.3203125 0.028125 0.1046875
18 0.74375 0.3234375 0.03203125 0.09140625
5 0.33984375 0.49921875 0.0484375 0.1609375
1 0.728125 0.45234375 0.028125 0.10703125
18 0.8109375 0.31953125 0.0234375 0.09140625
3 0.4328125 0.48984375 0.04140625 0.14296875
9 0.80859375 0.440625 0.034375 0.0984375