1 0.3703125 0.40546875 0.0484375 0.1078125
2 0.6671875 0.3890625 0.0234375 0.08359375
1 0.64140625 0.390625 0.0234375 0.0859375
17 0.13671875 0.42265625 0.05859375 0.121875
1 0.59140625 0.39453125 0.02578125 0.08828125
8 0.353125 0.24296875 0.04375 0.10390625
1 0.41328125 0.40390625 0.034375 0.1046875
8 0.54140625 0.25625 0.02578125 0.0890625
1 0.5640625 0.3953125 0.0265625 0.09140625
8 0.42421875 0.246875 0.03046875 0.1
1 0.61640625 0.3921875 0.02421875 0.0875
1 0.47890625 0.40078125 0.028125 0.09921875
8 0.48359375 0.25078125 0.028125 0.0953125
1 0.44765625 0.4015625 0.03203125 0.1015625
8 0.45546875 0.24921875 0.028125 0.0984375
8 0.5890625 0.25859375 0.0234375 0.08671875
1 0.509375 0.3984375 0.03046875 0.096875
24 0.13046875 0.6109375 0.05546875 0.1171875
3 0.478125 0.53828125 0.0265625 0.10703125
3 0.38203125 0.55390625 0.04140625 0.11640625
3 0.41953125 0.5484375 0.03046875 0.1140625
2 0.69140625 0.38828125 0.02421875 0.08046875
17 0.0484375 0.43828125 0.04375 0.1078125
8 0.3921875 0.24453125 0.03359375 0.1015625
8 0.5125 0.2546875 0.028125 0.09140625
3 0.45 0.54296875 0.0296875 0.1109375
10 0.6578125 0.26328125 0.0203125 0.08046875
4 0.6671875 0.50546875 0.021875 0.0890625
3 0.53359375 0.528125 0.028125 0.10390625
18 0.23828125 0.41640625 0.0578125 0.11796875
10 0.6125 0.26015625 0.021875 0.08359375
18 0.29453125 0.4125 0.05390625 0.1125
4 0.646875 0.50859375 0.01796875 0.0921875
8 0.56640625 0.25703125 0.021875 0.0875
3 0.50546875 0.5328125 0.02578125 0.10546875
17 0.08828125 0.42578125 0.0375 0.121875
4 0.72421875 0.496875 0.01640625 0.08203125
10 0.63515625 0.26171875 0.021875 0.0828125
10 0.69609375 0.265625 0.01796875 0.078125
17 0.0125 0.4421875 0.025 0.1125
1 0.5375 0.396875 0.02421875 0.09453125
4 0.68671875 0.503125 0.01640625 0.0859375
10 0.67734375 0.2640625 0.01640625 0.07890625
4 0.74140625 0.49375 0.01640625 0.08046875
4 0.70546875 0.5 0.01953125 0.084375
10 0.7515625 0.2671875 0.01796875 0.075
10 0.715625 0.265625 0.01953125 0.0765625
24 0.06640625 0.621875 0.06640625 0.1203125
2 0.71328125 0.38515625 0.01640625 0.08046875
3 0.6265625 0.51171875 0.0203125 0.0953125
3 0.6046875 0.515625 0.021875 0.096875
4 0.75859375 0.490625 0.01796875 0.07890625
0 0.734375 0.3828125 0.0234375 0.08203125
24 0.184375 0.59921875 0.04765625 0.11328125
24 0.2890625 0.58046875 0.04765625 0.1046875
2 0.75546875 0.38125 0.01640625 0.08046875
18 0.18828125 0.41953125 0.03984375 0.1203125
10 0.73359375 0.2671875 0.01640625 0.075
24 0.3375 0.57265625 0.04375 0.1