17 0.6265625 0.35546875 0.034375 0.0609375
8 0.56953125 0.4453125 0.03203125 0.07890625
12 0.30234375 0.43125 0.02421875 0.071875
17 0.8 0.3484375 0.04609375 0.08046875
5 0.33046875 0.52734375 0.02421875 0.07578125
6 0.79140625 0.45234375 0.05 0.09453125
17 0.384375 0.3484375 0.0265625 0.0609375
12 0.2765625 0.4296875 0.02578125 0.0734375
8 0.4203125 0.4421875 0.0234375 0.0671875
5 0.4296875 0.53359375 0.02578125 0.08203125
5 0.37890625 0.53125 0.0234375 0.0765625
1 0.6734375 0.45078125 0.03359375 0.0828125
4 0.78046875 0.5640625 0.0421875 0.09296875
4 0.74296875 0.5609375 0.03203125 0.0921875
10 0.5359375 0.44375 0.03046875 0.078125
17 0.66640625 0.35703125 0.03984375 0.0609375
3 0.565625 0.5453125 0.0265625 0.08671875
4 0.68125 0.55703125 0.028125 0.0875
8 0.4453125 0.44296875 0.02421875 0.06796875
17 0.41328125 0.34921875 0.028125 0.0609375
17 0.47265625 0.35 0.0296875 0.0625
5 0.403125 0.53203125 0.02421875 0.0796875
17 0.5640625 0.3546875 0.0296875 0.059375
18 0.35546875 0.34765625 0.0265625 0.0609375
17 0.59453125 0.35546875 0.028125 0.0609375
5 0.35546875 0.5296875 0.021875 0.075
2 0.603125 0.446875 0.03359375 0.0796875
4 0.62265625 0.553125 0.028125 0.0828125
3 0.48203125 0.5390625 0.02578125 0.08046875
10 0.4734375 0.44140625 0.028125 0.07421875
3 0.53828125 0.54375 0.02578125 0.0828125
8 0.39609375 0.440625 0.0234375 0.06640625
0 0.63828125 0.44921875 0.03359375 0.08203125
4 0.6515625 0.55546875 0.0296875 0.08359375
12 0.25078125 0.428125 0.02421875 0.07421875
1 0.70859375 0.4515625 0.034375 0.08359375
17 0.4421875 0.34921875 0.0265625 0.06171875
11 0.17578125 0.42578125 0.02421875 0.07109375
3 0.51015625 0.5421875 0.0265625 0.08046875
4 0.59453125 0.54921875 0.0265625 0.0859375
10 0.50390625 0.4421875 0.0296875 0.0765625
3 0.45546875 0.5359375 0.02578125 0.0828125
6 0.74609375 0.4515625 0.03828125 0.09140625
18 0.3296875 0.346875 0.02421875 0.059375
17 0.5046875 0.35078125 0.03046875 0.06328125
4 0.7109375 0.55859375 0.0296875 0.090625
11 0.1484375 0.42421875 0.0265625 0.07109375
17 0.53515625 0.3515625 0.0265625 0.0625
10 0.371875 0.4390625 0.021875 0.065625
12 0.2234375 0.42734375 0.0265625 0.07421875
10 0.3484375 0.4375 0.021875 0.065625
11 0.19921875 0.4265625 0.0203125 0.07109375
10 0.3265625 0.434375 0.0203125 0.06796875
18 0.02421875 0.0796875 0.0484375 0.15859375