4 0.70859375 0.5453125 0.0296875 0.08828125
6 0.81484375 0.43828125 0.04765625 0.09453125
5 0.42890625 0.52890625 0.02421875 0.078125
2 0.62421875 0.4375 0.03359375 0.08046875
4 0.73984375 0.5453125 0.0296875 0.090625
8 0.58984375 0.43671875 0.03359375 0.0796875
1 0.69609375 0.4390625 0.03359375 0.0828125
17 0.81875 0.3328125 0.04609375 0.08203125
17 0.40078125 0.3453125 0.0265625 0.0609375
17 0.58046875 0.34609375 0.03046875 0.059375
17 0.4296875 0.34453125 0.028125 0.0609375
5 0.4546875 0.5296875 0.02578125 0.08203125
1 0.73125 0.4390625 0.034375 0.08359375
17 0.45859375 0.34453125 0.028125 0.0625
5 0.38046875 0.5265625 0.0234375 0.0765625
12 0.296875 0.4296875 0.02421875 0.07421875
8 0.44140625 0.43671875 0.0234375 0.06640625
4 0.771875 0.5484375 0.03203125 0.09296875
0 0.66015625 0.43828125 0.034375 0.08203125
4 0.6484375 0.54296875 0.028125 0.084375
17 0.5203125 0.34375 0.03046875 0.0640625
4 0.678125 0.54453125 0.0296875 0.084375
5 0.35546875 0.525 0.02421875 0.075
18 0.371875 0.34453125 0.02578125 0.0609375
17 0.68359375 0.34453125 0.03828125 0.06171875
4 0.809375 0.54921875 0.0421875 0.09453125
17 0.64453125 0.3453125 0.034375 0.0609375
17 0.4890625 0.34375 0.0296875 0.0640625
3 0.59140625 0.53671875 0.0265625 0.08671875
17 0.5515625 0.34375 0.028125 0.06328125
10 0.49375 0.43515625 0.028125 0.075
5 0.40390625 0.5265625 0.0234375 0.078125
8 0.46640625 0.4375 0.02421875 0.06953125
4 0.61953125 0.5390625 0.028125 0.08671875
17 0.61171875 0.34609375 0.0296875 0.059375
11 0.16953125 0.4265625 0.0265625 0.07109375
8 0.41640625 0.4359375 0.0234375 0.06640625
10 0.52421875 0.43515625 0.0296875 0.07578125
10 0.3921875 0.4359375 0.0234375 0.065625
10 0.55625 0.4359375 0.03046875 0.078125
3 0.56328125 0.5359375 0.02578125 0.08359375
3 0.48046875 0.53046875 0.02421875 0.0828125
10 0.346875 0.4328125 0.0203125 0.06796875
3 0.5359375 0.5359375 0.0265625 0.07890625
6 0.76953125 0.43828125 0.03828125 0.09140625
11 0.19765625 0.42734375 0.02578125 0.071875
12 0.2703125 0.428125 0.02578125 0.07421875
10 0.36875 0.43515625 0.021875 0.065625
12 0.32265625 0.4296875 0.02421875 0.071875
3 0.5078125 0.5328125 0.0265625 0.08046875
18 0.3453125 0.3453125 0.0234375 0.059375
11 0.2203125 0.428125 0.01953125 0.071875
12 0.24375 0.428125 0.0265625 0.0734375
2 0.05 0.34140625 0.02421875 0.06953125
18 0.0234375 0.34140625 0.0265625 0.06953125