3 0.27421875 0.47578125 0.0359375 0.13671875
3 0.2375 0.48203125 0.0359375 0.1453125
6 0.40390625 0.45546875 0.02421875 0.11640625
4 0.19765625 0.48828125 0.04453125 0.15
6 0.4328125 0.45078125 0.03046875 0.1125
4 0.153125 0.4953125 0.04375 0.15546875
12 0.51484375 0.4375 0.028125 0.10390625
8 0.60546875 0.42421875 0.01796875 0.07890625
11 0.4875 0.44296875 0.0234375 0.10546875
8 0.5875 0.42734375 0.015625 0.0828125
10 0.56953125 0.43046875 0.01953125 0.084375
10 0.5484375 0.43359375 0.0234375 0.0890625
11 0.4625 0.44609375 0.02578125 0.109375
16 0.01328125 0.52109375 0.0265625 0.1828125
10 0.6375 0.42109375 0.0140625 0.06953125
8 0.6703125 0.41640625 0.0125 0.0640625
10 0.6515625 0.41953125 0.01171875 0.0671875
8 0.68359375 0.4140625 0.0125 0.06328125
10 0.62265625 0.42265625 0.0140625 0.0734375
8 0.69453125 0.41328125 0.0125 0.06171875
2 0.709375 0.4109375 0.015625 0.059375
2 0.73046875 0.40546875 0.015625 0.05859375
16 0.05390625 0.5109375 0.05546875 0.1703125
13 0.37734375 0.46015625 0.0265625 0.11953125