18 0.39921875 0.37421875 0.03984375 0.109375
17 0.31328125 0.365625 0.0421875 0.1265625
18 0.4359375 0.37578125 0.03046875 0.10703125
8 0.4875 0.3796875 0.0234375 0.096875
17 0.35703125 0.36796875 0.04140625 0.121875
10 0.54921875 0.38046875 0.01953125 0.0953125
10 0.52890625 0.3796875 0.0203125 0.0953125
8 0.50859375 0.3796875 0.01640625 0.09609375
10 0.56953125 0.38359375 0.01953125 0.0890625
17 0.27265625 0.3671875 0.0375 0.1234375
8 0.58828125 0.3859375 0.01640625 0.0859375
8 0.4640625 0.378125 0.02421875 0.1
8 0.60546875 0.3875 0.015625 0.08359375
8 0.6203125 0.38828125 0.01640625 0.08203125
0 0.65546875 0.39453125 0.0125 0.071875
0 0.6734375 0.3953125 0.0125 0.07109375
0 0.63828125 0.3921875 0.015625 0.07578125
2 0.68828125 0.3953125 0.0140625 0.0703125
2 0.7015625 0.39453125 0.0125 0.07109375
2 0.7078125 0.39609375 0.00859375 0.0703125