1 0.4234375 0.45 0.03828125 0.09453125
8 0.74453125 0.4234375 0.0234375 0.06953125
0 0.50078125 0.44375 0.0375 0.0890625
10 0.64296875 0.4328125 0.02578125 0.07890625
10 0.61328125 0.43515625 0.03046875 0.0828125
2 0.6921875 0.33125 0.0203125 0.0828125
2 0.5390625 0.440625 0.0359375 0.08671875
6 0.3765625 0.33046875 0.0578125 0.1046875
3 0.43359375 0.57265625 0.03203125 0.1046875
8 0.69453125 0.428125 0.0234375 0.0734375
2 0.57734375 0.4375 0.0375 0.084375
2 0.66953125 0.33203125 0.021875 0.08359375
10 0.73203125 0.33125 0.01953125 0.07890625
8 0.71953125 0.42578125 0.0234375 0.07109375
1 0.38046875 0.4515625 0.04453125 0.0984375
10 0.75234375 0.33125 0.0203125 0.0765625
2 0.646875 0.33203125 0.021875 0.08671875
0 0.4625 0.446875 0.0359375 0.09140625
11 0.559375 0.33046875 0.03046875 0.0953125
8 0.77265625 0.33203125 0.01796875 0.075
3 0.525 0.55703125 0.028125 0.09921875
10 0.7125 0.33125 0.01796875 0.08046875
8 0.66953125 0.4296875 0.02421875 0.07578125
3 0.496875 0.56171875 0.02578125 0.1
12 0.5265625 0.33125 0.03359375 0.0953125
2 0.6234375 0.33203125 0.02421875 0.0875
3 0.46640625 0.56640625 0.03046875 0.1046875
3 0.58203125 0.546875 0.02578125 0.09453125
8 0.80546875 0.3328125 0.01640625 0.0703125
6 0.45546875 0.3296875 0.0359375 0.103125
6 0.421875 0.3296875 0.028125 0.103125
3 0.39453125 0.5765625 0.0421875 0.10859375
11 0.59296875 0.33046875 0.03359375 0.0921875
3 0.5546875 0.5515625 0.0265625 0.09609375
4 0.6984375 0.5265625 0.0203125 0.084375
4 0.7625 0.515625 0.01953125 0.0828125
8 0.78984375 0.33203125 0.0140625 0.071875
3 0.60703125 0.54296875 0.0234375 0.09296875
12 0.49140625 0.33046875 0.03359375 0.09921875
4 0.7828125 0.51171875 0.01953125 0.08046875
4 0.72109375 0.5234375 0.021875 0.0828125
3 0.6765625 0.53046875 0.0203125 0.08671875
4 0.7421875 0.51953125 0.01953125 0.08203125
3 0.63046875 0.5390625 0.021875 0.09140625
3 0.6546875 0.53515625 0.0234375 0.08671875
18 0.69921875 0.62421875 0.03984375 0.075
16 0.1484375 0.77265625 0.04765625 0.11640625
4 0.80390625 0.5078125 0.0203125 0.0765625
19 0.63515625 0.640625 0.0375 0.08203125
16 0.0125 0.809375 0.02421875 0.13046875