17 0.675 0.496875 0.0296875 0.05390625
8 0.46796875 0.3578125 0.01640625 0.07109375
0 0.34375 0.46484375 0.03359375 0.090625
2 0.37890625 0.3546875 0.0203125 0.07890625
0 0.3984375 0.459375 0.021875 0.084375
0 0.4203125 0.4578125 0.0234375 0.08203125
8 0.415625 0.35546875 0.01953125 0.07578125
2 0.328125 0.3515625 0.03046875 0.084375
2 0.35546875 0.35234375 0.02421875 0.0828125
0 0.44296875 0.45625 0.0203125 0.0796875
8 0.4515625 0.3578125 0.01640625 0.071875
0 0.3734375 0.46328125 0.02578125 0.0875
8 0.54609375 0.3578125 0.015625 0.06796875
8 0.43359375 0.35703125 0.01640625 0.07421875
2 0.5015625 0.4515625 0.01796875 0.0734375
2 0.51953125 0.45 0.01796875 0.07109375
8 0.53046875 0.3578125 0.01640625 0.0703125
8 0.56171875 0.359375 0.0140625 0.06796875
10 0.48671875 0.35859375 0.01796875 0.06953125
2 0.48203125 0.45390625 0.01796875 0.07421875
2 0.56640625 0.44453125 0.01796875 0.06640625
0 0.4640625 0.45546875 0.01953125 0.0765625
16 0.41484375 0.55703125 0.03203125 0.0859375
17 0.703125 0.48984375 0.0203125 0.05390625
8 0.5765625 0.359375 0.0140625 0.065625
2 0.5984375 0.4421875 0.0234375 0.0625
2 0.5421875 0.446875 0.01953125 0.06953125
10 0.5140625 0.35859375 0.015625 0.06796875
8 0.64765625 0.3640625 0.015625 0.0546875
1 0.63359375 0.4390625 0.01953125 0.05703125
10 0.50078125 0.359375 0.015625 0.0703125
16 0.44453125 0.5515625 0.0265625 0.08359375
17 0.72265625 0.48671875 0.015625 0.05078125
8 0.61640625 0.3625 0.0140625 0.059375
18 0.6453125 0.50546875 0.02421875 0.05703125
8 0.5875 0.36015625 0.0125 0.0640625
8 0.396875 0.35546875 0.01640625 0.0765625
2 0.58125 0.44375 0.0125 0.0640625
8 0.6328125 0.3640625 0.015625 0.0578125
17 0.515625 0.5375 0.0265625 0.0671875
8 0.6625 0.3640625 0.0125 0.053125
1 0.6234375 0.4390625 0.01796875 0.0578125
1 0.675 0.43515625 0.015625 0.0515625
1 0.65390625 0.43671875 0.01796875 0.05390625
17 0.7421875 0.484375 0.0203125 0.04921875
8 0.68125 0.36640625 0.0125 0.05078125
8 0.69921875 0.36953125 0.015625 0.0453125