10 0.3234375 0.4921875 0.04140625 0.10859375
10 0.40859375 0.4859375 0.034375 0.10390625
1 0.46640625 0.3703125 0.0296875 0.09140625
8 0.575 0.4734375 0.021875 0.0875
4 0.38515625 0.6171875 0.03046875 0.10703125
10 0.44296875 0.4828125 0.03046875 0.09921875
2 0.36953125 0.3640625 0.03046875 0.103125
2 0.4 0.365625 0.0296875 0.1
4 0.3515625 0.621875 0.03359375 0.1109375
2 0.64765625 0.3765625 0.01953125 0.0703125
4 0.41484375 0.61171875 0.02578125 0.103125
10 0.3671875 0.48984375 0.0421875 0.10546875
4 0.4421875 0.60625 0.028125 0.1
10 0.47421875 0.48125 0.028125 0.09609375
1 0.4328125 0.36796875 0.03359375 0.09453125
1 0.4921875 0.371875 0.0234375 0.08671875
2 0.33359375 0.3625 0.03828125 0.10546875
8 0.5984375 0.47109375 0.021875 0.084375
3 0.5203125 0.5890625 0.0234375 0.09453125
10 0.5015625 0.47890625 0.02421875 0.09453125
0 0.6 0.375 0.0234375 0.0765625
4 0.3125 0.6265625 0.04375 0.11640625
1 0.51953125 0.37421875 0.0296875 0.08046875
10 0.55078125 0.47421875 0.02421875 0.0890625
10 0.52578125 0.47734375 0.02421875 0.0921875
4 0.4703125 0.60078125 0.0265625 0.09921875
1 0.5484375 0.3765625 0.0234375 0.075
0 0.62421875 0.37578125 0.0234375 0.07421875
1 0.5734375 0.37578125 0.02578125 0.07578125
3 0.49609375 0.59453125 0.0234375 0.096875
8 0.61875 0.4703125 0.015625 0.0828125
3 0.60625 0.571875 0.0203125 0.08671875
3 0.54375 0.5859375 0.021875 0.09296875
3 0.659375 0.5609375 0.01796875 0.08203125
3 0.58671875 0.57578125 0.01796875 0.0875
3 0.62578125 0.56796875 0.01640625 0.0859375
3 0.64140625 0.5640625 0.015625 0.084375
3 0.56640625 0.58046875 0.0203125 0.090625