8 0.61640625 0.40546875 0.021875 0.1
5 0.4328125 0.57890625 0.03046875 0.121875
10 0.5703125 0.4109375 0.0203125 0.10703125
5 0.36953125 0.59453125 0.028125 0.128125
5 0.49140625 0.56328125 0.02578125 0.1125
5 0.40078125 0.5859375 0.03203125 0.12421875
5 0.46328125 0.5703125 0.028125 0.11953125
5 0.515625 0.55703125 0.021875 0.10703125
18 0.62265625 0.24921875 0.03359375 0.10859375
9 0.46953125 0.42265625 0.03203125 0.1109375
5 0.33515625 0.60078125 0.03984375 0.13671875
9 0.4984375 0.4203125 0.0265625 0.10703125
8 0.63671875 0.40390625 0.01953125 0.096875
10 0.54765625 0.41484375 0.02421875 0.1046875
8 0.74453125 0.39453125 0.01640625 0.08359375
8 0.59296875 0.4078125 0.0234375 0.10390625
10 0.5234375 0.41796875 0.021875 0.1046875
8 0.65703125 0.403125 0.0203125 0.09453125
8 0.728125 0.396875 0.015625 0.08359375
8 0.7109375 0.3984375 0.01640625 0.0859375
8 0.6765625 0.40078125 0.01640625 0.090625
8 0.69296875 0.4 0.01640625 0.0875
13 0.42890625 0.41484375 0.04609375 0.14140625
14 0.53125 0.71640625 0.0421875 0.1203125
17 0.66953125 0.2578125 0.03046875 0.1015625
17 0.69453125 0.2625 0.01796875 0.096875
5 0.54140625 0.5515625 0.0265625 0.10390625
17 0.7125 0.26484375 0.02421875 0.0921875
24 0.45859375 0.22578125 0.0421875 0.12890625
14 0.56875 0.703125 0.03203125 0.1109375
18 0.64609375 0.253125 0.01640625 0.1046875
24 0.49296875 0.23046875 0.02421875 0.12421875
18 0.3328125 0.22421875 0.03203125 0.1046875
24 0.5265625 0.2359375 0.03828125 0.11796875