17 0.0703125 0.52578125 0.071875 0.1359375
8 0.5875 0.359375 0.021875 0.08203125
8 0.4734375 0.359375 0.0296875 0.0875
3 0.50703125 0.59765625 0.0265625 0.09140625
8 0.40546875 0.35703125 0.0359375 0.0984375
5 0.5625 0.58671875 0.02421875 0.08671875
3 0.4234375 0.615625 0.03203125 0.1
10 0.53359375 0.359375 0.0265625 0.08359375
2 0.47265625 0.48203125 0.03359375 0.10078125
17 0.1421875 0.51796875 0.065625 0.128125
5 0.53515625 0.5921875 0.02578125 0.0875
3 0.4546875 0.609375 0.0265625 0.096875
2 0.503125 0.478125 0.0265625 0.0984375
10 0.6484375 0.359375 0.01796875 0.0765625
8 0.60859375 0.359375 0.01796875 0.07890625
2 0.646875 0.46796875 0.015625 0.0734375
1 0.5609375 0.47265625 0.0265625 0.09140625
17 0.31640625 0.50703125 0.03984375 0.09140625
3 0.3875 0.6203125 0.0375 0.10390625
2 0.6640625 0.465625 0.01796875 0.071875
17 0.1953125 0.4953125 0.04375 0.0953125
17 0.35390625 0.50234375 0.034375 0.08828125
8 0.440625 0.35859375 0.03203125 0.0921875
3 0.48046875 0.6046875 0.0234375 0.09453125
10 0.5625 0.359375 0.02578125 0.0828125
0 0.4375 0.4859375 0.03203125 0.10390625
1 0.53203125 0.47421875 0.028125 0.09453125
12 0.70859375 0.3609375 0.01953125 0.071875
16 0.51796875 0.93046875 0.0359375 0.1046875
6 0.7453125 0.45078125 0.01640625 0.08203125
10 0.5046875 0.359375 0.0296875 0.0859375
1 0.58671875 0.4703125 0.021875 0.0859375
0 0.60703125 0.47109375 0.01796875 0.07890625
12 0.6875 0.36015625 0.0203125 0.075
10 0.628125 0.359375 0.01953125 0.078125
5 0.58359375 0.58203125 0.01953125 0.084375
16 0.4015625 0.74609375 0.03203125 0.10390625
16 0.5734375 0.903125 0.03046875 0.1
0 0.3984375 0.48828125 0.04375 0.10703125
6 0.7265625 0.45234375 0.01796875 0.08359375
2 0.68203125 0.46328125 0.015625 0.071875
5 0.60390625 0.578125 0.01953125 0.0828125
0 0.62734375 0.46953125 0.0203125 0.075
4 0.70859375 0.5515625 0.01953125 0.0734375
6 0.70390625 0.45546875 0.02421875 0.08359375
5 0.6234375 0.57265625 0.01640625 0.0796875
4 0.69140625 0.55546875 0.015625 0.07421875
8 0.37578125 0.359375 0.0203125 0.0921875
11 0.7265625 0.3609375 0.01640625 0.07109375
5 0.64140625 0.56796875 0.01796875 0.0796875
11 0.74453125 0.3609375 0.01640625 0.0703125
4 0.7265625 0.5484375 0.015625 0.07109375
4 0.675 0.559375 0.015625 0.075
5 0.659375 0.56328125 0.01640625 0.0765625
23 0.35078125 0.6265625 0.03203125 0.10546875
10 0.6671875 0.359375 0.01796875 0.07578125
23 0.31484375 0.6359375 0.04140625 0.1140625
17 0.28359375 0.50625 0.02578125 0.0921875
16 0.43359375 0.73671875 0.0296875 0.09921875
4 0.74140625 0.54609375 0.015625 0.0703125
16 0.3703125 0.765625 0.0296875 0.084375