10 0.3484375 0.321875 0.071875 0.1796875
0 0.5484375 0.4953125 0.03359375 0.121875
10 0.4140625 0.31875 0.05625 0.1765625
10 0.75859375 0.28046875 0.0296875 0.13359375
8 0.6125 0.29609375 0.04453125 0.15546875
8 0.5171875 0.30625 0.04609375 0.1671875
10 0.46875 0.31328125 0.04765625 0.1734375
8 0.65546875 0.2921875 0.03828125 0.14921875
18 0.4984375 0.6640625 0.05 0.1171875
8 0.38984375 0.53828125 0.0515625 0.140625
0 0.64453125 0.46953125 0.028125 0.115625
8 0.69296875 0.2875 0.034375 0.14453125
0 0.58125 0.4859375 0.03046875 0.12109375
10 0.4765625 0.51640625 0.03828125 0.1296875
8 0.43671875 0.5265625 0.03828125 0.1359375
8 0.565625 0.30078125 0.04765625 0.1609375
8 0.7265625 0.284375 0.0296875 0.13671875
0 0.6140625 0.478125 0.03046875 0.11796875
10 0.51328125 0.50703125 0.03203125 0.1265625
10 0.79140625 0.27734375 0.03203125 0.12890625
10 0.8234375 0.275 0.028125 0.1234375
18 0.58671875 0.63671875 0.04140625 0.09609375
18 0.54453125 0.646875 0.0359375 0.11328125
1 0.0203125 0.89140625 0.040625 0.1140625
16 0.82734375 0.521875 0.0359375 0.09296875