10 0.3984375 0.48671875 0.04140625 0.109375
2 0.47265625 0.36015625 0.0296875 0.1
8 0.646875 0.465625 0.0234375 0.0890625
4 0.45859375 0.61171875 0.0296875 0.10390625
10 0.54609375 0.47421875 0.0265625 0.0984375
1 0.50546875 0.36171875 0.03203125 0.09609375
10 0.48046875 0.4796875 0.03359375 0.10390625
10 0.515625 0.4765625 0.03203125 0.10078125
2 0.40703125 0.3578125 0.03828125 0.10546875
4 0.4875 0.60546875 0.02578125 0.1015625
4 0.4265625 0.615625 0.03203125 0.10703125
4 0.51484375 0.59921875 0.0265625 0.0984375
1 0.53828125 0.36171875 0.03046875 0.09296875
10 0.621875 0.46796875 0.0234375 0.0921875
10 0.44140625 0.4828125 0.04140625 0.1078125
4 0.5421875 0.59375 0.0265625 0.09921875
0 0.6734375 0.36640625 0.0234375 0.0765625
2 0.4421875 0.359375 0.03046875 0.103125
1 0.59140625 0.3671875 0.03046875 0.07890625
10 0.5734375 0.471875 0.02421875 0.0953125
1 0.56328125 0.36328125 0.0234375 0.0890625
1 0.64765625 0.3671875 0.02578125 0.075
8 0.6703125 0.46328125 0.021875 0.08671875
4 0.3890625 0.6203125 0.04140625 0.11171875
3 0.5921875 0.58359375 0.021875 0.0953125
2 0.7203125 0.3671875 0.01953125 0.0734375
1 0.62109375 0.36875 0.02421875 0.07421875
10 0.5984375 0.46953125 0.0234375 0.09296875
3 0.56875 0.5875 0.0234375 0.09921875
0 0.6984375 0.3671875 0.0234375 0.075
8 0.69140625 0.46171875 0.01640625 0.08359375
2 0.73984375 0.36640625 0.015625 0.0703125
3 0.73046875 0.5546875 0.01953125 0.08203125