2 0.4296875 0.47265625 0.03359375 0.1265625
8 0.3953125 0.30703125 0.0375 0.12578125
8 0.43359375 0.3078125 0.0359375 0.12109375
10 0.50234375 0.309375 0.03046875 0.1125
0 0.61640625 0.44765625 0.02578125 0.10390625
8 0.3125 0.3046875 0.04453125 0.1359375
10 0.53359375 0.3109375 0.028125 0.10859375
10 0.1984375 0.30234375 0.0640625 0.14609375
10 0.2609375 0.303125 0.05625 0.140625
2 0.671875 0.4390625 0.02421875 0.1015625
5 0.1984375 0.4921875 0.06171875 0.175
8 0.35546875 0.30546875 0.03828125 0.1296875
0 0.55546875 0.45703125 0.028125 0.109375
5 0.25546875 0.490625 0.0515625 0.1609375
0 0.525 0.46171875 0.0296875 0.1125
0 0.5875 0.45390625 0.03203125 0.1046875
0 0.49375 0.465625 0.0296875 0.11640625
2 0.4625 0.4703125 0.03046875 0.11953125
1 0.64453125 0.44296875 0.028125 0.1015625
10 0.46953125 0.30859375 0.03359375 0.1171875
18 0.59453125 0.3171875 0.03359375 0.09296875
3 0.39140625 0.47578125 0.03984375 0.1390625
18 0.62734375 0.3171875 0.03046875 0.0890625
18 0.69453125 0.31328125 0.034375 0.09453125
2 0.69453125 0.4359375 0.0203125 0.1
18 0.66015625 0.31484375 0.0296875 0.09140625
10 0.5625 0.31328125 0.0265625 0.10078125
2 0.72265625 0.43125 0.03203125 0.09609375
18 0.72421875 0.3125 0.0234375 0.090625
3 0.34921875 0.4796875 0.0421875 0.14453125
5 0.3046875 0.48515625 0.04609375 0.15078125