18 0.2390625 0.32578125 0.05546875 0.1359375
17 0.18046875 0.31640625 0.0578125 0.15
17 0.1171875 0.31171875 0.0640625 0.15703125
17 0.05390625 0.31640625 0.05859375 0.14453125
10 0.4625 0.34453125 0.0234375 0.10859375
8 0.35859375 0.33828125 0.0296875 0.11328125
18 0.290625 0.328125 0.0421875 0.13203125
10 0.4109375 0.3390625 0.02578125 0.11328125
8 0.48515625 0.3484375 0.0203125 0.1015625
8 0.50546875 0.353125 0.01796875 0.0953125
8 0.32734375 0.3359375 0.03046875 0.1171875
0 0.56015625 0.36328125 0.0140625 0.07890625
10 0.4375 0.3421875 0.02421875 0.1109375
8 0.3859375 0.3390625 0.021875 0.1125
0 0.54375 0.3609375 0.01640625 0.0828125
8 0.52421875 0.35546875 0.01953125 0.0921875
0 0.575 0.36328125 0.0125 0.0796875
2 0.603125 0.36640625 0.01640625 0.078125
0 0.58359375 0.3640625 0.0125 0.07890625
2 0.62734375 0.3671875 0.01015625 0.078125
2 0.61640625 0.3671875 0.0125 0.0765625
12 0.01171875 0.284375 0.0234375 0.21328125
0 0.59140625 0.36484375 0.01015625 0.07890625
17 0.7453125 0.546875 0.02421875 0.0578125