1 0.3765625 0.43203125 0.03828125 0.1046875
8 0.49140625 0.278125 0.03359375 0.09609375
3 0.51875 0.559375 0.03359375 0.10703125
3 0.34375 0.58203125 0.04453125 0.1171875
1 0.61796875 0.41953125 0.03046875 0.0890625
17 0.08046875 0.44921875 0.06015625 0.11796875
1 0.4890625 0.42578125 0.0359375 0.09921875
8 0.30859375 0.27421875 0.04765625 0.103125
1 0.64921875 0.4171875 0.0296875 0.08828125
8 0.4578125 0.2765625 0.03203125 0.09609375
8 0.42421875 0.2765625 0.03359375 0.096875
8 0.58203125 0.28125 0.028125 0.08828125
4 0.775 0.525 0.021875 0.090625
2 0.73828125 0.4109375 0.02421875 0.0875
8 0.3890625 0.27578125 0.0359375 0.1
10 0.63828125 0.284375 0.0265625 0.0828125
3 0.38515625 0.57734375 0.0359375 0.115625
1 0.58671875 0.42109375 0.03046875 0.09140625
1 0.41640625 0.4296875 0.0375 0.10390625
8 0.3515625 0.27421875 0.0359375 0.1015625
1 0.45234375 0.428125 0.034375 0.1015625
1 0.55390625 0.42265625 0.03203125 0.09453125
10 0.68984375 0.28515625 0.02421875 0.0828125
3 0.4859375 0.56328125 0.03046875 0.10859375
4 0.7296875 0.53046875 0.0234375 0.09453125
4 0.70625 0.53359375 0.021875 0.0953125
3 0.4546875 0.56796875 0.03203125 0.109375
3 0.63046875 0.54296875 0.02578125 0.1015625
10 0.61015625 0.2828125 0.0265625 0.08671875
4 0.75234375 0.52734375 0.021875 0.09296875
18 0.24296875 0.43984375 0.0578125 0.11171875
3 0.4203125 0.57265625 0.03359375 0.11328125
1 0.328125 0.43359375 0.05546875 0.1078125
0 0.765625 0.4078125 0.028125 0.08671875
17 0.03203125 0.453125 0.034375 0.11796875
1 0.52265625 0.42421875 0.028125 0.09609375
24 0.06796875 0.6328125 0.05546875 0.115625
18 0.1828125 0.44453125 0.05859375 0.115625
2 0.68046875 0.415625 0.03046875 0.0875
10 0.73828125 0.2859375 0.0234375 0.08046875
4 0.68203125 0.53671875 0.02578125 0.096875
24 0.01640625 0.64296875 0.0328125 0.1203125
10 0.7140625 0.28515625 0.0234375 0.08203125
8 0.5234375 0.2796875 0.0296875 0.09453125
3 0.603125 0.54765625 0.0296875 0.1015625
10 0.76171875 0.28671875 0.0203125 0.07890625
10 0.66484375 0.28515625 0.02421875 0.08359375
8 0.553125 0.28046875 0.0265625 0.090625
4 0.65546875 0.5390625 0.0234375 0.1
2 0.7109375 0.4125 0.0296875 0.0875
17 0.00703125 0.45546875 0.0140625 0.11796875
24 0.2375 0.6078125 0.0515625 0.1046875
4 0.7984375 0.52265625 0.02421875 0.0875
24 0.125 0.62265625 0.05234375 0.11171875
24 0.18125 0.61484375 0.05234375 0.10859375
10 0.78359375 0.28671875 0.0234375 0.078125
2 0.790625 0.40625 0.0203125 0.084375
24 0.29140625 0.60078125 0.0484375 0.103125
22 0.0125 0.265625 0.02421875 0.11640625
18 0.13203125 0.446875 0.03828125 0.1171875