0 0.4890625 0.4515625 0.03046875 0.1015625
1 0.51953125 0.4484375 0.0265625 0.09609375
2 0.546875 0.44609375 0.0265625 0.09453125
10 0.29140625 0.26796875 0.04609375 0.13046875
3 0.3921875 0.459375 0.0359375 0.12421875
17 0.73828125 0.421875 0.01796875 0.0640625
8 0.65234375 0.4296875 0.0203125 0.08046875
10 0.34140625 0.2703125 0.05 0.128125
17 0.71953125 0.42421875 0.015625 0.065625
12 0.60859375 0.4328125 0.0234375 0.0921875
10 0.67109375 0.4296875 0.015625 0.07421875
3 0.42578125 0.45546875 0.0265625 0.11953125
8 0.68671875 0.42890625 0.0140625 0.07109375
2 0.56953125 0.4453125 0.01953125 0.0859375
2 0.5890625 0.44296875 0.01640625 0.08046875
13 0.5859375 0.2828125 0.0265625 0.09921875
6 0.45625 0.453125 0.03203125 0.1140625
17 0.75 0.421875 0.0078125 0.059375
10 0.63125 0.43046875 0.01953125 0.08828125
17 0.75546875 0.421875 0.0125 0.05703125
13 0.6125 0.28359375 0.021875 0.09609375
8 0.70390625 0.4265625 0.01640625 0.06953125
13 0.5203125 0.2796875 0.0296875 0.1078125