5 0.3734375 0.56953125 0.0375 0.13046875
9 0.48359375 0.40078125 0.0296875 0.1125
5 0.4765625 0.5484375 0.0296875 0.1171875
5 0.41015625 0.5625 0.0359375 0.125
5 0.50625 0.5421875 0.0265625 0.1140625
5 0.29453125 0.584375 0.0484375 0.14296875
8 0.73125 0.38203125 0.0203125 0.090625
5 0.33671875 0.5765625 0.03359375 0.1359375
10 0.56640625 0.390625 0.02421875 0.11171875
9 0.45078125 0.40234375 0.034375 0.115625
8 0.6203125 0.3890625 0.02578125 0.10703125
5 0.4453125 0.55546875 0.03203125 0.1234375
8 0.64609375 0.38671875 0.0234375 0.1015625
8 0.71015625 0.3828125 0.01953125 0.0921875
18 0.6234375 0.22265625 0.0359375 0.1140625
8 0.7515625 0.38046875 0.01796875 0.08828125
8 0.59375 0.3890625 0.0265625 0.109375
8 0.66953125 0.38515625 0.0234375 0.09921875
8 0.690625 0.38359375 0.01796875 0.0953125
10 0.53984375 0.39609375 0.028125 0.1078125
8 0.77109375 0.37890625 0.01796875 0.0875
13 0.4046875 0.3921875 0.05234375 0.14921875
10 0.5125 0.3984375 0.02421875 0.109375
17 0.7328125 0.23828125 0.028125 0.10078125
24 0.43203125 0.1921875 0.0484375 0.1375
14 0.5265625 0.71015625 0.0421875 0.12421875
17 0.68046875 0.23359375 0.03359375 0.10546875
14 0.56875 0.7046875 0.03828125 0.10078125
17 0.70859375 0.23671875 0.021875 0.1015625
18 0.65234375 0.228125 0.021875 0.10859375
5 0.5359375 0.5390625 0.03203125 0.109375