10 0.54609375 0.25390625 0.02421875 0.11796875
2 0.3828125 0.24375 0.04140625 0.14453125
3 0.49765625 0.48828125 0.03046875 0.14296875
17 0.6515625 0.265625 0.0234375 0.09140625
10 0.5734375 0.2546875 0.02578125 0.1140625
8 0.4875 0.24921875 0.03203125 0.1296875
18 0.696875 0.26796875 0.02421875 0.0890625
2 0.42109375 0.246875 0.03359375 0.1390625
8 0.51875 0.2515625 0.0296875 0.125
8 0.45546875 0.246875 0.03203125 0.1328125
3 0.55703125 0.4765625 0.0265625 0.13359375
5 0.6484375 0.45703125 0.01953125 0.1140625
3 0.528125 0.48203125 0.0296875 0.13828125
4 0.58359375 0.47109375 0.02421875 0.125
10 0.5984375 0.25625 0.0234375 0.11171875
5 0.66796875 0.4515625 0.01953125 0.1140625
4 0.60625 0.46640625 0.0203125 0.12109375
5 0.68828125 0.44921875 0.0203125 0.1109375
17 0.625 0.2640625 0.0265625 0.09453125
4 0.62734375 0.46171875 0.0203125 0.1171875
18 0.67421875 0.26640625 0.0203125 0.090625
5 0.43203125 0.5015625 0.03359375 0.159375
3 0.46484375 0.49453125 0.03359375 0.1484375