11 0.55546875 0.36328125 0.03046875 0.1
6 0.23671875 0.53046875 0.04765625 0.1234375
5 0.32734375 0.5140625 0.03828125 0.11953125
5 0.36328125 0.50859375 0.03203125 0.11640625
17 0.7328125 0.46171875 0.021875 0.05546875
12 0.4453125 0.36796875 0.034375 0.1109375
17 0.63359375 0.4734375 0.0265625 0.07578125
8 0.6359375 0.3640625 0.01953125 0.0828125
8 0.6125 0.36484375 0.02421875 0.084375
10 0.678125 0.36328125 0.01953125 0.0765625
6 0.28359375 0.5234375 0.04453125 0.12109375
3 0.3984375 0.503125 0.034375 0.11171875
17 0.7078125 0.4640625 0.0265625 0.059375
18 0.68046875 0.46796875 0.0203125 0.06640625
1 0.4609375 0.4984375 0.03046875 0.09453125
3 0.43046875 0.50078125 0.0265625 0.10546875
12 0.40625 0.36953125 0.03984375 0.11328125
11 0.5265625 0.3640625 0.02578125 0.103125
2 0.51796875 0.4921875 0.02421875 0.084375
17 0.65859375 0.4703125 0.021875 0.07109375
17 0.5734375 0.4796875 0.0296875 0.0859375
10 0.65703125 0.36328125 0.0203125 0.08046875
17 0.54453125 0.484375 0.0265625 0.08828125
0 0.49140625 0.4953125 0.028125 0.0890625
10 0.58515625 0.365625 0.02578125 0.090625
12 0.47421875 0.3671875 0.021875 0.1078125
8 0.70859375 0.3640625 0.0125 0.06953125
11 0.49921875 0.365625 0.028125 0.10546875
10 0.72421875 0.36328125 0.015625 0.06640625
8 0.696875 0.3640625 0.015625 0.0703125
10 0.74140625 0.36171875 0.015625 0.06640625
17 0.60390625 0.47578125 0.0296875 0.08203125