2 0.54375 0.4015625 0.01953125 0.10859375
2 0.49609375 0.39453125 0.03203125 0.11953125
16 0.50078125 0.9171875 0.034375 0.11796875
1 0.4203125 0.384375 0.0359375 0.12890625
8 0.6046875 0.41484375 0.0203125 0.0921875
16 0.54140625 0.89296875 0.0421875 0.115625
8 0.58359375 0.41171875 0.01953125 0.0953125
16 0.61015625 0.85 0.034375 0.103125
0 0.459375 0.38984375 0.03828125 0.1234375
10 0.63671875 0.4171875 0.01953125 0.0921875
10 0.6234375 0.4171875 0.0140625 0.09140625
10 0.6875 0.41953125 0.021875 0.0921875
2 0.5234375 0.3984375 0.01953125 0.11328125
16 0.5765625 0.8609375 0.028125 0.09296875
10 0.6734375 0.41875 0.015625 0.09296875
5 0.75234375 0.753125 0.028125 0.075
8 0.5640625 0.40703125 0.0203125 0.09921875
10 0.65546875 0.41796875 0.01796875 0.09453125
5 0.70546875 0.7953125 0.01953125 0.09140625
5 0.725 0.784375 0.0203125 0.0953125
16 0.6359375 0.834375 0.015625 0.0953125
16 0.65390625 0.8265625 0.021875 0.09921875
5 0.67890625 0.815625 0.01953125 0.103125
5 0.69140625 0.80546875 0.0125 0.096875
17 0.7390625 0.43046875 0.0203125 0.07421875
17 0.7515625 0.43046875 0.02421875 0.07578125
16 0.4625 0.93984375 0.0375 0.11953125
0 0.71953125 0.4296875 0.01640625 0.07421875