6 0.49921875 0.6671875 0.03203125 0.1109375
11 0.3140625 0.740625 0.05 0.134375
2 0.5375 0.38828125 0.028125 0.09296875
5 0.4890625 0.528125 0.02578125 0.1046875
8 0.24375 0.2546875 0.05234375 0.134375
10 0.42578125 0.26015625 0.03203125 0.1171875
5 0.51796875 0.51953125 0.03046875 0.1109375
3 0.396875 0.55078125 0.034375 0.11640625
0 0.50625 0.38984375 0.03046875 0.096875
3 0.3265625 0.565625 0.0375 0.13203125
8 0.31640625 0.41015625 0.04453125 0.1140625
3 0.3625 0.55703125 0.03359375 0.12421875
8 0.33359375 0.2578125 0.03984375 0.128125
2 0.50859375 0.26328125 0.02578125 0.10703125
13 0.5734375 0.63828125 0.02578125 0.10390625
8 0.3921875 0.259375 0.03203125 0.1203125
8 0.36015625 0.40703125 0.03984375 0.10703125
0 0.4734375 0.39453125 0.03359375 0.0984375
2 0.55546875 0.265625 0.02421875 0.10078125
18 0.62265625 0.38203125 0.02421875 0.075
8 0.26953125 0.4140625 0.04609375 0.11796875
8 0.29140625 0.25703125 0.04140625 0.1296875
2 0.565625 0.3859375 0.02421875 0.0859375
10 0.4375 0.40078125 0.03359375 0.09453125
6 0.46875 0.678125 0.0265625 0.1140625
11 0.3953125 0.70546875 0.04140625 0.12578125
10 0.4828125 0.26171875 0.0265625 0.1109375
10 0.45546875 0.2609375 0.02578125 0.11328125
10 0.4 0.4046875 0.0375 0.09921875
24 0.63515625 0.2734375 0.02578125 0.08046875
11 0.434375 0.6921875 0.0375 0.11796875
3 0.28359375 0.57578125 0.04765625 0.13359375
3 0.42890625 0.5453125 0.028125 0.109375
5 0.459375 0.53671875 0.03046875 0.1078125
11 0.35859375 0.7203125 0.034375 0.1296875
13 0.54765625 0.6484375 0.0234375 0.1078125
2 0.5328125 0.2640625 0.0203125 0.10390625
24 0.68671875 0.26796875 0.0234375 0.0859375
24 0.6609375 0.27265625 0.0234375 0.0796875
1 0.59375 0.38515625 0.0296875 0.078125
8 0.365625 0.25859375 0.021875 0.121875
13 0.6203125 0.6171875 0.0234375 0.09921875
2 0.58203125 0.27265625 0.02578125 0.084375
24 0.60859375 0.2734375 0.02421875 0.0828125
13 0.59765625 0.628125 0.0203125 0.103125
14 0.4203125 0.8890625 0.04609375 0.1375
24 0.709375 0.26796875 0.01953125 0.0859375
14 0.61640625 0.771875 0.02421875 0.13671875
17 0.66171875 0.3765625 0.03203125 0.075
14 0.59375 0.78359375 0.02578125 0.1390625
13 0.528125 0.65546875 0.01953125 0.1078125