2 0.6078125 0.440625 0.028125 0.09609375
8 0.4296875 0.28203125 0.0359375 0.1359375
8 0.465625 0.28671875 0.03203125 0.12578125
2 0.578125 0.4390625 0.0265625 0.1
5 0.39453125 0.60234375 0.03828125 0.1578125
10 0.23046875 0.4296875 0.065625 0.15
3 0.3515625 0.6078125 0.04453125 0.16640625
2 0.52578125 0.296875 0.0265625 0.11953125
2 0.496875 0.2921875 0.0296875 0.121875
10 0.39140625 0.275 0.0375 0.140625
10 0.29375 0.4296875 0.05390625 0.14453125
16 0.51640625 0.74296875 0.03046875 0.128125
4 0.46953125 0.5921875 0.03359375 0.1453125
4 0.43359375 0.5953125 0.0359375 0.1515625
10 0.34453125 0.4359375 0.04609375 0.128125
0 0.546875 0.4390625 0.03359375 0.1046875
0 0.5125 0.440625 0.03203125 0.1046875
10 0.35 0.26328125 0.04140625 0.13828125
0 0.48046875 0.440625 0.03359375 0.10703125
1 0.6609375 0.4421875 0.0234375 0.0875
16 0.48359375 0.753125 0.03046875 0.134375
1 0.6359375 0.44140625 0.02578125 0.090625
0 0.5796875 0.3078125 0.02421875 0.1109375
17 0.7640625 0.44140625 0.028125 0.07578125
0 0.553125 0.303125 0.02578125 0.11171875
17 0.51953125 0.8953125 0.02421875 0.128125
17 0.54453125 0.8828125 0.0234375 0.12109375
16 0.546875 0.73203125 0.028125 0.12421875
8 0.39375 0.43671875 0.04609375 0.12578125
17 0.68671875 0.446875 0.02578125 0.0734375