9 0.43046875 0.5640625 0.04453125 0.0984375
8 0.73125 0.5828125 0.04453125 0.1078125
1 0.421875 0.4359375 0.0375 0.1
18 0.33359375 0.5546875 0.05 0.1
9 0.38359375 0.559375 0.04453125 0.1
8 0.5875 0.4390625 0.04375 0.1109375
8 0.52421875 0.56875 0.04765625 0.10390625
1 0.3421875 0.4359375 0.0359375 0.09921875
1 0.50234375 0.4375 0.03828125 0.10390625
8 0.57578125 0.571875 0.05 0.10546875
8 0.73046875 0.4390625 0.04765625 0.11640625
8 0.68046875 0.4390625 0.04609375 0.11328125
8 0.63359375 0.4390625 0.04453125 0.11171875
1 0.4625 0.43828125 0.03828125 0.10390625
8 0.62890625 0.57578125 0.05 0.10546875
8 0.68203125 0.58125 0.04765625 0.10390625
17 0.28359375 0.5515625 0.04453125 0.096875
1 0.30546875 0.4359375 0.03359375 0.09921875
8 0.7828125 0.4390625 0.05234375 0.11953125
8 0.4765625 0.5671875 0.04375 0.1
1 0.38203125 0.4359375 0.0375 0.09921875
1 0.54375 0.4390625 0.03984375 0.1078125
1 0.26796875 0.4359375 0.03828125 0.0984375
10 0.7828125 0.58203125 0.05234375 0.11640625
21 0.42109375 0.32421875 0.04453125 0.08671875