3 0.3953125 0.6078125 0.0375 0.11171875
2 0.4484375 0.46328125 0.03984375 0.1109375
3 0.46328125 0.5953125 0.0296875 0.10390625
5 0.5296875 0.58125 0.03046875 0.1
3 0.43125 0.60234375 0.03359375 0.10703125
8 0.584375 0.32578125 0.0265625 0.090625
0 0.40703125 0.4671875 0.03984375 0.11328125
5 0.5609375 0.57578125 0.0296875 0.0984375
8 0.35859375 0.3265625 0.04375 0.10859375
2 0.4859375 0.459375 0.03203125 0.10703125
16 0.58046875 0.9171875 0.034375 0.10703125
3 0.4953125 0.58828125 0.03359375 0.103125
10 0.48203125 0.328125 0.0359375 0.09453125
16 0.51640625 0.94296875 0.03828125 0.10859375
8 0.44296875 0.328125 0.03828125 0.09921875
8 0.4015625 0.3265625 0.03984375 0.10390625
16 0.37578125 0.746875 0.0375 0.1125
17 0.3078125 0.4859375 0.0421875 0.096875
17 0.05625 0.50546875 0.08203125 0.13828125
4 0.74140625 0.53671875 0.0234375 0.08203125
1 0.55546875 0.4515625 0.03203125 0.10078125
6 0.78203125 0.42578125 0.01953125 0.090625
17 0.2625 0.4921875 0.04453125 0.09921875
10 0.51953125 0.328125 0.03359375 0.0921875
2 0.68359375 0.44375 0.0234375 0.078125
10 0.659375 0.32578125 0.0234375 0.0859375
5 0.6125 0.565625 0.02421875 0.0921875
5 0.63671875 0.5609375 0.0203125 0.0890625
12 0.73359375 0.325 0.0234375 0.0828125
1 0.52109375 0.45546875 0.034375 0.1046875
17 0.1390625 0.4796875 0.0640625 0.109375
4 0.71953125 0.54140625 0.01796875 0.08203125
10 0.5546875 0.32734375 0.03203125 0.09140625
11 0.75703125 0.32421875 0.0203125 0.0796875
5 0.65859375 0.55546875 0.021875 0.0875
0 0.35859375 0.4703125 0.05234375 0.11640625
0 0.61328125 0.45078125 0.0234375 0.0859375
1 0.5875 0.45078125 0.028125 0.09296875
5 0.58828125 0.57109375 0.0234375 0.0953125
8 0.6109375 0.32578125 0.0234375 0.0890625
10 0.63515625 0.32578125 0.0234375 0.0875
12 0.70859375 0.32578125 0.02578125 0.0828125
3 0.353125 0.61328125 0.04375 0.11328125
10 0.68359375 0.32578125 0.021875 0.08359375
2 0.6609375 0.446875 0.01953125 0.08046875
6 0.76015625 0.428125 0.0234375 0.0921875
4 0.7 0.5453125 0.01953125 0.08359375
23 0.26796875 0.6296875 0.0484375 0.12421875
2 0.70546875 0.440625 0.0203125 0.07890625
5 0.68046875 0.55 0.01953125 0.0859375
0 0.63828125 0.4484375 0.02421875 0.0828125
4 0.7625 0.5328125 0.01640625 0.0796875
11 0.7796875 0.32421875 0.021875 0.07890625
4 0.78046875 0.5296875 0.01953125 0.07890625
6 0.73125 0.43203125 0.028125 0.090625
23 0.309375 0.6203125 0.0375 0.11640625
18 0.00625 0.5140625 0.01171875 0.1453125
8 0.32421875 0.32890625 0.0234375 0.103125
16 0.446875 0.728125 0.03046875 0.10390625
23 0.221875 0.64140625 0.04609375 0.12578125
17 0.2265625 0.49140625 0.02578125 0.1