5 0.4046875 0.496875 0.03359375 0.125
0 0.53671875 0.4796875 0.028125 0.09609375
3 0.4734375 0.48671875 0.028125 0.1140625
11 0.60546875 0.334375 0.03046875 0.11171875
17 0.78046875 0.43828125 0.021875 0.0609375
17 0.68046875 0.4515625 0.028125 0.08359375
6 0.3203125 0.51484375 0.04609375 0.13359375
8 0.6640625 0.3359375 0.02578125 0.09296875
5 0.36640625 0.50234375 0.04140625 0.13203125
3 0.440625 0.48984375 0.0359375 0.12109375
10 0.73046875 0.33359375 0.0203125 0.08359375
12 0.49140625 0.34140625 0.0375 0.12109375
6 0.2703125 0.5234375 0.05 0.1359375
17 0.75546875 0.44140625 0.028125 0.0640625
12 0.45078125 0.34296875 0.0421875 0.12578125
17 0.70703125 0.4484375 0.021875 0.078125
1 0.50546875 0.48359375 0.03203125 0.103125
11 0.57578125 0.33671875 0.0265625 0.1140625
8 0.6875 0.334375 0.01953125 0.090625
10 0.70859375 0.33359375 0.0203125 0.0875
10 0.6359375 0.3375 0.028125 0.0984375
17 0.61953125 0.4609375 0.0296875 0.0953125
8 0.75078125 0.334375 0.01953125 0.07578125
2 0.5640625 0.47578125 0.02421875 0.09140625
12 0.521875 0.33984375 0.0234375 0.11953125
11 0.54609375 0.33828125 0.0296875 0.1171875
10 0.7765625 0.3328125 0.015625 0.071875
18 0.728125 0.44609375 0.0203125 0.07109375
10 0.79296875 0.33203125 0.015625 0.07109375
17 0.590625 0.4671875 0.028125 0.096875
19 0.65078125 0.45546875 0.0296875 0.09140625