2 0.68671875 0.43046875 0.02421875 0.08203125
6 0.49921875 0.58671875 0.034375 0.1015625
10 0.584375 0.44140625 0.02421875 0.0921875
18 0.72421875 0.3015625 0.0265625 0.0859375
11 0.35 0.61640625 0.04453125 0.1203125
10 0.4609375 0.46328125 0.0265625 0.0890625
18 0.69765625 0.3015625 0.0234375 0.08828125
24 0.48828125 0.3125 0.0359375 0.08671875
1 0.70859375 0.42890625 0.01796875 0.07578125
2 0.66171875 0.43203125 0.02421875 0.0875
8 0.52421875 0.45078125 0.0296875 0.09609375
17 0.671875 0.30234375 0.0265625 0.090625
8 0.36953125 0.47421875 0.03203125 0.09609375
8 0.3328125 0.478125 0.03984375 0.1
11 0.39453125 0.609375 0.03984375 0.115625
6 0.4625 0.59375 0.034375 0.10390625
10 0.4328125 0.465625 0.02578125 0.0921875
10 0.403125 0.4703125 0.03046875 0.09453125
17 0.5234375 0.153125 0.04375 0.11640625
24 0.55546875 0.31328125 0.028125 0.08046875
17 0.47734375 0.14921875 0.04375 0.1171875
17 0.64453125 0.309375 0.02578125 0.07890625
8 0.49140625 0.45390625 0.03203125 0.10078125
24 0.5234375 0.3125 0.03046875 0.08359375
24 0.58515625 0.3125 0.028125 0.0796875
18 0.75546875 0.3 0.03046875 0.0859375
8 0.55546875 0.4453125 0.0296875 0.09609375
17 0.74140625 0.1765625 0.03359375 0.10078125
1 0.63515625 0.43515625 0.0265625 0.08828125
11 0.43046875 0.6015625 0.0296875 0.10859375
1 0.7265625 0.428125 0.01640625 0.07421875
17 0.70625 0.17421875 0.03359375 0.103125
17 0.7734375 0.18046875 0.028125 0.0984375
2 0.7453125 0.42421875 0.01953125 0.075
1 0.60859375 0.43828125 0.0234375 0.0890625
18 0.59296875 0.16328125 0.03984375 0.10859375
3 0.6453125 0.54765625 0.021875 0.09453125
24 0.615625 0.31171875 0.0296875 0.0765625
13 0.5328125 0.5765625 0.028125 0.103125
19 0.6703125 0.16640625 0.034375 0.1125
19 0.6328125 0.16171875 0.0359375 0.115625
3 0.66640625 0.54453125 0.01796875 0.0890625
13 0.56484375 0.56796875 0.03046875 0.1
3 0.68671875 0.5390625 0.01953125 0.08671875
5 0.7875 0.51640625 0.01796875 0.0828125
18 0.55546875 0.1578125 0.021875 0.109375
13 0.59453125 0.56328125 0.02421875 0.0984375