8 0.525 0.5390625 0.0296875 0.103125
24 0.525 0.40390625 0.03359375 0.08203125
24 0.5578125 0.403125 0.0296875 0.07890625
11 0.42734375 0.70234375 0.03828125 0.1171875
11 0.38515625 0.71171875 0.0421875 0.12421875
17 0.6671875 0.3953125 0.02421875 0.0796875
18 0.7140625 0.3890625 0.01953125 0.0828125
17 0.69140625 0.390625 0.0234375 0.0859375
17 0.7234375 0.26796875 0.03046875 0.09921875
2 0.70390625 0.51171875 0.021875 0.07890625
18 0.73671875 0.38828125 0.02421875 0.08203125
2 0.68125 0.5140625 0.021875 0.0859375
1 0.65703125 0.51796875 0.02421875 0.0875
6 0.49375 0.68203125 0.034375 0.109375
6 0.528125 0.6734375 0.03203125 0.10546875
17 0.51875 0.25 0.03828125 0.1125
8 0.55546875 0.5359375 0.028125 0.096875
17 0.7546875 0.27109375 0.0296875 0.09609375
8 0.58359375 0.52890625 0.0265625 0.0984375
10 0.44140625 0.56015625 0.028125 0.09296875
8 0.3765625 0.56953125 0.0375 0.09921875
10 0.61015625 0.52421875 0.021875 0.09296875
17 0.56171875 0.253125 0.0421875 0.1125
10 0.46953125 0.5546875 0.02421875 0.09140625
1 0.72421875 0.5109375 0.01640625 0.0734375
1 0.63359375 0.52109375 0.0203125 0.090625
24 0.58671875 0.40234375 0.02578125 0.0765625
18 0.621875 0.2609375 0.03984375 0.103125
10 0.49609375 0.5515625 0.02421875 0.08828125
8 0.4109375 0.565625 0.0296875 0.0953125
24 0.4875 0.4046875 0.034375 0.084375
11 0.46171875 0.690625 0.0265625 0.1125
18 0.76484375 0.38671875 0.0265625 0.08203125
17 0.78359375 0.27421875 0.02578125 0.0921875
24 0.6125 0.4015625 0.02578125 0.075
1 0.74140625 0.509375 0.0140625 0.07109375
3 0.66640625 0.6296875 0.0203125 0.090625
24 0.64140625 0.4 0.0265625 0.07421875
3 0.684375 0.625 0.01640625 0.08671875
13 0.5890625 0.653125 0.0296875 0.10078125
2 0.75703125 0.50625 0.01796875 0.071875
13 0.559375 0.6609375 0.0265625 0.1015625
13 0.6171875 0.6484375 0.0234375 0.09609375
19 0.69140625 0.26328125 0.03046875 0.1046875
19 0.65859375 0.2609375 0.03203125 0.10546875
13 0.64140625 0.63671875 0.02421875 0.0984375
24 0.45234375 0.40546875 0.03203125 0.08671875
24 0.3734375 0.3984375 0.03203125 0.1109375
24 0.41171875 0.39765625 0.03984375 0.1078125