1 0.37265625 0.4734375 0.03828125 0.09453125
2 0.48984375 0.46171875 0.0359375 0.08671875
2 0.63984375 0.3515625 0.0203125 0.08046875
6 0.321875 0.35546875 0.0578125 0.1046875
11 0.50625 0.353125 0.03046875 0.09296875
3 0.38671875 0.59609375 0.03359375 0.1046875
8 0.71953125 0.35 0.0203125 0.075
10 0.56484375 0.4546875 0.0296875 0.08203125
11 0.540625 0.35234375 0.03359375 0.09140625
2 0.6171875 0.3515625 0.0234375 0.0828125
10 0.59453125 0.4515625 0.0265625 0.0796875
12 0.4734375 0.35390625 0.03203125 0.0953125
2 0.52890625 0.4578125 0.0375 0.084375
6 0.4015625 0.35390625 0.034375 0.1
0 0.4515625 0.465625 0.03828125 0.0890625
10 0.68046875 0.35078125 0.01953125 0.0765625
2 0.59453125 0.353125 0.0234375 0.08359375
3 0.4203125 0.5890625 0.03203125 0.103125
8 0.64609375 0.4453125 0.0234375 0.071875
1 0.32890625 0.47578125 0.04609375 0.0984375
3 0.45078125 0.58359375 0.0265625 0.1
0 0.4125 0.46953125 0.0375 0.09140625
8 0.6203125 0.4484375 0.02421875 0.07578125
8 0.6703125 0.44296875 0.0234375 0.07109375
3 0.5625 0.56328125 0.0234375 0.0921875
6 0.36796875 0.3546875 0.0296875 0.10078125
3 0.4796875 0.57734375 0.028125 0.09921875
3 0.50859375 0.57265625 0.028125 0.096875
3 0.53671875 0.5671875 0.02578125 0.0953125
3 0.5859375 0.55859375 0.0234375 0.090625
3 0.609375 0.55390625 0.021875 0.08671875
8 0.6953125 0.44140625 0.0234375 0.06796875
3 0.346875 0.60078125 0.04375 0.1078125
10 0.66015625 0.35078125 0.01953125 0.07890625
12 0.43828125 0.35390625 0.03359375 0.096875
10 0.69921875 0.35 0.01953125 0.07578125
8 0.75078125 0.35 0.01953125 0.06953125
4 0.653125 0.5453125 0.021875 0.08359375
4 0.6984375 0.5375 0.01953125 0.078125
4 0.6765625 0.5421875 0.021875 0.0796875
2 0.56953125 0.353125 0.02421875 0.0859375
3 0.63203125 0.54921875 0.0203125 0.084375
4 0.71640625 0.53359375 0.01953125 0.0765625
4 0.7375 0.5296875 0.01953125 0.07890625
17 0.69375 0.628125 0.02578125 0.06640625
16 0.01015625 0.834375 0.0203125 0.128125
17 0.59609375 0.6609375 0.03828125 0.08203125
8 0.7390625 0.35 0.0140625 0.0703125
18 0.65859375 0.640625 0.03828125 0.0765625
9 0.72109375 0.4390625 0.02421875 0.065625
8 0.76640625 0.35078125 0.0140625 0.0640625