12 0.4296875 0.359375 0.03203125 0.109375
12 0.4875 0.35859375 0.0265625 0.1046875
5 0.3265625 0.53046875 0.03203125 0.1203125
12 0.459375 0.359375 0.0265625 0.10703125
11 0.3296875 0.359375 0.04140625 0.1203125
11 0.3671875 0.359375 0.03203125 0.11640625
10 0.58984375 0.359375 0.02421875 0.0890625
10 0.61484375 0.359375 0.0234375 0.08671875
8 0.653125 0.3609375 0.01640625 0.0765625
6 0.28515625 0.3578125 0.04453125 0.125
8 0.6359375 0.3609375 0.01640625 0.0796875
3 0.35859375 0.52421875 0.03046875 0.11953125
12 0.3984375 0.359375 0.028125 0.11328125
4 0.28984375 0.53359375 0.0375 0.12578125
10 0.71328125 0.36171875 0.015625 0.065625
8 0.684375 0.36015625 0.0140625 0.071875
8 0.66953125 0.3609375 0.015625 0.075
18 0.7875 0.35859375 0.0234375 0.0609375
12 0.5125 0.359375 0.021875 0.1
4 0.3875 0.51953125 0.02578125 0.1171875
8 0.6984375 0.3609375 0.0140625 0.0703125