10 0.490625 0.390625 0.03359375 0.11328125
3 0.37421875 0.3984375 0.0359375 0.1328125
10 0.4515625 0.39296875 0.03984375 0.1203125
10 0.52421875 0.38671875 0.0296875 0.109375
18 0.67734375 0.25859375 0.0203125 0.078125
10 0.51171875 0.2453125 0.0265625 0.10546875
8 0.42109375 0.24140625 0.03203125 0.11328125
8 0.3046875 0.23125 0.04375 0.13203125
8 0.38671875 0.240625 0.034375 0.1140625
8 0.45390625 0.24140625 0.03046875 0.11328125
10 0.61328125 0.2515625 0.0203125 0.09453125
8 0.63359375 0.37578125 0.02578125 0.09921875
10 0.590625 0.24921875 0.02421875 0.096875
10 0.5546875 0.384375 0.028125 0.10703125
8 0.3484375 0.23671875 0.03984375 0.12109375
16 0.4765625 0.6609375 0.0296875 0.103125
10 0.56484375 0.2484375 0.0234375 0.10078125
10 0.5390625 0.246875 0.02578125 0.1015625
8 0.58359375 0.38203125 0.0265625 0.10078125
10 0.48359375 0.24296875 0.0265625 0.1109375
8 0.60859375 0.37890625 0.021875 0.09921875
3 0.4109375 0.39609375 0.0359375 0.128125
16 0.50546875 0.6515625 0.02578125 0.1015625
17 0.7078125 0.3703125 0.0234375 0.08671875
8 0.6578125 0.37421875 0.021875 0.09296875
17 0.68359375 0.371875 0.02578125 0.090625
18 0.65546875 0.2578125 0.021875 0.08046875
18 0.6984375 0.259375 0.01953125 0.0765625
10 0.63359375 0.253125 0.01953125 0.09140625
16 0.4484375 0.6703125 0.02578125 0.1078125
16 0.578125 0.62265625 0.0234375 0.0953125
16 0.53125 0.6421875 0.021875 0.1
9 0.0171875 0.4375 0.034375 0.175
16 0.55390625 0.63203125 0.0234375 0.096875
5 0.61953125 0.6078125 0.01796875 0.08671875
16 0.6421875 0.60078125 0.02578125 0.0859375
16 0.41953125 0.68125 0.03046875 0.1125
16 0.6 0.615625 0.01796875 0.09140625