16 0.5546875 0.83828125 0.0359375 0.09921875
10 0.578125 0.428125 0.01796875 0.08828125
2 0.4390625 0.41171875 0.03046875 0.1125
16 0.4859375 0.87734375 0.03828125 0.1078125
8 0.52578125 0.4234375 0.01796875 0.09140625
2 0.465625 0.415625 0.0203125 0.1046875
1 0.36640625 0.40546875 0.034375 0.1203125
16 0.446875 0.90078125 0.03359375 0.10859375
0 0.40390625 0.4078125 0.0375 0.1171875
8 0.54453125 0.42578125 0.01953125 0.0890625
10 0.5625 0.428125 0.0140625 0.0875
16 0.52109375 0.8484375 0.0265625 0.0875
8 0.50546875 0.4203125 0.01953125 0.09609375
2 0.48671875 0.41875 0.0203125 0.09921875
10 0.6265625 0.43125 0.0234375 0.0859375
10 0.596875 0.4296875 0.01796875 0.0875
10 0.61484375 0.43046875 0.01796875 0.0859375
16 0.5796875 0.828125 0.0140625 0.096875
16 0.59765625 0.81640625 0.021875 0.09296875
17 0.68046875 0.43671875 0.01953125 0.07421875
16 0.41015625 0.9234375 0.0359375 0.11953125
17 0.69296875 0.43671875 0.02578125 0.075