8 0.64140625 0.4171875 0.04375 0.1109375
8 0.6875 0.4171875 0.04609375 0.1125
1 0.42890625 0.415625 0.03828125 0.10078125
18 0.30390625 0.53203125 0.0484375 0.09609375
9 0.353125 0.53515625 0.04453125 0.096875
8 0.5515625 0.41640625 0.0421875 0.10859375
8 0.73828125 0.4171875 0.05 0.1140625
8 0.6890625 0.55390625 0.0421875 0.1046875
8 0.44453125 0.5421875 0.04375 0.096875
1 0.50859375 0.41640625 0.03828125 0.10546875
8 0.49140625 0.54296875 0.04453125 0.1
8 0.5953125 0.41640625 0.0421875 0.10859375
8 0.59140625 0.5484375 0.04765625 0.1015625
8 0.540625 0.54609375 0.0484375 0.1015625
1 0.38984375 0.41328125 0.0375 0.096875
1 0.46875 0.415625 0.0375 0.10390625
1 0.3109375 0.4140625 0.0375 0.09921875
8 0.64140625 0.553125 0.04609375 0.1
1 0.35078125 0.4140625 0.0375 0.1
9 0.3984375 0.5390625 0.0421875 0.09453125
1 0.27421875 0.41328125 0.03359375 0.096875
17 0.25546875 0.528125 0.04453125 0.09453125
1 0.23671875 0.41328125 0.0375 0.096875
18 0.7375 0.55390625 0.05 0.1109375