10 0.44765625 0.38359375 0.04140625 0.1203125
3 0.40546875 0.38515625 0.0359375 0.1296875
10 0.5515625 0.3765625 0.028125 0.10859375
3 0.36796875 0.3875 0.0359375 0.134375
8 0.3015625 0.215625 0.04453125 0.13203125
8 0.34609375 0.2234375 0.03984375 0.11953125
10 0.48671875 0.38046875 0.034375 0.115625
8 0.41953125 0.228125 0.03203125 0.1140625
16 0.49375 0.64453125 0.02578125 0.10078125
8 0.453125 0.22890625 0.03046875 0.1140625
10 0.5125 0.234375 0.0265625 0.10859375
8 0.38515625 0.22734375 0.034375 0.115625
10 0.59140625 0.2421875 0.02421875 0.096875
10 0.48359375 0.23203125 0.0265625 0.1125
16 0.434375 0.66484375 0.0265625 0.1078125
10 0.5203125 0.378125 0.0296875 0.11171875
10 0.61484375 0.24296875 0.01953125 0.09609375
18 0.67890625 0.25390625 0.0203125 0.08046875
16 0.4640625 0.65390625 0.0296875 0.1046875
10 0.53984375 0.23671875 0.02578125 0.1046875
10 0.56640625 0.2390625 0.02421875 0.103125
8 0.58046875 0.375 0.0265625 0.103125
8 0.63046875 0.3703125 0.02421875 0.096875
18 0.65625 0.25234375 0.021875 0.0828125
8 0.65546875 0.36953125 0.021875 0.09453125
8 0.60546875 0.3734375 0.021875 0.1
17 0.68125 0.36796875 0.02578125 0.09140625
16 0.5671875 0.61796875 0.02421875 0.09140625
17 0.70625 0.36640625 0.0234375 0.08671875
16 0.6328125 0.596875 0.0265625 0.0859375
10 0.634375 0.246875 0.01953125 0.0921875
18 0.70078125 0.25546875 0.0203125 0.07890625
16 0.58984375 0.6109375 0.01796875 0.08828125
16 0.51875 0.63671875 0.0234375 0.0984375
16 0.60859375 0.6046875 0.01953125 0.0875
16 0.54296875 0.628125 0.021875 0.0953125
16 0.4046875 0.67421875 0.03046875 0.11328125
3 0.33203125 0.3890625 0.03203125 0.1390625