8 0.5078125 0.26640625 0.03359375 0.13046875
5 0.66953125 0.4828125 0.0203125 0.11953125
8 0.4734375 0.26328125 0.034375 0.134375
8 0.540625 0.26953125 0.03046875 0.12578125
18 0.7296875 0.29375 0.02578125 0.0890625
2 0.4375 0.259375 0.0359375 0.14140625
10 0.56953125 0.27265625 0.0265625 0.1203125
3 0.540625 0.50390625 0.03203125 0.14140625
17 0.653125 0.28671875 0.028125 0.09609375
5 0.7140625 0.4765625 0.0234375 0.11328125
17 0.68046875 0.2890625 0.02421875 0.09296875
5 0.69140625 0.4796875 0.0203125 0.115625
3 0.50703125 0.50859375 0.03359375 0.146875
3 0.57109375 0.49921875 0.028125 0.1359375
2 0.39765625 0.25703125 0.0421875 0.1453125
18 0.7046875 0.2921875 0.021875 0.09140625
4 0.62421875 0.49140625 0.021875 0.12578125
10 0.59921875 0.27578125 0.028125 0.1140625
4 0.5984375 0.4953125 0.02578125 0.1265625
4 0.64765625 0.4875 0.0234375 0.121875
10 0.625 0.278125 0.02421875 0.11171875
18 0.36171875 0.9625 0.0796875 0.075
16 0.25078125 0.55078125 0.0578125 0.1890625
16 0.4359375 0.521875 0.034375 0.159375