2 0.54296875 0.49921875 0.028125 0.09453125
3 0.38515625 0.5109375 0.0375 0.125
10 0.2890625 0.3203125 0.04765625 0.1296875
0 0.484375 0.50390625 0.03046875 0.10078125
10 0.340625 0.3234375 0.0515625 0.125
1 0.51484375 0.5015625 0.0265625 0.0984375
6 0.4515625 0.5046875 0.03203125 0.115625
8 0.6515625 0.484375 0.021875 0.08046875
17 0.73984375 0.4796875 0.01796875 0.0625
17 0.72109375 0.48046875 0.01640625 0.065625
10 0.67109375 0.48515625 0.015625 0.075
8 0.68671875 0.484375 0.015625 0.07109375
3 0.41953125 0.5078125 0.0296875 0.1203125
12 0.6078125 0.4859375 0.0234375 0.09140625
11 0.696875 0.040625 0.05234375 0.08046875
13 0.58671875 0.340625 0.0296875 0.09609375
2 0.5671875 0.4984375 0.01796875 0.0859375
10 0.63046875 0.48359375 0.01953125 0.0890625
2 0.58671875 0.49609375 0.01953125 0.0828125
11 0.7578125 0.0546875 0.0578125 0.10859375
13 0.61171875 0.340625 0.0203125 0.09453125
17 0.75625 0.4796875 0.0125 0.05546875
22 0.15859375 0.7640625 0.04609375 0.1140625