4 0.2765625 0.5359375 0.03203125 0.134375
3 0.11640625 0.5484375 0.03203125 0.13671875
3 0.24296875 0.5453125 0.034375 0.14140625
5 0.3828125 0.50703125 0.02578125 0.115625
4 0.30546875 0.52734375 0.0265625 0.12890625
0 0.4484375 0.49296875 0.0203125 0.09453125
3 0.15390625 0.55234375 0.0421875 0.14140625
3 0.2015625 0.553125 0.04765625 0.14453125
4 0.33046875 0.52109375 0.02421875 0.1234375
2 0.50546875 0.478125 0.01640625 0.07890625
1 0.4875 0.48203125 0.01640625 0.0859375
1 0.46953125 0.48671875 0.01953125 0.090625
5 0.35546875 0.51328125 0.028125 0.1203125
10 0.58046875 0.4546875 0.015625 0.06953125
10 0.5640625 0.4578125 0.015625 0.0734375
3 0.08046875 0.546875 0.0375 0.1296875
0 0.4296875 0.49765625 0.0203125 0.10078125
8 0.53671875 0.46640625 0.0125 0.07890625
2 0.52265625 0.4734375 0.015625 0.075
8 0.615625 0.44375 0.0125 0.059375
7 0.40703125 0.5015625 0.02421875 0.109375
8 0.55 0.46171875 0.0125 0.075
8 0.59453125 0.4515625 0.01015625 0.065625
8 0.60859375 0.446875 0.01015625 0.0609375
10 0.64921875 0.4359375 0.01171875 0.05
4 0.0484375 0.546875 0.0265625 0.12109375