3 0.33046875 0.621875 0.04765625 0.17109375
10 0.20390625 0.43671875 0.06953125 0.15703125
10 0.26953125 0.43828125 0.05625 0.1484375
2 0.56328125 0.44453125 0.0265625 0.10078125
5 0.37578125 0.6140625 0.03984375 0.1625
8 0.4125 0.2796875 0.0375 0.140625
0 0.4984375 0.44609375 0.03046875 0.10703125
4 0.415625 0.609375 0.0375 0.153125
8 0.4484375 0.2859375 0.03359375 0.13203125
10 0.3296875 0.2609375 0.04375 0.14296875
10 0.32421875 0.4421875 0.04765625 0.13359375
0 0.53203125 0.44453125 0.034375 0.1046875
16 0.46640625 0.7703125 0.03203125 0.13828125
10 0.3734375 0.27109375 0.03828125 0.14296875
2 0.5109375 0.296875 0.0265625 0.1234375
2 0.48125 0.29140625 0.0296875 0.12890625
2 0.59375 0.4453125 0.0296875 0.096875
0 0.46953125 0.44609375 0.02421875 0.10859375
4 0.45234375 0.60390625 0.034375 0.14296875
1 0.62265625 0.4453125 0.02578125 0.0921875
16 0.5 0.7578125 0.03046875 0.12890625
1 0.646875 0.44453125 0.021875 0.08828125
8 0.378125 0.44296875 0.05390625 0.125
0 0.5390625 0.303125 0.0265625 0.1171875
8 0.41484375 0.44453125 0.04140625 0.12109375
17 0.528125 0.903125 0.02421875 0.12578125
17 0.47265625 0.92734375 0.0359375 0.134375
16 0.53125 0.7453125 0.0296875 0.1265625
17 0.503125 0.91484375 0.02421875 0.1296875
17 0.5921875 0.31796875 0.0265625 0.1015625