3 0.2546875 0.57421875 0.04453125 0.1421875
1 0.54453125 0.50703125 0.01640625 0.08671875
4 0.32734375 0.5578125 0.0296875 0.13046875
3 0.209375 0.56953125 0.03984375 0.1390625
0 0.50390625 0.51796875 0.0203125 0.09453125
2 0.5796875 0.5 0.015625 0.07578125
1 0.525 0.5125 0.0203125 0.08828125
3 0.1734375 0.5640625 0.03046875 0.134375
0 0.484375 0.521875 0.01953125 0.09921875
3 0.29609375 0.5671875 0.03203125 0.1375
2 0.5625 0.503125 0.01796875 0.08203125
5 0.43671875 0.53203125 0.02578125 0.115625
10 0.625 0.484375 0.0140625 0.0734375
4 0.35625 0.5515625 0.02578125 0.125
10 0.640625 0.48046875 0.0140625 0.06953125
4 0.3828125 0.54453125 0.02421875 0.1203125
8 0.60859375 0.48828125 0.0140625 0.07578125
5 0.409375 0.5375 0.0265625 0.11796875
8 0.65625 0.47734375 0.0125 0.0640625
5 0.46171875 0.5265625 0.0234375 0.109375
3 0.13828125 0.559375 0.0359375 0.12421875
8 0.68125 0.471875 0.01171875 0.05703125
8 0.64921875 0.478125 0.00859375 0.06640625
8 0.59453125 0.49296875 0.0140625 0.0765625