5 0.33515625 0.6 0.0265625 0.13203125
4 0.4640625 0.584375 0.028125 0.109375
1 0.56953125 0.4484375 0.0265625 0.0953125
1 0.51015625 0.45078125 0.0296875 0.096875
10 0.44453125 0.31171875 0.02578125 0.1
3 0.4015625 0.590625 0.03046875 0.12109375
2 0.334375 0.4484375 0.03203125 0.12421875
5 0.36796875 0.5953125 0.0359375 0.128125
8 0.6890625 0.44765625 0.0203125 0.0828125
0 0.48046875 0.45 0.0296875 0.10390625
10 0.64765625 0.44765625 0.021875 0.08828125
8 0.415625 0.30625 0.03203125 0.10703125
10 0.6234375 0.44765625 0.0234375 0.09140625
3 0.43359375 0.58671875 0.03203125 0.115625
2 0.36953125 0.44921875 0.034375 0.11953125
1 0.54140625 0.45078125 0.028125 0.0953125
2 0.4078125 0.45078125 0.0375 0.1125
8 0.66953125 0.44765625 0.01953125 0.0859375
10 0.5 0.31953125 0.0265625 0.0953125
8 0.3484375 0.2984375 0.034375 0.1140625
10 0.59765625 0.4484375 0.0265625 0.09453125
8 0.38359375 0.3015625 0.03046875 0.11171875
4 0.4921875 0.58046875 0.0265625 0.1078125
10 0.471875 0.315625 0.0265625 0.096875
0 0.446875 0.45078125 0.0359375 0.1078125
8 0.3125 0.2921875 0.0359375 0.1140625
8 0.71171875 0.446875 0.021875 0.08046875
17 0.64140625 0.33828125 0.02421875 0.0796875
4 0.5203125 0.575 0.028125 0.10546875
10 0.5265625 0.3234375 0.02421875 0.09140625
17 0.615625 0.3328125 0.02578125 0.08828125
4 0.73515625 0.44609375 0.0234375 0.08046875
4 0.6140625 0.559375 0.0234375 0.096875