2 0.3375 0.3296875 0.02421875 0.08359375
0 0.32421875 0.44296875 0.034375 0.0921875
0 0.3796875 0.4390625 0.021875 0.084375
0 0.425 0.43671875 0.0203125 0.0796875
2 0.36015625 0.33203125 0.0203125 0.08046875
8 0.5125 0.3390625 0.01640625 0.071875
0 0.35546875 0.4421875 0.02421875 0.0875
0 0.40234375 0.43828125 0.021875 0.08203125
8 0.3796875 0.33359375 0.01640625 0.0796875
8 0.4515625 0.33828125 0.01640625 0.071875
17 0.65546875 0.48125 0.0296875 0.05390625
2 0.309375 0.328125 0.0296875 0.08671875
0 0.4453125 0.4359375 0.01796875 0.07578125
8 0.39765625 0.33359375 0.0203125 0.0796875
8 0.52890625 0.3390625 0.0140625 0.0703125
8 0.41640625 0.3359375 0.01796875 0.07578125
8 0.54453125 0.340625 0.015625 0.06953125
2 0.546875 0.428125 0.01796875 0.065625
16 0.39453125 0.53828125 0.03359375 0.08671875
2 0.4828125 0.434375 0.01953125 0.071875
8 0.5609375 0.3421875 0.01640625 0.0671875
2 0.50234375 0.43203125 0.01796875 0.06953125
10 0.4828125 0.3390625 0.0125 0.0703125
8 0.43359375 0.33671875 0.01640625 0.0734375
17 0.6828125 0.47578125 0.0203125 0.053125
2 0.5796875 0.42578125 0.01796875 0.0625
8 0.584375 0.34375 0.01171875 0.06328125
2 0.46328125 0.43515625 0.01796875 0.075
8 0.64453125 0.34921875 0.01171875 0.05078125
2 0.5640625 0.4265625 0.0140625 0.0640625
17 0.678125 0.41796875 0.0203125 0.05
8 0.57109375 0.3421875 0.0125 0.065625
18 0.625 0.4890625 0.02578125 0.05546875
8 0.6265625 0.346875 0.0140625 0.05703125
10 0.46953125 0.3390625 0.01953125 0.0703125
2 0.51796875 0.43046875 0.015625 0.06796875
8 0.61328125 0.346875 0.0125 0.05859375
10 0.49765625 0.3390625 0.015625 0.07109375
10 0.715625 0.35703125 0.01171875 0.0390625
17 0.703125 0.471875 0.0140625 0.05078125
8 0.6921875 0.35390625 0.01171875 0.0453125
17 0.4984375 0.51875 0.02421875 0.06796875
8 0.68203125 0.35390625 0.01015625 0.04453125
1 0.61484375 0.421875 0.01953125 0.05859375
16 0.42890625 0.5328125 0.034375 0.08359375
2 0.52890625 0.4296875 0.0140625 0.0671875
10 0.7734375 0.3578125 0.01171875 0.03671875
17 0.51796875 0.515625 0.01640625 0.06640625
18 0.59453125 0.496875 0.01953125 0.06171875
8 0.659375 0.3515625 0.01171875 0.04609375
10 0.72734375 0.35625 0.01015625 0.0390625