2 0.33828125 0.3984375 0.0296875 0.1234375
4 0.45859375 0.53515625 0.0265625 0.1078125
8 0.39140625 0.253125 0.03046875 0.1125
5 0.33359375 0.546875 0.02578125 0.128125
8 0.4234375 0.25859375 0.03046875 0.10859375
3 0.3984375 0.5390625 0.0296875 0.1171875
2 0.40859375 0.403125 0.0359375 0.11171875
8 0.68515625 0.409375 0.0203125 0.08359375
10 0.64453125 0.4078125 0.0203125 0.08828125
1 0.53984375 0.40625 0.028125 0.09609375
10 0.50625 0.27578125 0.02578125 0.0953125
1 0.509375 0.40625 0.0296875 0.096875
4 0.48671875 0.5328125 0.02578125 0.10390625
10 0.45234375 0.2640625 0.02578125 0.10390625
8 0.3578125 0.246875 0.03359375 0.11640625
1 0.56875 0.40703125 0.0265625 0.0953125
3 0.4296875 0.5375 0.03046875 0.1125
0 0.48046875 0.40546875 0.028125 0.1
0 0.446875 0.4046875 0.0359375 0.10546875
10 0.62109375 0.4078125 0.0234375 0.09140625
10 0.47890625 0.2703125 0.02578125 0.09921875
5 0.365625 0.54296875 0.034375 0.12421875
2 0.371875 0.4 0.034375 0.11953125
8 0.321875 0.24140625 0.0359375 0.11796875
10 0.5953125 0.40703125 0.02578125 0.09296875
8 0.70625 0.409375 0.0203125 0.0828125
8 0.665625 0.40859375 0.01953125 0.084375
10 0.5328125 0.27890625 0.02421875 0.09453125
4 0.51328125 0.5296875 0.0265625 0.1015625
17 0.64453125 0.30078125 0.0234375 0.07578125
18 0.58828125 0.28828125 0.03359375 0.0890625
17 0.61953125 0.2921875 0.0265625 0.0890625