4 0.21484375 0.48671875 0.03828125 0.14140625
12 0.54140625 0.4390625 0.028125 0.0953125
3 0.3203125 0.4703125 0.03046875 0.12578125
4 0.25234375 0.48046875 0.03828125 0.1359375
3 0.28828125 0.47578125 0.03203125 0.13046875
11 0.51640625 0.44296875 0.0203125 0.0984375
10 0.571875 0.4359375 0.0203125 0.08359375
11 0.49296875 0.44609375 0.02421875 0.1015625
8 0.625 0.428125 0.01640625 0.071875
6 0.46484375 0.45 0.0296875 0.10390625
10 0.59140625 0.4328125 0.01640625 0.0796875
6 0.4375 0.4546875 0.021875 0.1078125
8 0.6078125 0.43046875 0.015625 0.07578125
8 0.68359375 0.421875 0.0125 0.06171875
10 0.64140625 0.42734375 0.0125 0.06796875
10 0.65546875 0.42578125 0.0125 0.0640625
10 0.67109375 0.4234375 0.0125 0.0625
16 0.12734375 0.5 0.0484375 0.153125
8 0.7015625 0.41953125 0.015625 0.05859375
16 0.07734375 0.5078125 0.0515625 0.1609375
2 0.74453125 0.41171875 0.0125 0.05703125
8 0.70859375 0.41796875 0.01171875 0.05859375
6 0.41953125 0.45546875 0.034375 0.109375
16 0.1734375 0.49296875 0.0421875 0.146875