2 0.65703125 0.41171875 0.05234375 0.2359375
1 0.53515625 0.4015625 0.0609375 0.25703125
10 0.4703125 0.40390625 0.0609375 0.2546875
17 0.77890625 0.425 0.06171875 0.21328125
8 0.19375 0.41328125 0.04921875 0.225
4 0.84921875 0.38671875 0.071875 0.29609375
8 0.24453125 0.41484375 0.05078125 0.228125
10 0.29609375 0.41328125 0.04765625 0.23203125
17 0.71484375 0.425 0.059375 0.209375
8 0.13828125 0.41640625 0.0546875 0.22265625
10 0.4046875 0.40625 0.0609375 0.25234375
10 0.346875 0.41171875 0.05 0.2359375
0 0.59921875 0.4 0.0609375 0.25859375
8 0.07734375 0.4171875 0.0609375 0.22421875