6 0.56171875 0.81015625 0.05078125 0.1625
11 0.159375 0.5453125 0.059375 0.23046875
12 0.27265625 0.56171875 0.06015625 0.21328125
8 0.1828125 0.28125 0.04921875 0.21328125
8 0.28125 0.31328125 0.04609375 0.2015625
8 0.2328125 0.29765625 0.046875 0.20703125
13 0.1046875 0.8234375 0.0671875 0.22109375
11 0.08828125 0.53359375 0.078125 0.24375
8 0.36875 0.34296875 0.0453125 0.184375
1 0.634375 0.6203125 0.03203125 0.1546875
12 0.21484375 0.553125 0.05078125 0.2203125
8 0.12734375 0.26328125 0.059375 0.22265625
18 0.77421875 0.46875 0.0296875 0.1453125
10 0.521875 0.39140625 0.0328125 0.165625
6 0.515625 0.81015625 0.0359375 0.16796875
10 0.46640625 0.59609375 0.0390625 0.1703125
17 0.803125 0.47578125 0.02578125 0.14140625
1 0.6203125 0.42109375 0.03203125 0.153125
8 0.33515625 0.5765625 0.0546875 0.190625
18 0.73984375 0.45703125 0.0390625 0.14921875
17 0.87109375 0.5109375 0.02265625 0.109375
10 0.45390625 0.37109375 0.034375 0.1734375
13 0.24609375 0.81875 0.0640625 0.20390625
2 0.5046875 0.59921875 0.0359375 0.16640625
1 0.66328125 0.625 0.02578125 0.15078125
10 0.42578125 0.5953125 0.03984375 0.16640625
0 0.71953125 0.6359375 0.02578125 0.14296875
8 0.32578125 0.328125 0.0421875 0.19296875
2 0.5546875 0.40234375 0.0328125 0.1625
2 0.56796875 0.6109375 0.03671875 0.15859375
0 0.690625 0.6296875 0.0296875 0.14375
10 0.48828125 0.38125 0.034375 0.1703125
2 0.5875 0.4109375 0.03515625 0.16015625
10 0.41640625 0.36015625 0.040625 0.17734375
2 0.53515625 0.6046875 0.02890625 0.1625
0 0.65234375 0.434375 0.0296875 0.146875
1 0.60234375 0.615625 0.03203125 0.15625
13 0.3109375 0.8171875 0.059375 0.1921875
17 0.8296875 0.484375 0.025 0.13828125
8 0.38515625 0.58828125 0.040625 0.171875
17 0.896875 0.51640625 0.028125 0.1078125
0 0.6796875 0.440625 0.02734375 0.1453125
13 0.17734375 0.82421875 0.065625 0.209375
17 0.92578125 0.53359375 0.021875 0.0921875
17 0.85 0.50625 0.01875 0.1078125
13 0.034375 0.821875 0.06796875 0.23046875
6 0.56875 0.95859375 0.05078125 0.0828125
17 0.95 0.53828125 0.02421875 0.0921875