11 0.2328125 0.5203125 0.06484375 0.271875
11 0.15546875 0.52734375 0.08203125 0.2890625
2 0.596875 0.26953125 0.0296875 0.17890625
2 0.5671875 0.49609375 0.03125 0.18125
10 0.49765625 0.50546875 0.0359375 0.190625
8 0.41796875 0.23671875 0.04296875 0.2171875
8 0.37421875 0.22890625 0.040625 0.2265625
13 0.20859375 0.85 0.07421875 0.2546875
8 0.27734375 0.20703125 0.05 0.253125
12 0.35 0.51171875 0.06171875 0.24140625
8 0.221875 0.19609375 0.05625 0.2625
2 0.6234375 0.48984375 0.03125 0.1703125
12 0.2921875 0.5140625 0.04921875 0.25625
8 0.4109375 0.51015625 0.04921875 0.21171875
10 0.534375 0.259375 0.03125 0.1890625
8 0.45859375 0.50859375 0.03984375 0.2
17 0.80625 0.303125 0.0203125 0.1453125
0 0.72421875 0.4828125 0.02421875 0.1453125
18 0.78515625 0.29921875 0.021875 0.14921875
8 0.328125 0.2171875 0.04921875 0.24375
10 0.534375 0.5 0.0328125 0.18515625
1 0.67734375 0.48515625 0.025 0.15625
17 0.87734375 0.328125 0.0203125 0.10390625
1 0.65625 0.2796875 0.02734375 0.165625
1 0.70078125 0.484375 0.02109375 0.15078125
1 0.65234375 0.48828125 0.02421875 0.1625
10 0.4640625 0.24765625 0.03984375 0.20234375
17 0.85703125 0.325 0.01796875 0.109375
8 0.1578125 0.184375 0.06796875 0.27578125
18 0.75703125 0.2953125 0.03203125 0.153125
2 0.62734375 0.2734375 0.02890625 0.1734375
10 0.50234375 0.253125 0.03203125 0.19609375
10 0.565625 0.26484375 0.02890625 0.1828125
13 0.409375 0.7734375 0.0546875 0.21171875
0 0.684375 0.28671875 0.02578125 0.15859375
17 0.91328125 0.340625 0.01796875 0.08515625
2 0.5953125 0.49296875 0.02265625 0.1734375
17 0.828125 0.30703125 0.02109375 0.13984375
0 0.70703125 0.2890625 0.02109375 0.1546875
0 0.74765625 0.48125 0.021875 0.13828125
17 0.896875 0.3375 0.0171875 0.0890625
13 0.2828125 0.825 0.0609375 0.23203125
6 0.596875 0.70234375 0.040625 0.1703125
17 0.84296875 0.321875 0.01171875 0.11328125
13 0.346875 0.79609375 0.0640625 0.23046875
13 0.46015625 0.7546875 0.0421875 0.19765625
18 0.7015625 0.9734375 0.025 0.053125