8 0.20625 0.35390625 0.03984375 0.2171875
1 0.4609375 0.3796875 0.06171875 0.275
0 0.52734375 0.384375 0.06484375 0.284375
8 0.12890625 0.34375 0.0453125 0.20390625
17 0.6546875 0.4296875 0.0703125 0.25234375
17 0.7296875 0.434375 0.075 0.271875
10 0.3984375 0.37109375 0.05703125 0.265625
2 0.58984375 0.40703125 0.05625 0.2703125
10 0.33828125 0.365625 0.05703125 0.25625
4 0.81640625 0.415625 0.09375 0.353125
10 0.28828125 0.365625 0.03984375 0.2296875
10 0.24765625 0.359375 0.03984375 0.22109375
4 0.8984375 0.42265625 0.1 0.36796875
8 0.16875 0.34765625 0.03515625 0.2078125
8 0.0796875 0.33984375 0.05 0.1984375
3 0.9640625 0.434375 0.071875 0.38125