18 0.81953125 0.84921875 0.02421875 0.146875
17 0.7921875 0.85546875 0.028125 0.13203125
18 0.86484375 0.8609375 0.02890625 0.146875
17 0.9046875 0.86171875 0.0453125 0.13984375
17 0.7296875 0.8484375 0.034375 0.13984375
17 0.76171875 0.85234375 0.02890625 0.13359375
5 0.0640625 0.74921875 0.08515625 0.38125
14 0.66171875 0.84296875 0.03671875 0.175
3 0.20625 0.74921875 0.05390625 0.328125
3 0.14296875 0.75703125 0.07890625 0.36171875
14 0.62578125 0.84375 0.034375 0.17578125
5 0.01484375 0.740625 0.028125 0.390625
18 0.840625 0.85390625 0.0171875 0.14921875