19 0.465625 0.23828125 0.07265625 0.29609375
10 0.3578125 0.54765625 0.05078125 0.2265625
19 0.38984375 0.234375 0.07265625 0.28828125
17 0.63359375 0.2609375 0.08125 0.27578125
2 0.72109375 0.61484375 0.075 0.27578125
10 0.41171875 0.55546875 0.05390625 0.23359375
8 0.46875 0.56796875 0.0546875 0.2296875
5 0.72578125 0.20703125 0.0921875 0.41171875
17 0.2546875 0.228125 0.06171875 0.271875
0 0.79765625 0.6234375 0.07421875 0.26953125
1 0.65078125 0.6015625 0.06328125 0.25625
8 0.30078125 0.53828125 0.05703125 0.2203125
17 0.546875 0.26015625 0.084375 0.27578125
17 0.1859375 0.22734375 0.06875 0.265625
8 0.5265625 0.57578125 0.05703125 0.2375
10 0.2375 0.525 0.06328125 0.21875
17 0.3203125 0.23046875 0.0609375 0.27890625
5 0.821875 0.209375 0.10234375 0.4171875
0 0.878125 0.63828125 0.0796875 0.26953125
8 0.58671875 0.58828125 0.059375 0.2453125
5 0.92578125 0.21484375 0.12265625 0.4296875
5 0.984375 0.21796875 0.03125 0.4359375