19 0.49296875 0.2359375 0.0796875 0.29765625
19 0.5765625 0.2375 0.08203125 0.3015625
17 0.33515625 0.2296875 0.071875 0.28828125
10 0.49296875 0.5640625 0.0578125 0.24140625
10 0.2921875 0.54765625 0.075 0.23203125
2 0.8140625 0.59765625 0.06875 0.265625
1 0.7453125 0.58984375 0.065625 0.25078125
17 0.74609375 0.25859375 0.0828125 0.2703125
17 0.4125 0.23203125 0.07421875 0.2921875
10 0.4328125 0.56171875 0.05703125 0.23828125
8 0.5546875 0.5703125 0.059375 0.23828125
8 0.67890625 0.58515625 0.06015625 0.23828125
0 0.884375 0.59921875 0.0671875 0.25234375
8 0.6171875 0.575 0.059375 0.23828125
8 0.36640625 0.55234375 0.0671875 0.23984375
0 0.9546875 0.60546875 0.071875 0.24765625
17 0.6609375 0.26015625 0.08125 0.275
17 0.253125 0.2296875 0.08203125 0.2921875
5 0.934375 0.20390625 0.10625 0.40234375
5 0.84140625 0.2015625 0.1 0.4015625
5 0.98515625 0.2078125 0.0296875 0.4015625
3 0.02578125 0.97890625 0.0515625 0.0421875
3 0.08125 0.9828125 0.053125 0.034375