17 0.48671875 0.8171875 0.04921875 0.17578125
18 0.69765625 0.7890625 0.06328125 0.2265625
19 0.928125 0.70546875 0.1203125 0.32265625
17 0.765625 0.7625 0.065625 0.23984375
17 0.834375 0.75625 0.06875 0.25859375
17 0.58828125 0.8078125 0.05234375 0.1828125
18 0.63984375 0.78828125 0.04921875 0.21328125
5 0.01171875 0.87578125 0.02265625 0.1890625
17 0.53671875 0.8140625 0.04765625 0.175
14 0.27421875 0.85859375 0.03671875 0.1625
14 0.240625 0.86328125 0.02890625 0.16015625
14 0.3125 0.85 0.03671875 0.171875
14 0.43125 0.8125 0.05 0.16640625
3 0.08046875 0.8640625 0.0328125 0.17890625
3 0.0421875 0.86953125 0.040625 0.1921875
14 0.20703125 0.86640625 0.0359375 0.15859375