19 0.25859375 0.83125 0.09375 0.14140625
12 0.75078125 0.51875 0.03828125 0.13515625
5 0.675 0.865625 0.03515625 0.1390625
3 0.4375 0.94609375 0.059375 0.1078125
18 0.66484375 0.7015625 0.046875 0.13828125
18 0.61796875 0.728125 0.04375 0.115625
2 0.4046875 0.33984375 0.07109375 0.1578125
2 0.32421875 0.33359375 0.08515625 0.16796875
18 0.8453125 0.65703125 0.03984375 0.11796875
0 0.19140625 0.09375 0.08203125 0.1875
2 0.46171875 0.1546875 0.05390625 0.16015625
8 0.7640625 0.22734375 0.0328125 0.11796875
17 0.38125 0.7859375 0.078125 0.1453125
2 0.47421875 0.34375 0.0625 0.15078125
17 0.4546875 0.7671875 0.0609375 0.13984375
10 0.85546875 0.37578125 0.0328125 0.09921875
0 0.27109375 0.1109375 0.06953125 0.18203125
2 0.40390625 0.14140625 0.059375 0.16875
18 0.51484375 0.753125 0.05390625 0.13125
10 0.77578125 0.3703125 0.03515625 0.1078125
17 0.80234375 0.66875 0.0421875 0.11796875
1 0.59375 0.35625 0.05390625 0.134375
8 0.6953125 0.2125 0.03984375 0.12578125
3 0.3734375 0.959375 0.06484375 0.08125
2 0.5171875 0.16875 0.05546875 0.15078125
18 0.56875 0.740625 0.05078125 0.12734375
5 0.5953125 0.903125 0.03515625 0.14296875
5 0.7125 0.85390625 0.03671875 0.134375
0 0.12421875 0.31484375 0.11640625 0.18984375
8 0.7390625 0.36484375 0.03515625 0.115625
18 0.71484375 0.6890625 0.0484375 0.13203125
8 0.653125 0.3609375 0.059375 0.128125
8 0.65625 0.203125 0.03671875 0.13125
8 0.73046875 0.21953125 0.03125 0.11953125
0 0.23203125 0.321875 0.090625 0.18125
8 0.70234375 0.36328125 0.03515625 0.1203125
3 0.49921875 0.93671875 0.0609375 0.1265625
10 0.81640625 0.3734375 0.03984375 0.10078125
8 0.56796875 0.1828125 0.046875 0.13984375
1 0.5359375 0.35078125 0.0578125 0.13828125
17 0.76015625 0.678125 0.03984375 0.12578125
10 0.80546875 0.2359375 0.046875 0.11484375
2 0.33984375 0.12578125 0.06484375 0.17734375
11 0.8546875 0.509375 0.03671875 0.1234375
5 0.634375 0.88515625 0.04375 0.1375
11 0.7890625 0.51484375 0.03515625 0.1296875
10 0.846875 0.2453125 0.0296875 0.10703125
3 0.2984375 0.97265625 0.078125 0.05390625
10 0.8875 0.3765625 0.0296875 0.096875
12 0.71171875 0.521875 0.03671875 0.13828125
0 0.1046875 0.08515625 0.08203125 0.1703125
4 0.76796875 0.83125 0.028125 0.1125
4 0.74296875 0.83984375 0.02109375 0.12265625
5 0.5546875 0.92734375 0.0453125 0.1453125
11 0.82109375 0.5109375 0.0296875 0.12734375
10 0.8765625 0.25234375 0.0296875 0.103125
4 0.8015625 0.8203125 0.0328125 0.11015625
12 0.66796875 0.52578125 0.05078125 0.14296875
16 0.77890625 0.9609375 0.028125 0.078125
13 0.2484375 0.55234375 0.0921875 0.20859375
8 0.61328125 0.19296875 0.0453125 0.1359375
4 0.85859375 0.79375 0.02421875 0.1046875
18 0.88515625 0.64765625 0.03671875 0.11171875
16 0.809375 0.953125 0.03125 0.0921875
11 0.88828125 0.5078125 0.03125 0.1203125
16 0.71796875 0.97734375 0.03671875 0.0453125
4 0.8328125 0.80703125 0.02421875 0.10078125
13 0.34140625 0.546875 0.08671875 0.19609375