2 0.2859375 0.39453125 0.03515625 0.10625
8 0.66328125 0.390625 0.05234375 0.12734375
17 0.7015625 0.7375 0.06953125 0.13828125
2 0.296875 0.52734375 0.03984375 0.1046875
18 0.5609375 0.72890625 0.0609375 0.09375
8 0.825 0.57734375 0.08203125 0.1609375
8 0.71875 0.3890625 0.05546875 0.13203125
17 0.884375 0.77109375 0.09375 0.1546875
8 0.6140625 0.39296875 0.04375 0.12265625
18 0.50078125 0.70625 0.05390625 0.11015625
11 0.740625 0.1890625 0.06796875 0.15703125
2 0.25 0.3953125 0.03515625 0.103125
8 0.78046875 0.38828125 0.059375 0.1359375
10 0.51328125 0.5453125 0.0484375 0.12265625
17 0.7859375 0.75390625 0.090625 0.1453125
0 0.18359375 0.396875 0.0328125 0.096875
18 0.62890625 0.728125 0.06796875 0.12421875
8 0.621875 0.553125 0.0578125 0.134375
10 0.46328125 0.5421875 0.0453125 0.11875
17 0.446875 0.696875 0.046875 0.09765625
8 0.5671875 0.39296875 0.046875 0.11953125
1 0.33671875 0.53125 0.03671875 0.1078125
17 0.3171875 0.67421875 0.03515625 0.0875
10 0.52109375 0.39375 0.0421875 0.115625
0 0.22421875 0.52265625 0.0328125 0.09609375
8 0.565625 0.54921875 0.05078125 0.128125
17 0.39921875 0.690625 0.04375 0.09296875
8 0.9140625 0.3859375 0.0609375 0.15234375
10 0.44375 0.396875 0.03671875 0.1078125
17 0.35625 0.68125 0.03828125 0.08984375
10 0.41875 0.53984375 0.0421875 0.11640625
11 0.66953125 0.19765625 0.06484375 0.15078125
10 0.48046875 0.3953125 0.03515625 0.11171875
0 0.21640625 0.39609375 0.03125 0.09921875
8 0.68046875 0.55703125 0.05390625 0.14375
1 0.3765625 0.53515625 0.03984375 0.1125
8 0.90703125 0.58125 0.08046875 0.1625
8 0.84765625 0.38828125 0.0734375 0.146875
8 0.74453125 0.58203125 0.06640625 0.1125
2 0.25859375 0.52578125 0.0328125 0.09921875
1 0.325 0.39375 0.03984375 0.11015625
0 0.18828125 0.51953125 0.03515625 0.0953125
16 0.396875 0.93203125 0.05078125 0.09609375
18 0.97734375 0.5875 0.0453125 0.16484375
16 0.3125 0.90859375 0.03671875 0.096875
24 0.6546875 0.896875 0.05078125 0.10703125
24 0.79609375 0.9375 0.0765625 0.11484375
2 0.1984375 0.271875 0.0296875 0.0921875
1 0.3640625 0.39296875 0.03515625 0.1109375
5 0.63515625 0.98359375 0.0453125 0.03203125
16 0.27734375 0.89296875 0.0328125 0.08984375
24 0.71796875 0.915625 0.06953125 0.11796875
16 0.3515625 0.921875 0.03671875 0.0953125
5 0.25546875 0.9609375 0.05390625 0.078125
11 0.81953125 0.17578125 0.07109375 0.1734375
11 0.60546875 0.209375 0.059375 0.1421875
16 0.4859375 0.95859375 0.05234375 0.08203125
24 0.43359375 0.83203125 0.046875 0.08828125
24 0.3921875 0.81796875 0.03125 0.0875