17 0.4421875 0.69921875 0.0484375 0.09921875
18 0.49765625 0.70703125 0.05390625 0.11015625
8 0.6546875 0.3875 0.05390625 0.128125
2 0.275 0.3953125 0.03671875 0.10703125
11 0.728125 0.18203125 0.06953125 0.1609375
17 0.7 0.7375 0.07109375 0.13828125
17 0.8859375 0.771875 0.09609375 0.15703125
0 0.2140625 0.52421875 0.03515625 0.09765625
18 0.5578125 0.73125 0.059375 0.0921875
10 0.45546875 0.5421875 0.046875 0.11953125
2 0.2875 0.52890625 0.03984375 0.10625
17 0.3125 0.675 0.03671875 0.0875
8 0.5578125 0.39140625 0.046875 0.11953125
8 0.61640625 0.553125 0.0609375 0.1359375
8 0.7125 0.38671875 0.05546875 0.13125
8 0.8203125 0.57421875 0.08046875 0.1625
17 0.39453125 0.69140625 0.04375 0.09375
17 0.7859375 0.75390625 0.090625 0.1453125
10 0.50625 0.5453125 0.0484375 0.1234375
2 0.2375 0.3953125 0.03515625 0.103125
10 0.5109375 0.39296875 0.0421875 0.11640625
11 0.6578125 0.19140625 0.06484375 0.15390625
8 0.771875 0.38515625 0.059375 0.1359375
0 0.171875 0.396875 0.0328125 0.09765625
8 0.55859375 0.54921875 0.05078125 0.128125
0 0.20390625 0.396875 0.0296875 0.1
10 0.47109375 0.39453125 0.03515625 0.11171875
8 0.6046875 0.3890625 0.0453125 0.1234375
18 0.6265625 0.73125 0.06953125 0.121875
2 0.25 0.52734375 0.0328125 0.10078125
0 0.17890625 0.5203125 0.03515625 0.096875
18 0.209375 0.653125 0.03125 0.08046875
8 0.903125 0.578125 0.08203125 0.16484375
1 0.328125 0.53203125 0.03671875 0.11015625
8 0.67578125 0.55703125 0.05546875 0.1421875
5 0.31171875 0.9140625 0.03671875 0.09765625
10 0.41015625 0.540625 0.0421875 0.1203125
17 0.3515625 0.6828125 0.03671875 0.0890625
24 0.72109375 0.91953125 0.07109375 0.11953125
8 0.90859375 0.38203125 0.0625 0.1546875
10 0.4328125 0.3953125 0.03671875 0.11015625
16 0.3953125 0.9375 0.05078125 0.09609375
1 0.31328125 0.39453125 0.03984375 0.1109375
1 0.36796875 0.53515625 0.03984375 0.1125
8 0.83984375 0.38359375 0.0734375 0.14765625
24 0.6578125 0.9015625 0.05078125 0.10703125
2 0.18359375 0.271875 0.0296875 0.09296875
18 0.18125 0.65 0.02421875 0.07734375
5 0.275 0.89921875 0.0328125 0.09140625
16 0.5390625 0.96953125 0.04375 0.0609375
12 0.28984375 0.25 0.04375 0.11640625
16 0.35 0.92578125 0.03828125 0.096875
24 0.39140625 0.8203125 0.03515625 0.0875
11 0.8203125 0.16875 0.09609375 0.17578125
18 0.9765625 0.58515625 0.046875 0.165625
12 0.5921875 0.2078125 0.0609375 0.13828125
8 0.74140625 0.571875 0.06796875 0.13125
16 0.48671875 0.9609375 0.05234375 0.07734375
8 0.21328125 0.26796875 0.0296875 0.09375
5 0.6375 0.9859375 0.0453125 0.02734375
1 0.353125 0.39375 0.03515625 0.11171875
5 0.25234375 0.9625 0.05390625 0.0734375
8 0.24921875 0.26484375 0.0328125 0.09765625
24 0.6015625 0.88203125 0.05234375 0.10078125
24 0.79765625 0.93984375 0.0734375 0.11640625
10 0.39296875 0.39453125 0.03984375 0.11171875
12 0.47109375 0.22109375 0.0484375 0.1375
24 0.3515625 0.81015625 0.03828125 0.08828125
2 0.15703125 0.27578125 0.02109375 0.09140625
12 0.33515625 0.24375 0.04375 0.1203125