5 0.68359375 0.82890625 0.03671875 0.12734375
0 0.1875 0.09921875 0.078125 0.1875
5 0.64609375 0.84140625 0.03515625 0.13125
12 0.72734375 0.50859375 0.03828125 0.13046875
19 0.2453125 0.80234375 0.0890625 0.13203125
18 0.4921875 0.73203125 0.05234375 0.1265625
0 0.225 0.3203125 0.08671875 0.171875
2 0.3125 0.3296875 0.08203125 0.16171875
17 0.775 0.65234375 0.03984375 0.1125
18 0.5453125 0.71875 0.0484375 0.11875
2 0.390625 0.3359375 0.06953125 0.15078125
2 0.3921875 0.14375 0.0578125 0.1640625
2 0.45703125 0.34140625 0.0609375 0.1453125
18 0.81796875 0.64140625 0.03984375 0.1140625
17 0.434375 0.74609375 0.0578125 0.13046875
0 0.26328125 0.11640625 0.06640625 0.17578125
18 0.59296875 0.70859375 0.04375 0.11484375
2 0.5 0.1703125 0.05390625 0.15
3 0.27890625 0.95390625 0.08046875 0.0921875
3 0.415625 0.92890625 0.05625 0.1421875
18 0.6390625 0.68515625 0.0453125 0.13125
8 0.67578125 0.21015625 0.03984375 0.12421875
2 0.446875 0.1609375 0.05078125 0.14765625
2 0.33046875 0.128125 0.0625 0.17265625
3 0.35390625 0.9421875 0.0640625 0.115625
1 0.51796875 0.346875 0.0578125 0.134375
1 0.575 0.3515625 0.05234375 0.128125
10 0.7953125 0.36796875 0.0421875 0.10078125
8 0.74453125 0.22578125 0.03515625 0.1140625
8 0.6796875 0.35859375 0.03671875 0.11640625
10 0.7546875 0.36484375 0.03671875 0.10703125
5 0.52890625 0.9 0.0453125 0.13515625
0 0.10390625 0.0890625 0.08203125 0.17734375
0 0.121875 0.31171875 0.109375 0.1796875
17 0.3640625 0.7609375 0.0765625 0.13828125
8 0.7171875 0.3609375 0.03671875 0.1125
10 0.834375 0.36875 0.0328125 0.09921875
17 0.73359375 0.66328125 0.03984375 0.1203125
8 0.71171875 0.21875 0.03125 0.11875
5 0.60625 0.8578125 0.04375 0.13359375
5 0.56875 0.878125 0.0328125 0.13203125
18 0.68828125 0.6734375 0.0484375 0.12421875
10 0.828125 0.2453125 0.0296875 0.10234375
8 0.63203125 0.35625 0.05546875 0.1234375
11 0.765625 0.5046875 0.03515625 0.12578125
8 0.63671875 0.20234375 0.03671875 0.13125
10 0.7875 0.23359375 0.046875 0.1125
3 0.47578125 0.9171875 0.0578125 0.14375
4 0.73984375 0.80859375 0.0296875 0.11015625
10 0.865625 0.37109375 0.02578125 0.09375
11 0.82890625 0.50078125 0.03515625 0.11875
11 0.79609375 0.50234375 0.02578125 0.1203125
12 0.6890625 0.5109375 0.03671875 0.134375
13 0.2375 0.5390625 0.0890625 0.19765625
16 0.6484375 0.97109375 0.03984375 0.0578125
8 0.5515625 0.18359375 0.046875 0.1390625
4 0.82890625 0.7734375 0.02578125 0.10625
13 0.32734375 0.53515625 0.08359375 0.18828125
4 0.77265625 0.796875 0.0328125 0.1046875
16 0.6875 0.9609375 0.03671875 0.07734375
16 0.77734375 0.93359375 0.03515625 0.11875
10 0.859375 0.25078125 0.0328125 0.10078125
4 0.80234375 0.78203125 0.02421875 0.10859375
16 0.746875 0.946875 0.02421875 0.1046875
5 0.71328125 0.81875 0.02109375 0.12265625
11 0.86328125 0.4984375 0.0296875 0.115625
16 0.59765625 0.98046875 0.0546875 0.0390625
16 0.7203125 0.953125 0.028125 0.09296875
18 0.85703125 0.6328125 0.03671875 0.1078125
8 0.596875 0.19609375 0.0453125 0.134375
12 0.6453125 0.5140625 0.046875 0.1390625
13 0.4046875 0.5296875 0.0625 0.1734375