2 0.55859375 0.290625 0.04921875 0.20625
1 0.665625 0.49140625 0.03515625 0.140625
24 0.53359375 0.68671875 0.0375 0.13984375
17 0.3015625 0.54296875 0.0453125 0.13125
8 0.7 0.28125 0.03984375 0.1953125
1 0.65625 0.28515625 0.04375 0.20390625
17 0.3953125 0.52421875 0.04453125 0.15
17 0.32734375 0.33359375 0.04921875 0.153125
18 0.2359375 0.72265625 0.05546875 0.134375
24 0.49296875 0.69296875 0.040625 0.1453125
0 0.5921875 0.49765625 0.034375 0.14375
10 0.7875 0.27890625 0.04375 0.1921875
18 0.184375 0.54765625 0.05703125 0.165625
17 0.27578125 0.33671875 0.05078125 0.15234375
8 0.74296875 0.28046875 0.0421875 0.19375
10 0.79921875 0.48125 0.03046875 0.134375
17 0.2453125 0.5453125 0.0609375 0.159375
17 0.3765625 0.32265625 0.046875 0.16953125
17 0.2125 0.3125 0.0671875 0.21328125
8 0.73515625 0.48671875 0.034375 0.13125
0 0.609375 0.2875 0.0484375 0.2046875
8 0.69921875 0.4875 0.03125 0.1375
2 0.55546875 0.5015625 0.0359375 0.14609375
24 0.5734375 0.68125 0.03828125 0.13671875
0 0.62890625 0.49453125 0.03515625 0.1421875
10 0.83359375 0.2765625 0.04375 0.19140625
10 0.76796875 0.4859375 0.028125 0.12734375
17 0.3484375 0.53828125 0.04609375 0.1296875
24 0.65078125 0.68359375 0.0359375 0.11484375
24 0.61328125 0.68359375 0.03671875 0.121875
24 0.68828125 0.67890625 0.03515625 0.11171875
24 0.44921875 0.696875 0.0421875 0.140625
18 0.14921875 0.3140625 0.05703125 0.21640625
18 0.29453125 0.71484375 0.05703125 0.134375
18 0.35234375 0.7078125 0.0546875 0.134375
24 0.4046875 0.7015625 0.04140625 0.1359375
24 0.72734375 0.68046875 0.0375 0.09765625
24 0.50078125 0.97421875 0.028125 0.0515625
24 0.471875 0.97734375 0.028125 0.0453125
24 0.559375 0.96796875 0.028125 0.0640625
24 0.44140625 0.98046875 0.0296875 0.0390625
24 0.53046875 0.97109375 0.02734375 0.0578125
21 0.41171875 0.98359375 0.02890625 0.0328125
17 0.35 0.98828125 0.03046875 0.0234375
24 0.56484375 0.85234375 0.03125 0.1265625
17 0.38046875 0.98515625 0.03046875 0.0296875