3 0.39140625 0.6296875 0.04140625 0.10703125
3 0.346875 0.63359375 0.04375 0.11171875
3 0.3015625 0.6375 0.04375 0.11328125
3 0.20078125 0.64609375 0.05 0.11953125
8 0.1421875 0.3109375 0.07890625 0.15390625
8 0.2203125 0.31484375 0.0703125 0.14765625
17 0.42734375 0.484375 0.0578125 0.11484375
17 0.30859375 0.49765625 0.0515625 0.10234375
10 0.459375 0.32734375 0.05 0.12890625
10 0.28984375 0.31953125 0.0578125 0.13828125
10 0.328125 0.15234375 0.05 0.12890625
10 0.40546875 0.325 0.0515625 0.13203125
3 0.25234375 0.64375 0.04765625 0.11640625
10 0.35 0.32265625 0.05625 0.13359375
8 0.51171875 0.32890625 0.04765625 0.12421875
8 0.65625 0.33515625 0.04140625 0.11640625
17 0.365625 0.4875 0.0578125 0.11640625
13 0.13125 0.1234375 0.08515625 0.16328125
16 0.3984375 0.7546875 0.0390625 0.09765625
10 0.42734375 0.16171875 0.0453125 0.12734375
10 0.3796875 0.1578125 0.04765625 0.12734375
8 0.47421875 0.16796875 0.04375 0.12265625
3 0.146875 0.64921875 0.05390625 0.12421875
17 0.25234375 0.49921875 0.05390625 0.10390625
1 0.70078125 0.3375 0.04375 0.11328125
1 0.7421875 0.33984375 0.03515625 0.11015625
24 0.75859375 0.4765625 0.03515625 0.09296875
2 0.81484375 0.34375 0.0390625 0.10546875
8 0.51875 0.171875 0.04375 0.12109375
8 0.5625 0.33125 0.04765625 0.12265625
8 0.6109375 0.33359375 0.04375 0.11953125
17 0.134375 0.51015625 0.06015625 0.09453125
10 0.275 0.14765625 0.05 0.13203125
3 0.43515625 0.62578125 0.04140625 0.10546875
16 0.4390625 0.74921875 0.0375 0.09609375
17 0.19453125 0.5078125 0.05625 0.09296875
24 0.71953125 0.47734375 0.0390625 0.09609375
8 0.5625 0.178125 0.04140625 0.11640625
4 0.75859375 0.5921875 0.0390625 0.09453125
5 0.51484375 0.61875 0.0375 0.10234375
1 0.77734375 0.340625 0.0328125 0.10703125
4 0.690625 0.6 0.03125 0.09453125
0 0.64296875 0.1875 0.0390625 0.11171875
4 0.72265625 0.596875 0.02890625 0.09296875
5 0.475 0.621875 0.03515625 0.10390625
16 0.47734375 0.7421875 0.03515625 0.09453125
5 0.5515625 0.61484375 0.0328125 0.10078125
0 0.68671875 0.190625 0.0453125 0.11328125
16 0.16875 0.7859375 0.04765625 0.10078125
2 0.60390625 0.1828125 0.0375 0.11484375
24 0.7984375 0.475 0.0375 0.09140625
16 0.35703125 0.76015625 0.0390625 0.09921875
5 0.58671875 0.6109375 0.0328125 0.09921875
16 0.63359375 0.48203125 0.0390625 0.09609375