8 0.13046875 0.2484375 0.06640625 0.15703125
10 0.41015625 0.265625 0.04375 0.12890625
10 0.528125 0.2734375 0.03515625 0.11640625
8 0.196875 0.25234375 0.06015625 0.15078125
17 0.68515625 0.29609375 0.0265625 0.07421875
8 0.30625 0.44375 0.0578125 0.13671875
10 0.5609375 0.2765625 0.02890625 0.10859375
17 0.58515625 0.55703125 0.03515625 0.09296875
18 0.67265625 0.4265625 0.02265625 0.07578125
8 0.3625 0.26171875 0.05 0.13515625
10 0.490625 0.271875 0.03515625 0.11796875
17 0.39921875 0.59609375 0.05 0.11015625
17 0.65625 0.29453125 0.0265625 0.07578125
8 0.3109375 0.259375 0.05 0.14140625
8 0.25546875 0.25546875 0.05390625 0.14453125
8 0.2453125 0.44921875 0.06015625 0.14140625
17 0.4515625 0.5875 0.04765625 0.10234375
8 0.3625 0.43984375 0.05 0.13046875
3 0.5546875 0.68203125 0.02890625 0.09609375
17 0.72265625 0.42265625 0.0265625 0.07109375
10 0.453125 0.26953125 0.0375 0.12265625
3 0.5234375 0.6890625 0.03125 0.09609375
13 0.23671875 0.778125 0.07265625 0.11171875
17 0.71328125 0.29765625 0.0265625 0.07109375
18 0.615625 0.43125 0.02890625 0.08203125
10 0.4140625 0.434375 0.04765625 0.12890625
10 0.46484375 0.43203125 0.0453125 0.12265625
17 0.69765625 0.42421875 0.02265625 0.07265625
0 0.58359375 0.425 0.0328125 0.10390625
10 0.509375 0.42890625 0.0390625 0.11484375
17 0.54453125 0.56640625 0.04140625 0.09453125
10 0.5484375 0.42734375 0.03515625 0.11015625
18 0.64609375 0.42890625 0.02890625 0.07734375
17 0.5 0.578125 0.04375 0.09609375
10 0.58984375 0.278125 0.02890625 0.10859375
17 0.7390625 0.3 0.02265625 0.06796875
17 0.6234375 0.29296875 0.03515625 0.07890625
13 0.353125 0.74609375 0.04765625 0.10546875
17 0.76328125 0.30078125 0.02265625 0.06640625
18 0.62109375 0.55 0.0328125 0.08984375
4 0.60859375 0.66484375 0.02109375 0.08984375
4 0.63046875 0.65546875 0.02109375 0.08671875
13 0.39921875 0.7328125 0.0390625 0.10546875
4 0.58359375 0.675 0.025 0.09453125
13 0.30234375 0.76171875 0.05 0.10703125
5 0.653125 0.646875 0.02265625 0.08359375
17 0.75078125 0.42109375 0.025 0.06796875
18 0.65546875 0.5421875 0.03125 0.08671875