8 0.48984375 0.44453125 0.04140625 0.11640625
2 0.290625 0.18359375 0.06640625 0.14921875
4 0.134375 0.69765625 0.0765625 0.1890625
2 0.2890625 0.44375 0.05625 0.13984375
2 0.2296875 0.4421875 0.0578125 0.14609375
0 0.39765625 0.44453125 0.04765625 0.12578125
17 0.3375 0.68046875 0.0703125 0.14296875
4 0.0609375 0.70859375 0.06796875 0.1890625
17 0.459375 0.66953125 0.04765625 0.10703125
17 0.4046875 0.678125 0.05625 0.11171875
10 0.56953125 0.23515625 0.04140625 0.11796875
8 0.6109375 0.24375 0.0390625 0.11484375
0 0.3578125 0.19296875 0.0625 0.14609375
8 0.5296875 0.44453125 0.0375 0.11171875
17 0.26015625 0.69140625 0.07421875 0.15390625
1 0.4453125 0.44453125 0.04375 0.12109375
10 0.475 0.2171875 0.04765625 0.13046875
24 0.6296875 0.62734375 0.04140625 0.10859375
0 0.34609375 0.44453125 0.0515625 0.13203125
10 0.525 0.2265625 0.04375 0.12265625
8 0.6890625 0.25703125 0.0328125 0.10859375
0 0.4203125 0.20390625 0.0578125 0.13671875
10 0.60234375 0.4453125 0.03125 0.10703125
8 0.65078125 0.25078125 0.0375 0.11171875
1 0.221875 0.17421875 0.0640625 0.14765625
10 0.5671875 0.4453125 0.03515625 0.10859375
24 0.67265625 0.61953125 0.0390625 0.10390625
10 0.63671875 0.4453125 0.0328125 0.10390625
4 0.01328125 0.7171875 0.0265625 0.19375
22 0.72578125 0.2671875 0.03515625 0.09453125
24 0.59140625 0.63515625 0.03125 0.11015625
17 0.5546875 0.6578125 0.0390625 0.08671875
21 0.509375 0.66171875 0.0453125 0.09921875
16 0.70390625 0.45078125 0.02890625 0.08203125