10 0.284375 0.43671875 0.07421875 0.18671875
5 0.59140625 0.79765625 0.03125 0.13828125
10 0.09609375 0.4359375 0.10390625 0.221875
10 0.353125 0.17734375 0.0515625 0.15390625
8 0.40546875 0.19140625 0.05 0.14921875
8 0.35703125 0.4359375 0.0640625 0.17109375
5 0.525 0.83046875 0.0328125 0.15078125
10 0.1984375 0.43671875 0.0890625 0.203125
8 0.4203125 0.4359375 0.0578125 0.16015625
8 0.525 0.43515625 0.04375 0.13984375
10 0.0609375 0.1125 0.0828125 0.18671875
8 0.4765625 0.4359375 0.04765625 0.14921875
10 0.225 0.14296875 0.07265625 0.17890625
5 0.559375 0.81328125 0.0328125 0.14296875
10 0.29375 0.1578125 0.06015625 0.16953125
5 0.48125 0.85078125 0.0515625 0.15859375
10 0.146875 0.1265625 0.07421875 0.18203125
2 0.675 0.43359375 0.0265625 0.11171875
0 0.64609375 0.434375 0.02890625 0.11484375
8 0.49765625 0.215625 0.0453125 0.13671875
8 0.453125 0.2046875 0.04140625 0.14296875
0 0.56953125 0.434375 0.04140625 0.12890625
0 0.6109375 0.434375 0.0375 0.12265625
5 0.4203125 0.87734375 0.0625 0.16328125
2 0.7015625 0.43359375 0.025 0.10390625
4 0.66640625 0.7515625 0.02109375 0.12734375
1 0.7484375 0.4328125 0.02265625 0.09609375
4 0.64609375 0.7671875 0.02109375 0.12734375
1 0.72578125 0.43359375 0.02109375 0.09921875
8 0.5359375 0.23203125 0.02890625 0.11953125
3 0.690625 0.7375 0.02265625 0.12265625
3 0.73046875 0.71640625 0.02109375 0.11484375
4 0.62109375 0.784375 0.0265625 0.13046875
3 0.7109375 0.725 0.01640625 0.11796875
2 0.659375 0.265625 0.025 0.09609375
3 0.75078125 0.71171875 0.01875 0.10546875
2 0.684375 0.2703125 0.025 0.09453125
0 0.5734375 0.2421875 0.03515625 0.11484375
2 0.63359375 0.259375 0.02109375 0.10078125