17 0.26171875 0.65859375 0.07890625 0.14609375
2 0.2890625 0.4140625 0.06015625 0.14453125
2 0.28671875 0.13828125 0.0703125 0.15859375
4 0.14296875 0.66015625 0.07421875 0.17734375
17 0.40859375 0.64921875 0.05390625 0.10703125
17 0.46484375 0.6421875 0.05 0.10390625
22 0.7765625 0.21640625 0.04140625 0.10859375
24 0.64921875 0.603125 0.0453125 0.10859375
0 0.4265625 0.15625 0.0625 0.15234375
1 0.45234375 0.41484375 0.04765625 0.13046875
0 0.346875 0.41484375 0.05390625 0.13515625
4 0.07109375 0.66796875 0.0640625 0.17734375
2 0.22578125 0.41328125 0.0625 0.14921875
10 0.5953125 0.1859375 0.0453125 0.13359375
17 0.340625 0.6484375 0.0703125 0.13671875
0 0.3578125 0.1453125 0.06640625 0.15546875
8 0.64375 0.19296875 0.0453125 0.13046875
10 0.62421875 0.415625 0.03515625 0.11328125
10 0.66328125 0.415625 0.0375 0.11171875
8 0.690625 0.2 0.04375 0.12578125
10 0.54453125 0.178125 0.05 0.13671875
0 0.40078125 0.415625 0.05 0.13046875
24 0.6953125 0.59765625 0.04375 0.10546875
10 0.48828125 0.16875 0.05390625 0.14609375
8 0.54375 0.41640625 0.0390625 0.11953125
10 0.58515625 0.41640625 0.0390625 0.11484375
8 0.5 0.41640625 0.04375 0.12109375
1 0.21328125 0.13046875 0.06796875 0.15703125
8 0.73359375 0.20625 0.04140625 0.12265625
4 0.02109375 0.6734375 0.04140625 0.18515625
24 0.60546875 0.6109375 0.0375 0.11015625
17 0.5640625 0.6328125 0.04375 0.08515625
22 0.7703125 0.42109375 0.02890625 0.08671875
21 0.51640625 0.634375 0.04765625 0.09921875