17 0.3546875 0.28359375 0.0546875 0.19453125
10 0.82578125 0.2703125 0.04921875 0.2109375
8 0.728125 0.26640625 0.046875 0.221875
1 0.6890625 0.50703125 0.04140625 0.17578125
2 0.56640625 0.26328125 0.0546875 0.2359375
17 0.25625 0.54453125 0.0546875 0.159375
0 0.603125 0.50859375 0.04140625 0.18125
24 0.71640625 0.73984375 0.0421875 0.1390625
17 0.36953125 0.5296875 0.053125 0.17421875
17 0.2375 0.29375 0.05859375 0.178125
0 0.64609375 0.5078125 0.04140625 0.178125
24 0.58046875 0.73828125 0.0453125 0.16875
17 0.31328125 0.54140625 0.0546875 0.15625
1 0.67890625 0.2625 0.04921875 0.23046875
17 0.1875 0.540625 0.0703125 0.19375
18 0.1703125 0.76171875 0.06171875 0.17109375
8 0.7765625 0.26875 0.046875 0.21328125
18 0.1171875 0.53671875 0.06328125 0.2078125
24 0.53203125 0.74296875 0.046875 0.17578125
17 0.16484375 0.26171875 0.0765625 0.24453125
8 0.7296875 0.503125 0.03671875 0.17265625
17 0.29765625 0.2953125 0.05625 0.175
10 0.8765625 0.26953125 0.046875 0.21015625
8 0.77109375 0.5078125 0.03984375 0.16015625
24 0.76171875 0.740625 0.04375 0.128125
18 0.09296875 0.26171875 0.06171875 0.24609375
10 0.84453125 0.50546875 0.03359375 0.15546875
0 0.62421875 0.2625 0.05625 0.2328125
2 0.56015625 0.51015625 0.0421875 0.18359375
24 0.671875 0.74453125 0.0421875 0.140625
24 0.48125 0.7484375 0.04921875 0.18671875
24 0.6265625 0.7453125 0.04296875 0.14921875
18 0.3109375 0.75234375 0.065625 0.171875
18 0.2390625 0.75625 0.06875 0.17421875
10 0.809375 0.51328125 0.03359375 0.14375
24 0.42890625 0.75078125 0.05 0.18203125
24 0.3734375 0.75078125 0.05078125 0.171875
24 0.565625 0.93671875 0.03828125 0.1265625
17 0.4203125 0.525 0.0421875 0.171875