8 0.5578125 0.59765625 0.028125 0.140625
10 0.346875 0.56484375 0.02109375 0.1171875
10 0.30625 0.5640625 0.01796875 0.109375
8 0.4140625 0.575 0.025 0.1296875
8 0.46875 0.58203125 0.0296875 0.13984375
10 0.3703125 0.5671875 0.02265625 0.1203125
8 0.5 0.584375 0.03046875 0.14375
10 0.58671875 0.60078125 0.02890625 0.14609375
8 0.5296875 0.59375 0.0265625 0.1359375
8 0.39140625 0.57109375 0.01796875 0.1234375
10 0.61796875 0.6046875 0.03125 0.15078125
8 0.43984375 0.57890625 0.02421875 0.134375
14 0.934375 0.65078125 0.05859375 0.15859375
10 0.6515625 0.6078125 0.03359375 0.15390625
10 0.32578125 0.56484375 0.01875 0.1125
14 0.87890625 0.64609375 0.05 0.159375
6 0.275 0.421875 0.0171875 0.1203125
14 0.72734375 0.6265625 0.0390625 0.15
14 0.82578125 0.6359375 0.05078125 0.16171875
10 0.28828125 0.56328125 0.01640625 0.10625
6 0.2578125 0.42578125 0.0140625 0.11484375
14 0.77421875 0.6296875 0.046875 0.16015625
10 0.27265625 0.5625 0.01328125 0.10390625
18 0.23671875 0.55859375 0.015625 0.09765625
10 0.6875 0.61171875 0.0359375 0.1625
6 0.22109375 0.43125 0.01875 0.10625
18 0.2203125 0.55546875 0.01484375 0.09921875
6 0.240625 0.42734375 0.01875 0.1125
6 0.17890625 0.4375 0.01640625 0.0984375
18 0.203125 0.55390625 0.0171875 0.0953125
6 0.1921875 0.43671875 0.0125 0.09921875
6 0.20625 0.43359375 0.01484375 0.1046875
6 0.15234375 0.43984375 0.01484375 0.09296875
10 0.25546875 0.5625 0.01796875 0.0984375
6 0.1375 0.4421875 0.01171875 0.08828125
6 0.1625 0.4390625 0.0109375 0.09296875
6 0.2953125 0.41875 0.01953125 0.1234375