10 0.75703125 0.28203125 0.0625 0.13203125
17 0.375 0.69765625 0.04453125 0.10390625
8 0.61640625 0.10234375 0.05 0.1375
17 0.65 0.90234375 0.06640625 0.103125
17 0.42265625 0.70859375 0.046875 0.10703125
10 0.6671875 0.0984375 0.05 0.13984375
2 0.25390625 0.41640625 0.03671875 0.1109375
18 0.68984375 0.63203125 0.05625 0.103125
8 0.521875 0.11015625 0.04453125 0.13125
17 0.41328125 0.8296875 0.0484375 0.09609375
17 0.228125 0.56015625 0.0328125 0.0734375
1 0.31484375 0.27734375 0.03515625 0.1109375
8 0.56796875 0.10625 0.04453125 0.134375
17 0.3625 0.81484375 0.046875 0.09296875
17 0.4109375 0.584375 0.03671875 0.0890625
17 0.45078125 0.59140625 0.0390625 0.08984375
17 0.52265625 0.8625 0.0546875 0.10390625
10 0.7203125 0.09375 0.05078125 0.1453125
10 0.56328125 0.44453125 0.05 0.12734375
17 0.371875 0.57734375 0.03828125 0.0890625
17 0.2453125 0.66875 0.0390625 0.0953125
0 0.465625 0.4359375 0.046875 0.1203125
17 0.5828125 0.88125 0.05859375 0.10625
17 0.3328125 0.571875 0.03515625 0.084375
17 0.3296875 0.6875 0.0421875 0.1
8 0.5984375 0.2859375 0.04453125 0.115625
18 0.64609375 0.7609375 0.0625 0.11640625
18 0.49375 0.5984375 0.0421875 0.0953125
17 0.465625 0.8453125 0.05390625 0.10234375
17 0.2640625 0.7875 0.046875 0.0875
10 0.69765625 0.28203125 0.05 0.12734375
10 0.646875 0.284375 0.0484375 0.11953125
2 0.2140625 0.4140625 0.0390625 0.10859375
8 0.51015625 0.28046875 0.040625 0.1203125
8 0.553125 0.28125 0.04296875 0.1234375
0 0.42890625 0.27890625 0.03828125 0.115625
18 0.528125 0.73203125 0.05 0.11015625
2 0.21328125 0.27890625 0.0328125 0.09921875
18 0.5828125 0.746875 0.0546875 0.1140625
17 0.296875 0.57109375 0.034375 0.07421875
0 0.434375 0.1171875 0.03828125 0.1234375
1 0.3140625 0.12265625 0.03671875 0.11953125
18 0.63515625 0.625 0.046875 0.0953125
2 0.2078125 0.13046875 0.034375 0.11171875
18 0.47421875 0.7203125 0.05078125 0.11015625
8 0.46796875 0.28046875 0.0390625 0.11875
0 0.41953125 0.43125 0.04296875 0.11953125
0 0.35234375 0.278125 0.03515625 0.1125
1 0.27890625 0.27734375 0.0328125 0.10859375
18 0.53828125 0.6140625 0.04453125 0.08359375
8 0.47734375 0.11328125 0.04296875 0.1296875
1 0.278125 0.1265625 0.03515625 0.11796875
10 0.7765625 0.09140625 0.0578125 0.14765625
8 0.5140625 0.43984375 0.046875 0.1234375
0 0.39375 0.11875 0.040625 0.1234375
10 0.67265625 0.44921875 0.05625 0.14375
0 0.38984375 0.27890625 0.03671875 0.1140625
18 0.5859375 0.621875 0.04609375 0.084375
1 0.29296875 0.41875 0.0390625 0.115625
1 0.24609375 0.27734375 0.03125 0.1046875
17 0.2859375 0.67890625 0.0390625 0.09375
17 0.26171875 0.565625 0.0328125 0.06953125
0 0.37578125 0.42734375 0.0421875 0.11875
1 0.2421875 0.12890625 0.0328125 0.115625
1 0.33359375 0.421875 0.040625 0.11875
17 0.3140625 0.79921875 0.04609375 0.0921875
10 0.61640625 0.44609375 0.05234375 0.1375
0 0.353125 0.121875 0.0390625 0.1203125