8 0.22890625 0.1671875 0.0625 0.16640625
17 0.478125 0.55 0.0515625 0.10859375
8 0.35078125 0.18125 0.05390625 0.15546875
18 0.65703125 0.5203125 0.03515625 0.09609375
8 0.29296875 0.175 0.0578125 0.16015625
10 0.54453125 0.20859375 0.0375 0.13203125
17 0.42265625 0.5578125 0.05390625 0.11328125
8 0.40703125 0.1875 0.0515625 0.15078125
8 0.159375 0.16171875 0.06796875 0.16953125
8 0.334375 0.38671875 0.06015625 0.14921875
10 0.503125 0.38515625 0.04765625 0.12890625
8 0.39453125 0.38671875 0.05390625 0.14140625
17 0.80546875 0.25625 0.025 0.07421875
17 0.61796875 0.528125 0.0375 0.09765625
17 0.57578125 0.53515625 0.04375 0.09921875
8 0.26953125 0.38828125 0.0625 0.15546875
10 0.45859375 0.19453125 0.0453125 0.14609375
10 0.503125 0.203125 0.04140625 0.13671875
10 0.55078125 0.384375 0.0390625 0.12421875
10 0.44921875 0.3828125 0.05 0.14140625
17 0.74921875 0.390625 0.025 0.07890625
18 0.7234375 0.3921875 0.025 0.08203125
17 0.778125 0.25234375 0.02890625 0.07734375
17 0.71875 0.24453125 0.02890625 0.08515625
3 0.57734375 0.65546875 0.03125 0.09765625
10 0.59296875 0.38359375 0.0375 0.11953125
17 0.52890625 0.54375 0.0453125 0.10078125
17 0.7484375 0.2484375 0.02890625 0.08203125
18 0.69453125 0.3921875 0.02890625 0.08359375
10 0.5828125 0.21328125 0.0375 0.12734375
10 0.61875 0.21796875 0.03125 0.12265625
13 0.24453125 0.7375 0.0765625 0.11640625
10 0.64921875 0.22109375 0.02890625 0.12109375
3 0.54453125 0.66171875 0.03125 0.10078125
18 0.6625 0.39375 0.02890625 0.08671875
0 0.63046875 0.38359375 0.0328125 0.11640625
13 0.4140625 0.7 0.04140625 0.10859375
17 0.7765625 0.390625 0.0265625 0.07578125
13 0.36640625 0.709375 0.04765625 0.11015625
17 0.83046875 0.259375 0.025 0.07265625
17 0.68359375 0.240625 0.0375 0.08828125
18 0.69375 0.51484375 0.0328125 0.09140625
17 0.80546875 0.38984375 0.02890625 0.07421875
13 0.3125 0.72265625 0.05390625 0.11171875
16 0.3109375 0.8578125 0.0390625 0.08828125
4 0.63359375 0.6421875 0.02265625 0.09453125
4 0.6078125 0.64921875 0.0265625 0.09609375
22 0.74921875 0.5 0.02265625 0.08984375