17 0.45 0.29921875 0.04765625 0.09140625
8 0.80546875 0.14140625 0.06015625 0.12265625
8 0.60234375 0.28828125 0.0515625 0.11171875
17 0.45 0.4453125 0.0453125 0.08046875
17 0.49921875 0.44609375 0.04765625 0.08203125
17 0.46171875 0.15078125 0.0640625 0.11953125
17 0.53203125 0.15 0.06796875 0.11484375
8 0.640625 0.43515625 0.04140625 0.10859375
8 0.68671875 0.4359375 0.04375 0.10859375
8 0.73515625 0.43359375 0.0453125 0.11640625
17 0.60546875 0.14375 0.0703125 0.12421875
8 0.675 0.14296875 0.06015625 0.12421875
8 0.73984375 0.1421875 0.0625 0.12578125
17 0.4015625 0.30078125 0.04765625 0.08984375
18 0.49921875 0.29765625 0.0453125 0.09296875
10 0.8765625 0.4375 0.0453125 0.11484375
10 0.7828125 0.43515625 0.04375 0.11640625
8 0.71640625 0.28515625 0.05625 0.11484375
8 0.659375 0.2859375 0.05390625 0.11484375
8 0.83046875 0.28359375 0.05625 0.11796875
8 0.7734375 0.28359375 0.05390625 0.11796875
10 0.82890625 0.4359375 0.04375 0.11640625
17 0.5484375 0.446875 0.0453125 0.08203125
8 0.890625 0.28359375 0.0578125 0.11796875
8 0.59609375 0.43515625 0.04375 0.10703125
16 0.353125 0.7125 0.0390625 0.12578125
17 0.40234375 0.44453125 0.0453125 0.08046875
8 0.86953125 0.1421875 0.0625 0.11953125
18 0.5484375 0.2953125 0.04765625 0.09765625
16 0.23046875 0.56015625 0.04375 0.12265625
22 0.31484375 0.43984375 0.0390625 0.08515625
22 0.34609375 0.1625 0.05390625 0.10546875
16 0.2328125 0.7078125 0.0390625 0.12578125
22 0.3578125 0.43984375 0.04140625 0.08671875
16 0.31484375 0.709375 0.0375 0.12421875
16 0.27421875 0.70859375 0.0390625 0.12578125
16 0.39453125 0.71484375 0.0390625 0.12578125
16 0.43671875 0.71640625 0.0390625 0.12734375
22 0.2734375 0.4390625 0.0390625 0.08515625
16 0.39453125 0.565625 0.04140625 0.12734375
22 0.40078125 0.159375 0.0515625 0.10703125
14 0.61171875 0.5734375 0.04375 0.13359375
22 0.3546875 0.303125 0.04140625 0.08671875
16 0.309375 0.56328125 0.0390625 0.12421875
22 0.3109375 0.303125 0.04140625 0.08671875
16 0.43671875 0.56640625 0.0390625 0.12734375
14 0.65859375 0.57421875 0.0453125 0.13203125
16 0.27109375 0.56171875 0.03515625 0.12265625
16 0.5234375 0.56953125 0.04140625 0.13046875
14 0.56796875 0.571875 0.04375 0.13203125
18 0.98671875 0.134375 0.0265625 0.13203125