7 0.290625 0.5859375 0.06171875 0.25625
7 0.54921875 0.47421875 0.0265625 0.17265625
2 0.4421875 0.51796875 0.03984375 0.2171875
3 0.16484375 0.62734375 0.06796875 0.31875
2 0.3484375 0.56171875 0.05 0.2421875
3 0.228125 0.60078125 0.06015625 0.303125
2 0.39765625 0.54140625 0.04609375 0.2296875
2 0.48203125 0.5015625 0.0375 0.21171875
3 0.03359375 0.6859375 0.0671875 0.35
3 0.09921875 0.65625 0.07265625 0.33359375
2 0.51875 0.4828125 0.03203125 0.19609375
1 0.6234375 0.4390625 0.0234375 0.159375
1 0.59921875 0.45 0.02265625 0.1609375
10 0.67734375 0.40234375 0.02265625 0.1609375
8 0.77109375 0.36171875 0.01796875 0.1375
10 0.65078125 0.42109375 0.02734375 0.17421875
8 0.746875 0.3734375 0.028125 0.1421875
10 0.7859375 0.3609375 0.0140625 0.1265625
10 0.803125 0.3546875 0.01953125 0.11875
11 0.34296875 0.1328125 0.07421875 0.265625
8 0.82578125 0.3421875 0.01875 0.1125
1 0.575 0.46328125 0.02265625 0.165625