0 0.39921875 0.47109375 0.03125 0.08828125
0 0.46875 0.475 0.03515625 0.09296875
0 0.37890625 0.3578125 0.0265625 0.08203125
10 0.69140625 0.34296875 0.04765625 0.10546875
10 0.6453125 0.34453125 0.0390625 0.10234375
8 0.5671875 0.3484375 0.03515625 0.09609375
18 0.56796875 0.61640625 0.0375 0.07421875
0 0.4328125 0.471875 0.0328125 0.09140625
8 0.496875 0.35234375 0.03125 0.09140625
10 0.60546875 0.3453125 0.0375 0.10078125
2 0.30859375 0.46484375 0.0265625 0.08359375
10 0.70078125 0.19375 0.0453125 0.11484375
0 0.4359375 0.35546875 0.0265625 0.08515625
8 0.5296875 0.35078125 0.0328125 0.09296875
1 0.35078125 0.35859375 0.025 0.08046875
10 0.58671875 0.48046875 0.0390625 0.10546875
18 0.6078125 0.62109375 0.0375 0.07890625
0 0.40703125 0.35546875 0.0265625 0.08359375
0 0.40703125 0.2359375 0.03125 0.09140625
10 0.634375 0.48203125 0.04765625 0.11015625
0 0.37578125 0.23984375 0.0265625 0.08984375
18 0.62109375 0.7296875 0.0515625 0.09453125
10 0.54453125 0.478125 0.0390625 0.10234375
2 0.27734375 0.36015625 0.02265625 0.07578125
1 0.3671875 0.46953125 0.02890625 0.08515625
8 0.57265625 0.21171875 0.0375 0.10546875
8 0.46484375 0.353125 0.02890625 0.08828125
8 0.50625 0.4765625 0.0375 0.09765625
8 0.5 0.22109375 0.0328125 0.10234375
1 0.325 0.359375 0.025 0.07734375
10 0.65546875 0.19765625 0.0390625 0.11015625
18 0.5296875 0.6109375 0.03515625 0.07421875
17 0.628125 0.84140625 0.05625 0.08515625
2 0.28046875 0.4640625 0.0265625 0.08203125
18 0.65234375 0.62578125 0.0453125 0.08359375
10 0.6140625 0.20390625 0.0390625 0.10859375
8 0.53515625 0.2171875 0.0328125 0.10234375
8 0.4671875 0.2265625 0.03125 0.09765625
0 0.43671875 0.23203125 0.0265625 0.09453125
1 0.3015625 0.36015625 0.02109375 0.07578125
18 0.56953125 0.71875 0.0453125 0.09140625
17 0.52578125 0.8109375 0.04375 0.08203125
1 0.3375 0.4671875 0.02890625 0.08515625
17 0.40546875 0.68125 0.03515625 0.08046875
17 0.5734375 0.82578125 0.04765625 0.08203125
2 0.271875 0.25234375 0.025 0.08515625
1 0.321875 0.24765625 0.025 0.08515625
1 0.34765625 0.24296875 0.025 0.08828125
17 0.46171875 0.59765625 0.03125 0.07109375
17 0.40078125 0.58671875 0.0265625 0.06953125
17 0.44296875 0.6890625 0.03515625 0.08359375
17 0.371875 0.58359375 0.0265625 0.06640625
17 0.3703125 0.6734375 0.03125 0.07578125
18 0.49453125 0.603125 0.0328125 0.07578125
17 0.4296875 0.59296875 0.02890625 0.07109375
17 0.48125 0.79921875 0.04140625 0.07734375
17 0.34375 0.5828125 0.0265625 0.059375