19 0.44296875 0.621875 0.04453125 0.159375
19 0.39453125 0.63125 0.0484375 0.171875
19 0.48984375 0.6 0.04765625 0.171875
19 0.5328125 0.59296875 0.0359375 0.15
8 0.33671875 0.3515625 0.046875 0.20390625
18 0.59921875 0.57421875 0.02890625 0.134375
18 0.5671875 0.58203125 0.03203125 0.14375
5 0.66953125 0.92734375 0.021875 0.13359375
10 0.46328125 0.34921875 0.0359375 0.17890625
11 0.20078125 0.334375 0.08359375 0.26953125
10 0.49921875 0.34921875 0.034375 0.171875
8 0.63984375 0.33828125 0.03125 0.16015625
12 0.10078125 0.33359375 0.078125 0.28984375
17 0.69296875 0.53125 0.03125 0.1390625
16 0.4375 0.8578125 0.0421875 0.2265625
17 0.28515625 0.65859375 0.059375 0.19375
16 0.3890625 0.88125 0.0546875 0.2359375
8 0.6953125 0.3375 0.02734375 0.14921875
12 0.0296875 0.34296875 0.059375 0.28984375
17 0.3421875 0.64609375 0.0515625 0.18046875
4 0.59609375 0.95625 0.02734375 0.08671875
8 0.721875 0.3390625 0.02421875 0.14296875
10 0.5359375 0.340625 0.03828125 0.18046875
8 0.3828125 0.35 0.04296875 0.196875
8 0.425 0.34921875 0.03828125 0.18671875
16 0.509375 0.81953125 0.0328125 0.2078125
17 0.66328125 0.5390625 0.02734375 0.14765625
10 0.5734375 0.3390625 0.0359375 0.17578125
8 0.66875 0.3375 0.02578125 0.15546875
16 0.30078125 0.90234375 0.0609375 0.19375
4 0.6453125 0.9375 0.025 0.12421875
4 0.621875 0.946875 0.02265625 0.10546875
8 0.28203125 0.35234375 0.05703125 0.21328125
16 0.54609375 0.8015625 0.0375 0.203125
5 0.690625 0.9125 0.0203125 0.13046875
10 0.60859375 0.33828125 0.03125 0.17109375
5 0.71328125 0.89609375 0.0234375 0.1328125
2 0.7453125 0.3453125 0.021875 0.125
4 0.5640625 0.965625 0.03515625 0.06796875
17 0.63203125 0.5578125 0.03515625 0.140625
1 0.78203125 0.3453125 0.01875 0.11796875
16 0.65703125 0.74296875 0.0265625 0.17578125
2 0.7640625 0.3453125 0.01484375 0.12109375
2 0.82890625 0.34296875 0.01484375 0.1125
16 0.63046875 0.75546875 0.0265625 0.17734375
3 0.51796875 0.98046875 0.03515625 0.03828125
0 0.8 0.3453125 0.015625 0.1140625
0 0.81484375 0.34453125 0.0140625 0.1125
1 0.88515625 0.3421875 0.01484375 0.1046875
16 0.578125 0.7859375 0.0265625 0.196875
2 0.846875 0.340625 0.01875 0.11484375
16 0.69375 0.71875 0.0328125 0.153125
16 0.47578125 0.83671875 0.03515625 0.21875
18 0.72734375 0.52265625 0.03359375 0.1390625
16 0.60390625 0.77109375 0.025 0.190625
0 0.8671875 0.34140625 0.01796875 0.109375
4 0.79765625 0.6609375 0.015625 0.1359375
16 0.725 0.7078125 0.02890625 0.153125
4 0.7828125 0.66796875 0.0140625 0.1375
1 0.89453125 0.34296875 0.01328125 0.10234375