17 0.63359375 0.46328125 0.05625 0.09609375
18 0.48203125 0.34296875 0.0515625 0.09921875
17 0.6421875 0.3515625 0.05 0.08984375
17 0.6921875 0.353125 0.04765625 0.09140625
1 0.57109375 0.58125 0.04140625 0.10078125
18 0.42890625 0.340625 0.05 0.09921875
17 0.321875 0.3421875 0.0515625 0.09453125
18 0.27734375 0.465625 0.0578125 0.08203125
17 0.59140625 0.35078125 0.04765625 0.09140625
7 0.7984375 0.58203125 0.0515625 0.09765625
2 0.7046875 0.58203125 0.04140625 0.09921875
17 0.57578125 0.46171875 0.05625 0.09609375
17 0.21328125 0.3359375 0.05390625 0.10234375
18 0.37578125 0.34140625 0.05 0.09609375
1 0.615625 0.5828125 0.04375 0.10078125
10 0.48125 0.584375 0.0390625 0.10546875
2 0.66171875 0.5828125 0.04375 0.10078125
18 0.7421875 0.3546875 0.04765625 0.08828125
8 0.58203125 0.2171875 0.04765625 0.12421875
10 0.2890625 0.20546875 0.0453125 0.12734375
19 0.15703125 0.33359375 0.0515625 0.10390625
2 0.70078125 0.221875 0.04375 0.12421875
18 0.7921875 0.35625 0.04765625 0.08828125
8 0.3875 0.20703125 0.04765625 0.13046875
18 0.840625 0.35703125 0.04765625 0.08671875
2 0.74921875 0.2234375 0.05 0.12578125
18 0.39921875 0.4671875 0.05625 0.08203125
2 0.65234375 0.21953125 0.04765625 0.12578125
8 0.4359375 0.20859375 0.0453125 0.13203125
10 0.4375 0.5828125 0.04140625 0.10390625
8 0.34453125 0.58125 0.0453125 0.10390625
17 0.26953125 0.33828125 0.0515625 0.09921875
8 0.1984375 0.58125 0.0453125 0.10390625
18 0.15 0.45546875 0.0640625 0.10078125
1 0.84296875 0.2296875 0.04140625 0.11796875
18 0.4578125 0.46796875 0.05390625 0.08046875
10 0.33828125 0.20546875 0.0453125 0.12890625
10 0.2390625 0.209375 0.0453125 0.11796875
8 0.3921875 0.58125 0.0453125 0.10234375
17 0.803125 0.46484375 0.0578125 0.09296875
8 0.24609375 0.58125 0.0453125 0.10390625
10 0.140625 0.2046875 0.04765625 0.12109375
8 0.484375 0.21015625 0.0453125 0.13203125
19 0.53828125 0.3484375 0.0515625 0.09296875
18 0.33828125 0.46640625 0.05625 0.08359375
10 0.190625 0.2078125 0.04765625 0.11796875
8 0.2953125 0.58203125 0.04765625 0.10390625
10 0.0890625 0.2 0.05 0.13046875
0 0.74921875 0.58125 0.04140625 0.09765625
8 0.53203125 0.21328125 0.0453125 0.13046875
18 0.21640625 0.46015625 0.0578125 0.08984375
1 0.52578125 0.58203125 0.0453125 0.10234375
1 0.7984375 0.22734375 0.04375 0.12109375
0 0.8875 0.23203125 0.04375 0.11796875
19 0.10078125 0.3328125 0.05390625 0.10546875
8 0.146875 0.58125 0.05 0.10546875
22 0.23984375 0.7078125 0.0453125 0.08203125
17 0.51796875 0.46171875 0.05625 0.09453125
17 0.7484375 0.46484375 0.0453125 0.09140625
22 0.28984375 0.7078125 0.0453125 0.08203125
16 0.55390625 0.7125 0.03515625 0.06953125
16 0.42421875 0.70703125 0.04140625 0.08203125
7 0.853125 0.58203125 0.0515625 0.09296875
17 0.840625 0.7015625 0.04140625 0.07890625
16 0.5890625 0.71171875 0.0328125 0.06796875
17 0.88203125 0.70078125 0.0390625 0.07734375
22 0.190625 0.7109375 0.05 0.08515625