7 0.26015625 0.6515625 0.06171875 0.2484375
2 0.365625 0.6 0.046875 0.21796875
2 0.31640625 0.62734375 0.05 0.2328125
3 0.13828125 0.69921875 0.0703125 0.30078125
8 0.73984375 0.39921875 0.01640625 0.13203125
3 0.19921875 0.6703125 0.06171875 0.2859375
2 0.40859375 0.578125 0.03984375 0.21328125
3 0.07578125 0.7328125 0.0734375 0.31640625
3 0.02421875 0.76953125 0.04765625 0.32421875
2 0.4484375 0.5578125 0.03828125 0.20234375
8 0.72265625 0.4078125 0.015625 0.13984375
8 0.70625 0.415625 0.01640625 0.14375
9 0.66484375 0.43359375 0.021875 0.14921875
8 0.790625 0.378125 0.01171875 0.11015625
2 0.484375 0.53515625 0.03203125 0.19375
1 0.56484375 0.49921875 0.0234375 0.15546875
10 0.615625 0.46875 0.0234375 0.17421875
10 0.77890625 0.38671875 0.01171875 0.1125
1 0.58984375 0.4875 0.02421875 0.1515625
10 0.75625 0.396875 0.0125 0.12265625
10 0.76796875 0.39140625 0.0109375 0.11640625
10 0.64140625 0.4484375 0.02421875 0.1609375
9 0.6859375 0.42421875 0.0203125 0.14765625
8 0.80234375 0.37421875 0.01171875 0.1046875
7 0.51484375 0.528125 0.02734375 0.1703125
8 0.8140625 0.3703125 0.0109375 0.09921875
0 0.540625 0.51328125 0.0234375 0.16328125
18 0.86015625 0.52109375 0.02578125 0.1046875
11 0.28203125 0.18984375 0.0734375 0.31484375