17 0.57109375 0.4578125 0.04765625 0.08203125
17 0.521875 0.45703125 0.04765625 0.08203125
8 0.621875 0.303125 0.0515625 0.10546875
17 0.471875 0.4578125 0.04765625 0.08203125
17 0.5484375 0.16875 0.06640625 0.11484375
17 0.42265625 0.4578125 0.04765625 0.08203125
17 0.46875 0.3125 0.04765625 0.08828125
8 0.709375 0.4453125 0.04375 0.10703125
8 0.8078125 0.16875 0.05625 0.11171875
18 0.5671875 0.3109375 0.04765625 0.09296875
17 0.41953125 0.31328125 0.04765625 0.08828125
17 0.61875 0.16796875 0.06640625 0.11484375
8 0.8640625 0.1703125 0.05390625 0.10859375
8 0.66328125 0.4453125 0.04375 0.10546875
18 0.51796875 0.3125 0.0453125 0.08984375
8 0.83828125 0.29921875 0.0515625 0.11015625
8 0.73046875 0.30078125 0.0515625 0.10859375
8 0.61875 0.44609375 0.04140625 0.10546875
8 0.75546875 0.44453125 0.0453125 0.11015625
16 0.36875 0.74453125 0.04375 0.13984375
8 0.784375 0.3 0.05 0.10859375
8 0.68515625 0.16875 0.06015625 0.11328125
8 0.67578125 0.3015625 0.0515625 0.10859375
16 0.23515625 0.74609375 0.04375 0.13984375
8 0.74765625 0.16875 0.0578125 0.11484375
17 0.478125 0.1734375 0.06640625 0.10859375
16 0.23359375 0.58203125 0.0453125 0.13359375
8 0.89453125 0.30078125 0.05390625 0.11015625
10 0.89140625 0.4453125 0.04140625 0.10859375
10 0.846875 0.44453125 0.04140625 0.11015625
10 0.80234375 0.44453125 0.04375 0.11171875
16 0.28046875 0.74609375 0.04375 0.13515625
16 0.325 0.74453125 0.04140625 0.13828125
12 0.99140625 0.53359375 0.01640625 0.13203125
16 0.459375 0.7453125 0.04375 0.14140625
16 0.41328125 0.7453125 0.04375 0.13828125
22 0.3609375 0.18046875 0.05390625 0.09765625
22 0.32890625 0.45390625 0.04375 0.08828125
16 0.278125 0.58359375 0.04140625 0.13203125
22 0.32734375 0.315625 0.04375 0.08515625
22 0.4171875 0.18046875 0.0515625 0.09453125
22 0.375 0.45390625 0.04375 0.08828125
22 0.37265625 0.31484375 0.04375 0.08515625
16 0.45625 0.58515625 0.04140625 0.13203125
16 0.321875 0.5828125 0.04140625 0.13359375
16 0.50078125 0.584375 0.04375 0.13515625
22 0.28046875 0.315625 0.0453125 0.08671875
22 0.284375 0.4546875 0.04375 0.08828125
14 0.6390625 0.5859375 0.04375 0.13515625
16 0.1875 0.58046875 0.04375 0.12734375
16 0.41171875 0.58515625 0.04375 0.13203125