13 0.42265625 0.79140625 0.0421875 0.16640625
8 0.47109375 0.3828125 0.02734375 0.14921875
10 0.146875 0.36875 0.0515625 0.2046875
11 0.17109375 0.63203125 0.0671875 0.2328125
0 0.53359375 0.56484375 0.02734375 0.14609375
10 0.24921875 0.371875 0.04765625 0.1921875
3 0.59609375 0.7140625 0.01796875 0.134375
7 0.65390625 0.5375 0.0203125 0.12421875
10 0.34296875 0.6078125 0.04609375 0.1875
11 0.234375 0.62578125 0.05625 0.2203125
10 0.29453125 0.3734375 0.03984375 0.18359375
10 0.33515625 0.3765625 0.03828125 0.17421875
8 0.49921875 0.384375 0.02578125 0.14296875
0 0.4328125 0.5984375 0.03828125 0.15390625
10 0.2921875 0.61796875 0.05078125 0.1984375
8 0.525 0.3859375 0.02421875 0.1375
10 0.390625 0.6046875 0.0421875 0.16484375
2 0.6515625 0.38828125 0.01875 0.11484375
0 0.46953125 0.5796875 0.0328125 0.16484375
8 0.40703125 0.3796875 0.0328125 0.16015625
10 0.3734375 0.378125 0.03359375 0.16796875
0 0.503125 0.57109375 0.03203125 0.153125
10 0.19921875 0.3703125 0.04765625 0.1984375
8 0.440625 0.38125 0.03203125 0.15390625
2 0.61171875 0.5484375 0.02265625 0.13359375
1 0.5625 0.559375 0.028125 0.14296875
2 0.63359375 0.5421875 0.01953125 0.128125
1 0.5953125 0.38828125 0.01953125 0.121875
2 0.6328125 0.38828125 0.0171875 0.11796875
1 0.58828125 0.5546875 0.02265625 0.1390625
17 0.74296875 0.51484375 0.01953125 0.10859375
0 0.5734375 0.390625 0.02265625 0.12109375
18 0.7234375 0.51953125 0.01796875 0.1140625
3 0.57578125 0.721875 0.02109375 0.1390625
0 0.55 0.390625 0.02265625 0.125
17 0.76328125 0.51171875 0.01953125 0.10546875
18 0.7015625 0.5234375 0.02421875 0.11796875
18 0.715625 0.390625 0.01875 0.09921875
18 0.77890625 0.3984375 0.01328125 0.07890625
17 0.73671875 0.3921875 0.0203125 0.09609375
1 0.61484375 0.38828125 0.01796875 0.1203125
4 0.615625 0.7046875 0.01953125 0.1296875
18 0.69765625 0.38984375 0.01640625 0.1046875
18 0.6765625 0.528125 0.02265625 0.121875
17 0.7640625 0.3953125 0.01484375 0.0859375
18 0.67578125 0.3875 0.025 0.1109375
13 0.49921875 0.76015625 0.03125 0.15625
3 0.55546875 0.73203125 0.01796875 0.1375
13 0.4640625 0.7734375 0.0359375 0.16015625
17 0.79140625 0.40078125 0.009375 0.07265625
16 0.67421875 0.66953125 0.02578125 0.1125
17 0.80234375 0.403125 0.01171875 0.06640625
17 0.8125 0.40390625 0.00859375 0.0640625
4 0.63515625 0.6953125 0.01796875 0.125
13 0.38125 0.8125 0.03671875 0.1421875
13 0.53046875 0.74609375 0.028125 0.1375