10 0.31953125 0.46015625 0.0703125 0.18046875
8 0.4328125 0.21953125 0.04765625 0.14765625
8 0.38828125 0.4578125 0.0625 0.16640625
10 0.1421875 0.46328125 0.09765625 0.2125
10 0.3828125 0.20625 0.05 0.15234375
10 0.2390625 0.4609375 0.08515625 0.1953125
10 0.2609375 0.1765625 0.0703125 0.17578125
8 0.521875 0.240625 0.04375 0.13359375
10 0.18671875 0.1625 0.07265625 0.18046875
2 0.69765625 0.446875 0.0265625 0.11015625
5 0.61796875 0.809375 0.02890625 0.13671875
8 0.50234375 0.45390625 0.04765625 0.14609375
5 0.509375 0.86171875 0.05 0.15859375
8 0.4484375 0.4546875 0.05625 0.15546875
10 0.328125 0.18984375 0.05625 0.16484375
8 0.5484375 0.45234375 0.04375 0.13671875
8 0.478125 0.23125 0.04140625 0.13671875
10 0.1015625 0.14921875 0.0828125 0.1890625
5 0.5859375 0.82734375 0.0328125 0.14453125
5 0.5515625 0.84296875 0.03125 0.14765625
0 0.63359375 0.44921875 0.0375 0.12109375
0 0.59296875 0.45 0.04140625 0.12734375
2 0.7234375 0.44609375 0.02265625 0.10390625
5 0.4484375 0.88671875 0.06015625 0.16328125
4 0.646875 0.79375 0.0265625 0.13359375
0 0.66875 0.4484375 0.02890625 0.11484375
1 0.74765625 0.4453125 0.02109375 0.09921875
4 0.67109375 0.78125 0.02109375 0.12734375
3 0.73515625 0.7390625 0.01875 0.11796875
3 0.75703125 0.72734375 0.02265625 0.11328125
8 0.559375 0.2515625 0.02890625 0.11953125
3 0.715625 0.7515625 0.02265625 0.12578125
4 0.6921875 0.76640625 0.02109375 0.12265625
1 0.7703125 0.44453125 0.02265625 0.09765625
2 0.68046875 0.28203125 0.025 0.09609375
3 0.77734375 0.721875 0.01875 0.10390625
0 0.59296875 0.2609375 0.0375 0.11328125
0 0.62734375 0.2703125 0.0265625 0.10390625