14 0.92578125 0.55859375 0.05 0.153125
10 0.69375 0.53359375 0.03515625 0.15546875
10 0.73203125 0.534375 0.03828125 0.1625
8 0.46953125 0.51640625 0.02578125 0.1359375
8 0.59375 0.528125 0.02890625 0.13984375
10 0.36875 0.5078125 0.0234375 0.1171875
8 0.5328125 0.51953125 0.03203125 0.14375
10 0.39296875 0.50859375 0.02421875 0.1203125
8 0.5 0.51875 0.03125 0.140625
8 0.5640625 0.5265625 0.02890625 0.13671875
10 0.6578125 0.53203125 0.03359375 0.15078125
8 0.44140625 0.51484375 0.02734375 0.1328125
14 0.9765625 0.559375 0.046875 0.15546875
14 0.8203125 0.55078125 0.04765625 0.15234375
10 0.625 0.5296875 0.03046875 0.1453125
14 0.87265625 0.55390625 0.05078125 0.15
8 0.4171875 0.51171875 0.0203125 0.1265625
6 0.26796875 0.36875 0.0171875 0.121875
10 0.3453125 0.50859375 0.0203125 0.1140625
10 0.3046875 0.51015625 0.01953125 0.10625
10 0.2875 0.51015625 0.01328125 0.1046875
10 0.325 0.51015625 0.01953125 0.109375
14 0.7734375 0.5484375 0.0421875 0.14375
6 0.28671875 0.36484375 0.01796875 0.1265625
6 0.2484375 0.3734375 0.0203125 0.11875
10 0.26953125 0.51171875 0.021875 0.09921875
18 0.2296875 0.50703125 0.0171875 0.1015625
6 0.18671875 0.3859375 0.02109375 0.1046875
18 0.21171875 0.50625 0.0171875 0.09921875
18 0.2484375 0.50859375 0.01796875 0.10078125
6 0.16328125 0.3890625 0.01328125 0.10078125
6 0.14921875 0.3921875 0.01328125 0.0984375