3 0.3609375 0.66015625 0.04375 0.11015625
3 0.4046875 0.65703125 0.04140625 0.10703125
3 0.16484375 0.67734375 0.05390625 0.12109375
10 0.3046875 0.35390625 0.05625 0.13515625
8 0.23671875 0.35 0.06796875 0.14140625
3 0.2171875 0.6734375 0.04765625 0.11953125
3 0.2671875 0.6703125 0.04765625 0.11640625
17 0.4390625 0.5125 0.05625 0.11328125
17 0.37890625 0.515625 0.0578125 0.11484375
16 0.41328125 0.78203125 0.0390625 0.09609375
13 0.146875 0.16484375 0.0828125 0.16328125
10 0.390625 0.19609375 0.0453125 0.12265625
17 0.321875 0.5265625 0.05 0.09921875
3 0.315625 0.6640625 0.04375 0.11328125
4 0.77421875 0.6171875 0.0375 0.09296875
8 0.52109375 0.35859375 0.04765625 0.12265625
8 0.528125 0.20703125 0.04375 0.11796875
17 0.15390625 0.53984375 0.0578125 0.09296875
10 0.43671875 0.19921875 0.04375 0.12109375
10 0.36328125 0.35546875 0.05390625 0.13203125
10 0.340625 0.19140625 0.04765625 0.12578125
8 0.57109375 0.3609375 0.04765625 0.11953125
1 0.7875 0.36640625 0.03125 0.10546875
8 0.16171875 0.34765625 0.07421875 0.14765625
10 0.4703125 0.3578125 0.04765625 0.12421875
8 0.48203125 0.20390625 0.04375 0.11796875
17 0.2125 0.5375 0.0515625 0.09296875
2 0.82578125 0.36796875 0.0390625 0.10390625
10 0.41796875 0.3578125 0.04765625 0.12578125
5 0.48828125 0.6484375 0.03515625 0.10390625
8 0.6203125 0.36171875 0.04375 0.11640625
16 0.453125 0.7765625 0.0375 0.09453125
24 0.771875 0.50078125 0.0375 0.09453125
17 0.26796875 0.52890625 0.0515625 0.10234375
3 0.4484375 0.653125 0.04140625 0.10546875
8 0.57109375 0.21171875 0.04140625 0.11328125
8 0.665625 0.36328125 0.04140625 0.11328125
5 0.5265625 0.6453125 0.0375 0.10234375
1 0.71015625 0.3640625 0.04375 0.11171875
10 0.28984375 0.18671875 0.04765625 0.12890625
16 0.49140625 0.7703125 0.03515625 0.09296875
5 0.56484375 0.64140625 0.03515625 0.09921875
1 0.75234375 0.365625 0.0375 0.10859375
4 0.73671875 0.621875 0.03125 0.09296875
4 0.7046875 0.62578125 0.03125 0.09453125
0 0.65 0.21796875 0.0375 0.11015625
0 0.61171875 0.21484375 0.0375 0.11171875
24 0.73203125 0.503125 0.0390625 0.09609375
16 0.371875 0.7875 0.0390625 0.09609375
0 0.6921875 0.2203125 0.04140625 0.11015625
5 0.671875 0.62890625 0.03125 0.09609375
5 0.6015625 0.6375 0.0328125 0.09921875
16 0.184375 0.8125 0.0453125 0.09921875
13 0.228125 0.17421875 0.06796875 0.15234375
16 0.64609375 0.50625 0.0390625 0.09765625