0 0.33125 0.26796875 0.06015625 0.15546875
4 0.38828125 0.82109375 0.04375 0.13203125
18 0.40859375 0.64609375 0.0625 0.13203125
18 0.25703125 0.6875 0.08515625 0.15078125
8 0.57734375 0.29453125 0.03515625 0.11171875
4 0.340625 0.84140625 0.04765625 0.13359375
0 0.53828125 0.45390625 0.0453125 0.13828125
1 0.48828125 0.46015625 0.05 0.14765625
10 0.646875 0.3 0.02890625 0.09921875
17 0.5734375 0.596875 0.04375 0.11171875
0 0.3921875 0.27578125 0.05625 0.14296875
18 0.33828125 0.66484375 0.0703125 0.14296875
17 0.525 0.6125 0.04765625 0.11953125
2 0.3 0.47890625 0.07421875 0.17734375
1 0.43359375 0.465625 0.05625 0.15390625
8 0.49453125 0.2859375 0.0453125 0.12734375
0 0.5828125 0.45 0.04140625 0.13203125
2 0.21875 0.48671875 0.08515625 0.1875
8 0.53828125 0.28984375 0.0390625 0.11953125
18 0.47109375 0.62890625 0.05390625 0.12578125
0 0.2640625 0.2625 0.06796875 0.16484375
4 0.4328125 0.80703125 0.04140625 0.11796875
10 0.6953125 0.43828125 0.02890625 0.11015625
8 0.6140625 0.29765625 0.03515625 0.10546875
8 0.44609375 0.28125 0.05 0.13515625
4 0.471875 0.78984375 0.03515625 0.11484375
1 0.371875 0.471875 0.0640625 0.16328125
10 0.66171875 0.44375 0.0328125 0.11484375
17 0.61796875 0.5859375 0.0390625 0.10546875
3 0.459375 0.94453125 0.0390625 0.11015625
4 0.284375 0.86484375 0.0625 0.13515625
10 0.62421875 0.4453125 0.03515625 0.12421875
0 0.184375 0.25390625 0.08515625 0.17890625
10 0.70625 0.3015625 0.03125 0.10078125
8 0.7515625 0.43203125 0.0265625 0.10390625
8 0.778125 0.4296875 0.02265625 0.09921875
10 0.675 0.30234375 0.0265625 0.09765625
10 0.725 0.4359375 0.025 0.10703125
3 0.37265625 0.96640625 0.04375 0.06640625
3 0.4171875 0.9546875 0.04140625 0.08984375
4 0.51015625 0.76875 0.03515625 0.12421875
8 0.80234375 0.42734375 0.02109375 0.09609375
10 0.73515625 0.30390625 0.025 0.09765625
3 0.325 0.97734375 0.0515625 0.0453125
4 0.5453125 0.753125 0.03125 0.12109375
4 0.57734375 0.73828125 0.02890625 0.11484375
17 0.65703125 0.57578125 0.03515625 0.10078125
8 0.82578125 0.425 0.02265625 0.09296875
4 0.2671875 0.9890625 0.0640625 0.021875
17 0.2578125 0.0765625 0.08671875 0.11484375
3 0.49921875 0.92734375 0.03515625 0.11484375