8 0.41796875 0.20859375 0.05625 0.15703125
4 0.35390625 0.803125 0.05 0.12890625
4 0.52265625 0.72578125 0.03515625 0.11328125
8 0.609375 0.22265625 0.0390625 0.12578125
8 0.5234375 0.215625 0.0453125 0.13984375
8 0.47421875 0.2125 0.0515625 0.14765625
18 0.3375 0.6296875 0.07265625 0.14296875
10 0.66796875 0.3859375 0.0375 0.12890625
1 0.35390625 0.425 0.0703125 0.17890625
18 0.40859375 0.6078125 0.0640625 0.13515625
3 0.34921875 0.95703125 0.05390625 0.08515625
18 0.25234375 0.6546875 0.09140625 0.15234375
0 0.35625 0.20234375 0.06640625 0.16953125
0 0.2859375 0.196875 0.0703125 0.18203125
0 0.58203125 0.396875 0.0453125 0.14296875
8 0.5671875 0.22109375 0.0390625 0.13203125
17 0.5796875 0.553125 0.0453125 0.11640625
2 0.18203125 0.446875 0.10546875 0.20625
8 0.76484375 0.37265625 0.0265625 0.11328125
10 0.71328125 0.22734375 0.0328125 0.11640625
0 0.20703125 0.19140625 0.07890625 0.1921875
0 0.534375 0.40234375 0.05 0.15234375
10 0.646875 0.2265625 0.03125 0.11640625
3 0.39609375 0.94296875 0.04375 0.11015625
10 0.7046875 0.38125 0.03125 0.12421875
2 0.2765625 0.43515625 0.0828125 0.190625
8 0.7953125 0.36875 0.025 0.10703125
17 0.6265625 0.53984375 0.04140625 0.11015625
3 0.43984375 0.9203125 0.04140625 0.11015625
4 0.5578125 0.7078125 0.03125 0.11484375
1 0.48046875 0.41171875 0.05625 0.16015625
18 0.471875 0.5875 0.05625 0.12890625
4 0.4453125 0.76484375 0.04140625 0.11328125
17 0.52890625 0.56953125 0.05 0.12265625
4 0.4015625 0.78125 0.0453125 0.12421875
4 0.296875 0.825 0.06640625 0.12890625
1 0.4203125 0.4171875 0.0625 0.16953125
10 0.7359375 0.37734375 0.0265625 0.11796875
4 0.484375 0.746875 0.0375 0.11015625
0 0.11484375 0.1875 0.09921875 0.203125
10 0.67890625 0.228125 0.02890625 0.11328125
10 0.62734375 0.390625 0.0390625 0.13515625
8 0.81953125 0.365625 0.02265625 0.10390625
3 0.48046875 0.9 0.0390625 0.11171875
10 0.74453125 0.22890625 0.0265625 0.11171875
4 0.58984375 0.69296875 0.02890625 0.11171875
8 0.84609375 0.3625 0.02265625 0.10078125
3 0.55390625 0.85859375 0.0328125 0.10703125
3 0.51875 0.87890625 0.03515625 0.11171875
4 0.61875 0.68203125 0.0265625 0.10234375
17 0.66875 0.5265625 0.0375 0.10390625
17 0.775 0.234375 0.03125 0.09921875
3 0.58671875 0.8375 0.02890625 0.10703125