7 0.825 0.58828125 0.05625 0.10703125
17 0.82109375 0.45859375 0.0640625 0.10234375
18 0.4671875 0.33515625 0.05390625 0.10234375
17 0.57265625 0.4578125 0.06015625 0.10546875
17 0.6890625 0.340625 0.0515625 0.09453125
1 0.62421875 0.58984375 0.0453125 0.11171875
8 0.5625 0.20234375 0.05 0.12734375
2 0.7203125 0.5890625 0.0453125 0.11015625
1 0.84296875 0.20625 0.04375 0.12265625
2 0.74140625 0.20390625 0.0515625 0.12734375
1 0.57578125 0.58984375 0.0453125 0.11015625
19 0.0796875 0.33359375 0.05390625 0.10703125
17 0.6359375 0.45859375 0.06015625 0.10546875
18 0.85234375 0.340625 0.0515625 0.09453125
18 0.4109375 0.33515625 0.0515625 0.10234375
18 0.446875 0.46640625 0.05625 0.08984375
18 0.74296875 0.340625 0.0515625 0.09453125
8 0.41171875 0.19765625 0.04765625 0.13359375
17 0.19140625 0.334375 0.05390625 0.10546875
2 0.67265625 0.58984375 0.0453125 0.11171875
17 0.58046875 0.33984375 0.0515625 0.09609375
17 0.51015625 0.45859375 0.0578125 0.10546875
18 0.796875 0.34140625 0.0515625 0.09453125
10 0.31328125 0.2 0.04765625 0.12734375
17 0.634375 0.33984375 0.0515625 0.09609375
0 0.7703125 0.58828125 0.04765625 0.10859375
8 0.384375 0.590625 0.04765625 0.11171875
18 0.26015625 0.46796875 0.0578125 0.08671875
18 0.35625 0.33671875 0.0515625 0.09921875
8 0.2328125 0.590625 0.0453125 0.11171875
1 0.7953125 0.20546875 0.05 0.12421875
8 0.18359375 0.590625 0.04765625 0.11015625
1 0.528125 0.590625 0.04765625 0.11171875
2 0.6375 0.2015625 0.05 0.12890625
2 0.68828125 0.20390625 0.04765625 0.12578125
8 0.5125 0.2 0.04765625 0.12890625
8 0.2828125 0.59140625 0.04765625 0.11171875
8 0.3625 0.1984375 0.04765625 0.13046875
10 0.2640625 0.2015625 0.04765625 0.12578125
10 0.16640625 0.20625 0.0453125 0.11796875
8 0.46171875 0.1984375 0.04765625 0.13359375
10 0.215625 0.20625 0.0453125 0.11796875
0 0.890625 0.20703125 0.05 0.12265625
8 0.33359375 0.590625 0.05 0.11171875
18 0.1328125 0.459375 0.0640625 0.10390625
19 0.1359375 0.33359375 0.0515625 0.10546875
8 0.13125 0.5921875 0.0515625 0.11015625
10 0.0671875 0.20234375 0.04765625 0.12890625
18 0.3859375 0.4671875 0.0578125 0.08828125
17 0.3015625 0.3390625 0.0515625 0.09609375
10 0.43203125 0.5921875 0.0453125 0.11171875
10 0.47890625 0.59296875 0.04375 0.11484375
18 0.19765625 0.4640625 0.06015625 0.09453125
17 0.24609375 0.33671875 0.0515625 0.10078125
10 0.11796875 0.20546875 0.0453125 0.12109375
19 0.525 0.33984375 0.05390625 0.09609375
18 0.321875 0.46796875 0.0578125 0.08828125
17 0.7609375 0.45859375 0.05 0.10234375
24 0.83515625 0.72421875 0.04375 0.08828125
22 0.23203125 0.72890625 0.04765625 0.08984375
16 0.56328125 0.73515625 0.0390625 0.07734375
22 0.2828125 0.7296875 0.04765625 0.08671875
24 0.88125 0.72421875 0.04375 0.08828125
16 0.60234375 0.734375 0.03515625 0.07734375
17 0.92734375 0.72265625 0.0453125 0.08671875
16 0.63671875 0.7296875 0.03125 0.07578125
6 0.8875 0.58828125 0.0578125 0.10390625