10 0.0796875 0.33671875 0.05546875 0.2140625
13 0.384375 0.796875 0.04921875 0.17734375
10 0.24140625 0.34453125 0.04609375 0.19375
11 0.10625 0.615625 0.06875 0.24609375
10 0.29453125 0.59921875 0.05390625 0.20078125
10 0.28828125 0.3484375 0.04375 0.18671875
10 0.23671875 0.60703125 0.05625 0.2109375
10 0.18984375 0.33984375 0.0515625 0.20703125
2 0.6234375 0.5390625 0.02265625 0.1375
2 0.62421875 0.375 0.01953125 0.12734375
8 0.3703125 0.35390625 0.03671875 0.17109375
8 0.44140625 0.36015625 0.03125 0.15859375
0 0.5109375 0.5609375 0.03125 0.15703125
8 0.4078125 0.3578125 0.03515625 0.1625
1 0.58125 0.371875 0.021875 0.13046875
11 0.1734375 0.6109375 0.0609375 0.23671875
2 0.5984375 0.54453125 0.025 0.1421875
8 0.503125 0.36875 0.02734375 0.14296875
10 0.1359375 0.33828125 0.05234375 0.2109375
1 0.54296875 0.5546875 0.03125 0.15390625
1 0.571875 0.55 0.0265625 0.14921875
2 0.6453125 0.375 0.021875 0.12421875
18 0.725 0.51953125 0.02109375 0.121875
10 0.34921875 0.6 0.046875 0.16796875
8 0.4734375 0.3625 0.0296875 0.153125
10 0.33125 0.35078125 0.03828125 0.18046875
0 0.4375 0.57265625 0.0375 0.17421875
1 0.60390625 0.3734375 0.02109375 0.13125
0 0.47578125 0.565625 0.03671875 0.16640625
7 0.64609375 0.534375 0.02265625 0.13359375
0 0.39609375 0.59296875 0.04296875 0.16640625
17 0.746875 0.51640625 0.02109375 0.1171875
18 0.7 0.521875 0.02734375 0.1265625
0 0.53046875 0.37421875 0.02578125 0.128125
17 0.76875 0.51171875 0.021875 0.1125
18 0.7875 0.39140625 0.0140625 0.0828125
0 0.55703125 0.375 0.02578125 0.12734375
3 0.5796875 0.7203125 0.0203125 0.14375
3 0.55625 0.72890625 0.02421875 0.14765625
17 0.77265625 0.3890625 0.015625 0.08828125
13 0.47109375 0.76640625 0.0359375 0.16640625
17 0.75703125 0.3859375 0.01328125 0.09453125
18 0.7171875 0.38203125 0.02109375 0.1046875
18 0.671875 0.5265625 0.0265625 0.1296875
17 0.8125 0.3984375 0.01171875 0.06796875
17 0.740625 0.3828125 0.021875 0.10078125
18 0.696875 0.38046875 0.01953125 0.10859375
13 0.43203125 0.7796875 0.0390625 0.17265625
13 0.50625 0.75546875 0.03203125 0.14375
4 0.62421875 0.7015625 0.0203125 0.1359375
17 0.8015625 0.3953125 0.01171875 0.0734375
4 0.6015625 0.7109375 0.021875 0.1375
18 0.67265625 0.37734375 0.028125 0.1171875
16 0.66796875 0.67734375 0.0296875 0.121875
17 0.834375 0.3984375 0.00859375 0.06484375
17 0.82578125 0.39609375 0.01171875 0.07421875
21 0.790625 0.509375 0.0203125 0.10234375
21 0.809375 0.5078125 0.015625 0.09609375
21 0.83046875 0.51015625 0.01328125 0.0765625