19 0.45625 0.61875 0.04140625 0.153125
16 0.31953125 0.89765625 0.059375 0.2046875
18 0.5734375 0.58203125 0.03046875 0.1375
8 0.3609375 0.35546875 0.04453125 0.1953125
19 0.4109375 0.62578125 0.04609375 0.16796875
19 0.54140625 0.58984375 0.0328125 0.14609375
8 0.44296875 0.35546875 0.03671875 0.18046875
4 0.6203125 0.940625 0.02109375 0.11796875
11 0.23046875 0.33671875 0.08046875 0.26171875
19 0.50078125 0.59609375 0.04453125 0.16875
8 0.6453125 0.34609375 0.02890625 0.15703125
8 0.40390625 0.35546875 0.040625 0.1890625
4 0.64296875 0.93046875 0.0234375 0.1328125
10 0.54765625 0.3484375 0.03671875 0.17578125
16 0.5515625 0.79140625 0.03515625 0.19375
4 0.59609375 0.9484375 0.02578125 0.10234375
12 0.05859375 0.34375 0.071875 0.28359375
10 0.58359375 0.346875 0.03359375 0.16875
18 0.60390625 0.57421875 0.02734375 0.13046875
8 0.67265625 0.34765625 0.02421875 0.15
17 0.30859375 0.653125 0.05546875 0.184375
17 0.69296875 0.53359375 0.02890625 0.1328125
5 0.70625 0.884375 0.02109375 0.12734375
16 0.403125 0.86484375 0.0515625 0.2234375
8 0.30859375 0.35625 0.05703125 0.20703125
10 0.51171875 0.35546875 0.03125 0.16640625
5 0.6859375 0.89921875 0.01953125 0.1265625
10 0.61640625 0.346875 0.0296875 0.1625
17 0.36171875 0.640625 0.0484375 0.171875
8 0.72265625 0.3484375 0.021875 0.13671875
5 0.665625 0.915625 0.0203125 0.128125
8 0.6984375 0.34765625 0.025 0.14609375
16 0.4484375 0.84375 0.0390625 0.21875
16 0.65625 0.73671875 0.02421875 0.17109375
3 0.5234375 0.971875 0.03203125 0.05625
16 0.5171875 0.8078125 0.03046875 0.19765625
10 0.47890625 0.35625 0.03359375 0.171875
2 0.74453125 0.3546875 0.0203125 0.1234375
12 0.134375 0.33515625 0.0734375 0.2828125
2 0.8421875 0.3515625 0.01875 0.1109375
17 0.63515625 0.5609375 0.03203125 0.13046875
17 0.66484375 0.540625 0.0265625 0.14296875
1 0.7796875 0.3546875 0.01796875 0.1125
4 0.56484375 0.95859375 0.0359375 0.0828125
0 0.79609375 0.3546875 0.01484375 0.109375
16 0.63125 0.7484375 0.025 0.17265625
2 0.7625 0.35390625 0.01484375 0.11875
3 0.49453125 0.98359375 0.02265625 0.0328125
0 0.8109375 0.35390625 0.0140625 0.10859375
16 0.690625 0.7140625 0.0328125 0.1453125
16 0.48515625 0.82421875 0.03359375 0.209375
16 0.60625 0.7625 0.02421875 0.18046875
0 0.8609375 0.35234375 0.0171875 0.1078125
1 0.878125 0.353125 0.01484375 0.1015625
18 0.72578125 0.525 0.03203125 0.134375
1 0.8875 0.353125 0.0109375 0.1015625
2 0.825 0.35234375 0.0140625 0.1109375
16 0.58203125 0.775 0.02421875 0.18828125
3 0.47890625 0.9875 0.03046875 0.025
12 0.00859375 0.36953125 0.0171875 0.2484375
4 0.78984375 0.6609375 0.01484375 0.13125