2 0.725 0.46875 0.078125 0.178125
8 0.23828125 0.51328125 0.04296875 0.13359375
2 0.5859375 0.6796875 0.05859375 0.1703125
17 0.50390625 0.49296875 0.065625 0.153125
2 0.65078125 0.68125 0.06640625 0.17578125
8 0.2453125 0.66796875 0.040625 0.13203125
0 0.64609375 0.4765625 0.0703125 0.1703125
10 0.20390625 0.6671875 0.03828125 0.1296875
0 0.4203125 0.675 0.05 0.153125
1 0.81015625 0.68359375 0.08359375 0.18828125
8 0.371875 0.6734375 0.04453125 0.14609375
17 0.3875 0.52109375 0.046875 0.10859375
8 0.2859375 0.6703125 0.03828125 0.13515625
2 0.80546875 0.46328125 0.07421875 0.18515625
0 0.47109375 0.67578125 0.05078125 0.15703125
17 0.440625 0.51640625 0.0546875 0.1125
1 0.725 0.68203125 0.071875 0.18125
0 0.57421875 0.4828125 0.06953125 0.1625
0 0.52578125 0.67734375 0.0578125 0.1640625
8 0.28515625 0.51015625 0.046875 0.1359375
8 0.3265625 0.671875 0.0421875 0.13984375
17 0.3359375 0.52265625 0.05078125 0.1078125
10 0.1671875 0.66640625 0.0328125 0.12734375
10 0.18984375 0.515625 0.05078125 0.13046875
4 0.9640625 0.66640625 0.071875 0.1703125
2 0.0140625 0.53046875 0.028125 0.1390625