19 0.50234375 0.66015625 0.06796875 0.15234375
19 0.57421875 0.65859375 0.06953125 0.14609375
11 0.35234375 0.66171875 0.0703125 0.165625
17 0.37734375 0.49296875 0.05390625 0.1046875
10 0.21640625 0.2859375 0.06015625 0.1296875
4 0.40234375 0.86328125 0.0546875 0.19296875
17 0.4609375 0.33125 0.06015625 0.1140625
8 0.2703125 0.478125 0.05234375 0.12578125
6 0.7578125 0.51015625 0.046875 0.11171875
7 0.75390625 0.66171875 0.0390625 0.11953125
6 0.71015625 0.50703125 0.04453125 0.1125
8 0.33828125 0.3078125 0.05078125 0.12265625
17 0.39609375 0.32109375 0.06171875 0.1140625
6 0.66484375 0.503125 0.04453125 0.11484375
6 0.80625 0.51328125 0.04609375 0.11171875
11 0.2796875 0.66328125 0.06953125 0.1703125
4 0.33828125 0.86953125 0.06796875 0.19921875
17 0.43125 0.49765625 0.05078125 0.10390625
3 0.1171875 0.890625 0.075 0.21875
5 0.45703125 0.8578125 0.05 0.1875
11 0.20703125 0.6671875 0.0703125 0.171875
8 0.32265625 0.48203125 0.05078125 0.12265625
8 0.2796875 0.296875 0.06171875 0.128125
10 0.14765625 0.27578125 0.06953125 0.13515625
10 0.2140625 0.47421875 0.05390625 0.12578125
18 0.51796875 0.34296875 0.05 0.10859375
3 0.2625 0.87890625 0.06796875 0.20703125
18 0.48203125 0.503125 0.04296875 0.09765625
17 0.428125 0.6609375 0.07421875 0.15859375
5 0.50625 0.8515625 0.046875 0.18359375
10 0.15546875 0.47421875 0.0578125 0.1203125
6 0.61796875 0.49765625 0.04609375 0.12265625
1 0.8328125 0.66015625 0.03515625 0.11484375
5 0.553125 0.84609375 0.04296875 0.17421875
2 0.79375 0.66015625 0.040625 0.11640625
24 0.6296875 0.66640625 0.0390625 0.12265625
0 0.7140625 0.6609375 0.040625 0.12421875
18 0.528125 0.5046875 0.04453125 0.09609375
5 0.5984375 0.840625 0.046875 0.1703125
0 0.67109375 0.66171875 0.04296875 0.128125
17 0.5734375 0.49765625 0.040625 0.11484375
13 0.646875 0.83671875 0.0484375 0.1578125
13 0.703125 0.828125 0.04609375 0.15390625
13 0.7765625 0.81484375 0.040625 0.14140625
16 0.6125 0.9765625 0.0640625 0.046875
1 0.6796875 0.37421875 0.0296875 0.09296875
13 0.74140625 0.821875 0.0296875 0.146875
11 0.1296875 0.67109375 0.07734375 0.16875
16 0.6703125 0.971875 0.05078125 0.05625