2 0.5890625 0.55859375 0.05078125 0.128125
2 0.7703125 0.38984375 0.0625 0.1421875
1 0.77421875 0.5546875 0.06015625 0.1375
1 0.70546875 0.55625 0.0625 0.134375
8 0.3546875 0.56328125 0.040625 0.11484375
0 0.5765625 0.4046875 0.0578125 0.134375
0 0.4421875 0.56171875 0.04296875 0.121875
2 0.70234375 0.39453125 0.065625 0.14140625
0 0.6375 0.4 0.05859375 0.1375
8 0.30546875 0.428125 0.046875 0.11875
10 0.23203125 0.56484375 0.03828125 0.1109375
0 0.5375 0.56015625 0.0484375 0.1265625
8 0.2734375 0.5640625 0.040625 0.11171875
2 0.64296875 0.5578125 0.05390625 0.13125
8 0.25703125 0.43125 0.04453125 0.11796875
17 0.45546875 0.43359375 0.05 0.09296875
17 0.3546875 0.43984375 0.0484375 0.09140625
0 0.48828125 0.5609375 0.04609375 0.12421875
17 0.51328125 0.4125 0.06015625 0.128125
8 0.3140625 0.5640625 0.03828125 0.1125
10 0.19296875 0.565625 0.03828125 0.11015625
10 0.20546875 0.43359375 0.05234375 0.11640625
17 0.40625 0.43671875 0.046875 0.08984375
8 0.39765625 0.5625 0.0421875 0.11796875
5 0.5640625 0.9890625 0.08125 0.021875