12 0.1 0.79765625 0.05859375 0.15078125
11 0.21875 0.79609375 0.05234375 0.14296875
11 0.2703125 0.796875 0.0484375 0.1359375
2 0.740625 0.80234375 0.021875 0.08203125
12 0.1609375 0.796875 0.05625 0.146875
8 0.50234375 0.79921875 0.03515625 0.11015625
10 0.38984375 0.80546875 0.0328125 0.10703125
10 0.465625 0.80078125 0.03515625 0.11015625
0 0.8109375 0.79921875 0.02578125 0.084375
10 0.42734375 0.80234375 0.03828125 0.1109375
10 0.3546875 0.80625 0.03515625 0.10703125
10 0.3171875 0.80625 0.03828125 0.1078125
2 0.76328125 0.8015625 0.0234375 0.08203125
17 0.66171875 0.8 0.034375 0.09375
17 0.62734375 0.79921875 0.03125 0.096875
1 0.7859375 0.80078125 0.02109375 0.08203125
1 0.875 0.79765625 0.01953125 0.08046875
1 0.85390625 0.79765625 0.01796875 0.08046875
17 0.69296875 0.803125 0.02578125 0.0859375
17 0.54375 0.796875 0.04609375 0.11015625
0 0.83359375 0.79765625 0.02109375 0.08359375
0 0.71796875 0.803125 0.0234375 0.084375
17 0.58984375 0.796875 0.0421875 0.10703125
0 0.896875 0.796875 0.021875 0.078125