10 0.20234375 0.41796875 0.06171875 0.17421875
10 0.11953125 0.653125 0.0734375 0.1609375
8 0.390625 0.60234375 0.040625 0.13125
8 0.421875 0.4140625 0.04453125 0.146875
10 0.18828125 0.6421875 0.05625 0.15625
8 0.50546875 0.4109375 0.03515625 0.13515625
8 0.465625 0.41328125 0.040625 0.14140625
10 0.26484375 0.41796875 0.05625 0.165625
18 0.5515625 0.5609375 0.04296875 0.12421875
8 0.4328125 0.59296875 0.03828125 0.1296875
10 0.2453125 0.63125 0.05078125 0.14921875
10 0.29765625 0.6234375 0.0484375 0.13203125
10 0.128125 0.41875 0.08125 0.18359375
8 0.51015625 0.5703125 0.034375 0.128125
8 0.47265625 0.5859375 0.03828125 0.12265625
10 0.34609375 0.61796875 0.04453125 0.1234375
10 0.3734375 0.41640625 0.046875 0.146875
17 0.68359375 0.41171875 0.02890625 0.1
17 0.65078125 0.41171875 0.034375 0.1046875
0 0.7859375 0.51953125 0.021875 0.09296875
17 0.68984375 0.53515625 0.03671875 0.10703125
17 0.615625 0.41328125 0.0328125 0.1078125
17 0.73828125 0.4125 0.02578125 0.0859375
8 0.54140625 0.41015625 0.0328125 0.1296875
17 0.71171875 0.41328125 0.025 0.08828125
10 0.321875 0.41875 0.05078125 0.15078125
18 0.59921875 0.55234375 0.046875 0.11875
17 0.72890625 0.528125 0.03671875 0.103125
0 0.80703125 0.51640625 0.01953125 0.0921875
18 0.64765625 0.54375 0.04296875 0.1140625
1 0.8265625 0.51328125 0.01796875 0.08828125
1 0.82578125 0.4015625 0.01953125 0.0921875
17 0.765625 0.41171875 0.02578125 0.0796875
17 0.578125 0.4140625 0.03828125 0.1125
0 0.76171875 0.5234375 0.02578125 0.09765625
0 0.80078125 0.40078125 0.0296875 0.096875
1 0.84453125 0.4015625 0.015625 0.0890625
1 0.86171875 0.40078125 0.0171875 0.08828125
1 0.84609375 0.51015625 0.0171875 0.08515625
1 0.87890625 0.4 0.0171875 0.0859375
1 0.8640625 0.50703125 0.0171875 0.0859375
10 0.015625 0.4046875 0.03125 0.21015625
2 0.9109375 0.39921875 0.0171875 0.08046875