17 0.6140625 0.53984375 0.05625 0.15859375
8 0.4671875 0.31796875 0.05859375 0.196875
10 0.2515625 0.5796875 0.08515625 0.21015625
10 0.2546875 0.30234375 0.07734375 0.228125
17 0.634375 0.3390625 0.0484375 0.15078125
10 0.1640625 0.29765625 0.096875 0.2453125
10 0.3328125 0.30859375 0.0703125 0.21484375
10 0.15390625 0.59140625 0.10078125 0.2234375
8 0.40390625 0.31328125 0.06640625 0.20625
8 0.41640625 0.5890625 0.065625 0.128125
17 0.6234375 0.7109375 0.0578125 0.1453125
17 0.728125 0.3421875 0.040625 0.14140625
8 0.5234375 0.3234375 0.05234375 0.184375
18 0.67109375 0.5328125 0.05 0.14765625
8 0.4859375 0.54921875 0.0625 0.18203125
17 0.5609375 0.72734375 0.06171875 0.15234375
17 0.684375 0.34140625 0.04609375 0.14375
17 0.55078125 0.5453125 0.0625 0.16875
0 0.80234375 0.33984375 0.02890625 0.1421875
17 0.57890625 0.3359375 0.0578125 0.15859375
0 0.76953125 0.33984375 0.0390625 0.14609375
8 0.3390625 0.59765625 0.078125 0.1421875
1 0.79453125 0.51484375 0.034375 0.13359375
0 0.71796875 0.5234375 0.040625 0.14375
0 0.7578125 0.51875 0.03671875 0.1390625
1 0.8640625 0.34453125 0.02890625 0.13203125
0 0.8328125 0.34296875 0.0328125 0.13828125
1 0.890625 0.3453125 0.025 0.1296875
1 0.828125 0.51015625 0.03125 0.1296875
1 0.9171875 0.3453125 0.02734375 0.1265625
2 0.85703125 0.50625 0.02734375 0.1265625