17 0.3796875 0.74375 0.07578125 0.1765625
17 0.66796875 0.6671875 0.040625 0.10390625
17 0.621875 0.67421875 0.046875 0.11796875
17 0.45859375 0.73203125 0.0703125 0.14375
8 0.353125 0.51640625 0.0703125 0.20859375
16 0.53671875 0.85859375 0.0546875 0.12421875
2 0.89375 0.43984375 0.0296875 0.13359375
8 0.41953125 0.51015625 0.05859375 0.1953125
10 0.1703125 0.53359375 0.10625 0.25703125
10 0.47890625 0.503125 0.05625 0.1796875
16 0.390625 0.928125 0.0484375 0.13046875
2 0.63125 0.48359375 0.040625 0.1609375
16 0.584375 0.840625 0.03828125 0.11953125
0 0.74921875 0.4578125 0.04296875 0.15703125
8 0.2703125 0.5234375 0.0890625 0.2453125
10 0.534375 0.496875 0.0484375 0.1765625
0 0.671875 0.47578125 0.0390625 0.15703125
1 0.82578125 0.44921875 0.03515625 0.14140625
0 0.70859375 0.46875 0.03515625 0.15234375
2 0.92421875 0.4359375 0.0296875 0.128125
1 0.86171875 0.44375 0.0328125 0.13828125
0 0.78828125 0.45234375 0.03515625 0.15078125
16 0.4421875 0.89921875 0.05 0.12578125
17 0.71015625 0.65546875 0.03515625 0.10234375
5 0.72734375 0.77265625 0.0328125 0.10234375
16 0.659375 0.80234375 0.03515625 0.1125
3 0.76015625 0.7578125 0.0296875 0.10234375
16 0.4875 0.88125 0.0390625 0.115625
3 0.78984375 0.7453125 0.02578125 0.096875
5 0.69453125 0.78203125 0.03125 0.103125
21 0.2921875 0.77578125 0.0890625 0.19140625