6 0.72734375 0.70234375 0.0625 0.13203125
1 0.58984375 0.69609375 0.03671875 0.11875
2 0.57890625 0.55859375 0.0390625 0.11484375
2 0.625 0.55859375 0.0484375 0.1140625
0 0.521875 0.69453125 0.03125 0.11015625
2 0.6296875 0.69765625 0.040625 0.121875
1 0.67578125 0.56015625 0.05078125 0.1046875
1 0.72734375 0.56328125 0.0484375 0.09609375
1 0.7796875 0.5640625 0.05078125 0.09140625
1 0.8296875 0.5640625 0.0421875 0.09140625
17 0.421875 0.69453125 0.03828125 0.0921875
2 0.67265625 0.69921875 0.0421875 0.1265625
1 0.55390625 0.6953125 0.03125 0.11484375
0 0.50234375 0.56640625 0.0390625 0.10078125
0 0.540625 0.5609375 0.03515625 0.11015625
0 0.48984375 0.69375 0.02890625 0.10078125
10 0.3140625 0.68515625 0.02109375 0.08515625
12 0.2234375 0.68203125 0.0328125 0.07734375
10 0.253125 0.68359375 0.021875 0.0796875
10 0.275 0.68359375 0.01953125 0.08125
8 0.328125 0.58984375 0.02578125 0.0640625
10 0.3015625 0.58828125 0.0234375 0.06953125
10 0.29453125 0.68515625 0.01953125 0.08359375
11 0.2140625 0.58828125 0.02109375 0.07734375
10 0.27578125 0.5875 0.0234375 0.0734375
11 0.19375 0.58984375 0.0234375 0.0765625
12 0.184375 0.68046875 0.034375 0.0734375
11 0.17265625 0.59375 0.02109375 0.06875
17 0.3921875 0.69375 0.02578125 0.0875