17 0.290625 0.79140625 0.09296875 0.178125
1 0.28203125 0.55703125 0.0859375 0.2
1 0.43828125 0.57578125 0.06171875 0.16875
16 0.61484375 0.94375 0.0546875 0.11171875
2 0.49921875 0.5796875 0.05859375 0.1640625
8 0.7140625 0.59296875 0.05078125 0.1390625
2 0.36640625 0.5640625 0.078125 0.18828125
16 0.4296875 0.95234375 0.09921875 0.0953125
10 0.60546875 0.58125 0.05 0.1609375
0 0.1828125 0.553125 0.10234375 0.21015625
8 0.65859375 0.58515625 0.05625 0.15703125
16 0.55 0.9484375 0.0734375 0.103125
16 0.32109375 0.96015625 0.10078125 0.0796875
5 0.6765625 0.9390625 0.06640625 0.121875
8 0.55546875 0.58203125 0.05078125 0.1609375
4 0.80625 0.92890625 0.06875 0.1421875
16 0.14765625 0.9703125 0.11796875 0.05859375