0 0.584375 0.596875 0.0390625 0.06953125
11 0.2421875 0.56640625 0.03515625 0.0765625
0 0.60234375 0.68515625 0.0296875 0.078125
1 0.6640625 0.69140625 0.02890625 0.07734375
1 0.73828125 0.60859375 0.034375 0.071875
12 0.1890625 0.6484375 0.03828125 0.0734375
2 0.66171875 0.60078125 0.03515625 0.07421875
11 0.16953125 0.5625 0.03828125 0.071875
2 0.72890625 0.696875 0.0328125 0.07734375
2 0.6953125 0.69375 0.03125 0.07734375
12 0.2296875 0.65234375 0.0390625 0.07265625
2 0.7 0.6046875 0.03828125 0.0734375
1 0.8125 0.6203125 0.03671875 0.0609375
17 0.49765625 0.68046875 0.03828125 0.0703125
11 0.20625 0.5640625 0.0328125 0.07421875
1 0.85234375 0.62578125 0.0390625 0.05625
10 0.2765625 0.56953125 0.0328125 0.0734375
8 0.38515625 0.58359375 0.034375 0.05859375
10 0.3125 0.5734375 0.03515625 0.06953125
10 0.35546875 0.66171875 0.02734375 0.07421875
10 0.32734375 0.66015625 0.02578125 0.0734375
8 0.38515625 0.66484375 0.02734375 0.07578125
1 0.775 0.61328125 0.03515625 0.06875
1 0.6328125 0.6890625 0.02890625 0.07734375
0 0.5703125 0.6828125 0.03125 0.07734375
10 0.29765625 0.65859375 0.02734375 0.07265625
6 0.7640625 0.7 0.03515625 0.0796875
10 0.34921875 0.578125 0.034375 0.06484375
0 0.62421875 0.5984375 0.03671875 0.0734375
10 0.2671875 0.65625 0.03125 0.07265625
8 0.41171875 0.6671875 0.021875 0.07578125
8 0.42109375 0.58828125 0.034375 0.05234375
22 0.83984375 0.7046875 0.04453125 0.07578125
6 0.7984375 0.703125 0.03125 0.07734375