10 0.121875 0.38828125 0.0859375 0.1890625
10 0.12578125 0.63203125 0.078125 0.165625
10 0.20078125 0.3875 0.0640625 0.178125
8 0.4828125 0.56171875 0.03828125 0.12734375
8 0.44296875 0.5703125 0.03671875 0.13046875
8 0.46875 0.38359375 0.0390625 0.1453125
10 0.2640625 0.38828125 0.0578125 0.1703125
10 0.25390625 0.61015625 0.05078125 0.153125
8 0.42421875 0.38515625 0.04609375 0.15078125
10 0.19765625 0.621875 0.0578125 0.16015625
18 0.56171875 0.53828125 0.04296875 0.1296875
8 0.40234375 0.5796875 0.040625 0.134375
17 0.7015625 0.5109375 0.03671875 0.1125
10 0.32265625 0.3890625 0.05234375 0.15859375
17 0.73984375 0.503125 0.03671875 0.1078125
8 0.5453125 0.38203125 0.034375 0.13203125
0 0.79765625 0.4953125 0.021875 0.096875
17 0.62109375 0.3859375 0.034375 0.11171875
17 0.74375 0.38515625 0.02578125 0.08515625
10 0.375 0.3875 0.046875 0.15234375
17 0.65703125 0.38515625 0.034375 0.1078125
17 0.71796875 0.38515625 0.025 0.08984375
10 0.30703125 0.6 0.0484375 0.1421875
10 0.35703125 0.59140625 0.04453125 0.13359375
8 0.50859375 0.3828125 0.03671875 0.1390625
18 0.61015625 0.528125 0.046875 0.1234375
18 0.65859375 0.51953125 0.04296875 0.11796875
17 0.68984375 0.38359375 0.02890625 0.10234375
8 0.521875 0.54765625 0.034375 0.13359375
17 0.5828125 0.3875 0.03828125 0.115625
0 0.77265625 0.49921875 0.02578125 0.10234375
17 0.77109375 0.384375 0.02578125 0.08125
0 0.81953125 0.49140625 0.01953125 0.0953125
1 0.83828125 0.4890625 0.0171875 0.0921875
1 0.85 0.37265625 0.015625 0.0921875
1 0.83203125 0.37265625 0.01953125 0.09609375
1 0.8859375 0.371875 0.01796875 0.0859375
0 0.80703125 0.37421875 0.02890625 0.09609375
1 0.8671875 0.371875 0.0171875 0.0890625
1 0.85546875 0.48515625 0.0171875 0.08984375
10 0.0125 0.38125 0.0234375 0.2046875
2 0.9046875 0.37109375 0.01796875 0.08359375