16 0.28203125 0.740625 0.0421875 0.1375
16 0.325 0.734375 0.040625 0.13515625
16 0.39921875 0.721875 0.03515625 0.12734375
4 0.703125 0.67265625 0.02109375 0.09609375
8 0.68359375 0.5625 0.025 0.0859375
16 0.14609375 0.7640625 0.0484375 0.15234375
1 0.5390625 0.45703125 0.0296875 0.078125
17 0.1328125 0.61015625 0.05390625 0.10703125
2 0.421875 0.57890625 0.03828125 0.1109375
8 0.69140625 0.4640625 0.02109375 0.0625
17 0.071875 0.61328125 0.0625 0.11171875
17 0.371875 0.5796875 0.05859375 0.11953125
16 0.240625 0.74765625 0.0390625 0.14375
2 0.459375 0.5765625 0.03515625 0.10625
16 0.09375 0.77109375 0.05234375 0.1578125
17 0.1875 0.60703125 0.05078125 0.10234375
17 0.309375 0.5828125 0.06171875 0.1234375
1 0.5078125 0.45625 0.0296875 0.08125
16 0.19609375 0.75625 0.0484375 0.14765625
0 0.56171875 0.56953125 0.0296875 0.09609375
10 0.56953125 0.45859375 0.02734375 0.0765625
16 0.0375 0.77890625 0.05625 0.1609375
10 0.62578125 0.56484375 0.0328125 0.08984375
16 0.36328125 0.72734375 0.034375 0.13125
3 0.61171875 0.6875 0.02578125 0.1078125
8 0.75390625 0.55859375 0.02109375 0.08125
8 0.70859375 0.5609375 0.021875 0.084375
2 0.4453125 0.45390625 0.03125 0.0875
1 0.4953125 0.57421875 0.03515625 0.103125
16 0.4359375 0.71640625 0.03671875 0.12421875
10 0.65703125 0.5640625 0.02578125 0.0875
5 0.74375 0.665625 0.01796875 0.09375
17 0.2453125 0.59609375 0.06171875 0.10859375
10 0.646875 0.4625 0.01953125 0.06640625
2 0.4765625 0.45390625 0.02890625 0.0859375
5 0.7625 0.6625 0.01796875 0.09140625
2 0.4109375 0.453125 0.03515625 0.0875
8 0.73125 0.559375 0.02109375 0.08359375
5 0.72421875 0.66875 0.01953125 0.0953125
4 0.68203125 0.67890625 0.01953125 0.09296875
3 0.57890625 0.690625 0.03828125 0.11015625
1 0.5296875 0.57265625 0.03125 0.09921875
4 0.6609375 0.68203125 0.021875 0.09765625
0 0.59296875 0.56796875 0.0296875 0.09375
8 0.66875 0.4640625 0.021875 0.06484375
10 0.6 0.46015625 0.0296875 0.07421875
16 0.4703125 0.7109375 0.03125 0.12265625
8 0.7125 0.4640625 0.01953125 0.0625
3 0.63671875 0.68359375 0.021875 0.10390625
5 0.78203125 0.66015625 0.01796875 0.0890625
10 0.62578125 0.4609375 0.01953125 0.06875
5 0.8 0.65703125 0.01796875 0.0875
5 0.81875 0.6546875 0.01953125 0.084375
24 0.37265625 0.453125 0.03671875 0.0859375
8 0.73125 0.4640625 0.0171875 0.0640625
24 0.3296875 0.45234375 0.04453125 0.08828125
12 0.7515625 0.4640625 0.021875 0.06484375
24 0.2796875 0.45 0.05 0.0921875
4 0.84609375 0.6515625 0.0234375 0.0796875
8 0.7765625 0.55625 0.01953125 0.08359375