5 0.60625 0.7859375 0.040625 0.1421875
5 0.5359375 0.75625 0.0328125 0.1375
8 0.4078125 0.55859375 0.02734375 0.115625
11 0.584375 0.58984375 0.04609375 0.15625
11 0.74140625 0.62109375 0.06015625 0.17578125
5 0.56953125 0.76953125 0.03125 0.14140625
10 0.353125 0.4265625 0.02109375 0.08515625
8 0.46796875 0.5703125 0.0296875 0.1265625
8 0.4375 0.5640625 0.02890625 0.121875
11 0.63125 0.60078125 0.046875 0.1625
5 0.478125 0.73125 0.02578125 0.12578125
10 0.38203125 0.553125 0.021875 0.11171875
11 0.5375 0.5828125 0.04453125 0.14609375
12 0.9546875 0.66640625 0.0578125 0.19140625
5 0.50546875 0.7421875 0.02578125 0.13125
8 0.37421875 0.4265625 0.01953125 0.0890625
1 0.28984375 0.5359375 0.0171875 0.09296875
8 0.39609375 0.42734375 0.02109375 0.0921875
11 0.6828125 0.6109375 0.05390625 0.16640625
8 0.49921875 0.5765625 0.02890625 0.13359375
4 0.42734375 0.70859375 0.021875 0.11953125
12 0.55078125 0.42421875 0.04296875 0.121875
10 0.33046875 0.4265625 0.02109375 0.08203125
8 0.41953125 0.42734375 0.025 0.09609375
1 0.27421875 0.53203125 0.015625 0.0921875
12 0.5078125 0.42578125 0.0390625 0.11640625
17 0.18984375 0.5140625 0.015625 0.08046875
12 0.47265625 0.425 0.03125 0.11015625
4 0.40390625 0.70078125 0.0234375 0.1125
12 0.65 0.42265625 0.05234375 0.13515625
0 0.31015625 0.5390625 0.021875 0.096875
5 0.64609375 0.8015625 0.03671875 0.15390625
4 0.4515625 0.71875 0.025 0.12265625
12 0.59765625 0.42265625 0.05 0.13046875
17 0.17421875 0.51328125 0.0140625 0.0734375
12 0.70625 0.4234375 0.05390625 0.14375
2 0.234375 0.42734375 0.0140625 0.06953125
8 0.44453125 0.4265625 0.0234375 0.09921875
17 0.1578125 0.5109375 0.015625 0.07421875
2 0.2390625 0.52578125 0.0171875 0.08828125
2 0.25703125 0.5296875 0.0171875 0.08828125
2 0.24765625 0.4265625 0.0140625 0.071875
2 0.221875 0.42578125 0.01328125 0.06796875
12 0.95703125 0.41015625 0.0859375 0.1390625
3 0.38046875 0.69140625 0.01953125 0.1078125
3 0.359375 0.68359375 0.01953125 0.1046875
10 0.3078125 0.42578125 0.02109375 0.08046875
0 0.33125 0.54296875 0.01953125 0.1
17 0.20625 0.51640625 0.015625 0.084375
12 0.98671875 0.6703125 0.025 0.19765625
1 0.20703125 0.42578125 0.01328125 0.06484375
3 0.3421875 0.67734375 0.015625 0.10234375
2 0.26171875 0.42578125 0.01328125 0.07578125
12 0.7671875 0.4234375 0.06640625 0.153125
18 0.9828125 0.915625 0.034375 0.16875