11 0.25546875 0.73671875 0.05 0.13828125
11 0.30625 0.73828125 0.046875 0.1359375
12 0.2 0.73359375 0.0546875 0.14296875
8 0.52421875 0.75390625 0.034375 0.10703125
12 0.1421875 0.73203125 0.0578125 0.14609375
10 0.48984375 0.75234375 0.0328125 0.1078125
1 0.87421875 0.7703125 0.01796875 0.0765625
10 0.3859375 0.75234375 0.034375 0.10390625
0 0.81328125 0.76796875 0.0234375 0.08125
10 0.41953125 0.753125 0.03125 0.1046875
2 0.74765625 0.76875 0.01953125 0.078125
10 0.45390625 0.75234375 0.03515625 0.1078125
10 0.34921875 0.75 0.03671875 0.10625
2 0.7703125 0.76875 0.021875 0.078125
1 0.78984375 0.76875 0.01796875 0.078125
1 0.8546875 0.76953125 0.01953125 0.07734375
17 0.60546875 0.75390625 0.03828125 0.1046875
0 0.83515625 0.76875 0.01953125 0.08046875
17 0.703125 0.76875 0.025 0.07734375
17 0.67421875 0.7625 0.03125 0.0890625
17 0.64140625 0.76015625 0.0296875 0.09296875
17 0.56328125 0.753125 0.0421875 0.10703125
2 0.7265625 0.76796875 0.021875 0.0796875
1 0.89375 0.771875 0.02109375 0.07578125