17 0.6140625 0.640625 0.0640625 0.12265625
17 0.546875 0.63359375 0.06171875 0.11796875
1 0.6359375 0.50078125 0.040625 0.11171875
17 0.7578125 0.65625 0.0703125 0.134375
10 0.4015625 0.48671875 0.03828125 0.10234375
10 0.54375 0.4890625 0.05 0.1203125
10 0.44609375 0.48515625 0.04609375 0.1125
17 0.83828125 0.66171875 0.078125 0.1375
17 0.3859375 0.61875 0.05390625 0.09765625
17 0.68515625 0.64765625 0.06796875 0.12734375
0 0.68203125 0.503125 0.046875 0.115625
1 0.59296875 0.496875 0.04296875 0.11171875
10 0.28984375 0.48203125 0.03125 0.09375
10 0.49375 0.48671875 0.046875 0.11640625
2 0.8578125 0.50625 0.06640625 0.134375
0 0.73203125 0.50625 0.05 0.11875
2 0.78984375 0.503125 0.0625 0.13203125
17 0.43828125 0.62421875 0.04609375 0.10390625
17 0.328125 0.6125 0.046875 0.09375
10 0.32421875 0.48359375 0.034375 0.096875
17 0.48828125 0.6296875 0.05078125 0.1078125
10 0.36171875 0.4859375 0.03828125 0.09921875
8 0.25625 0.47890625 0.0328125 0.09375
17 0.9609375 0.35625 0.0734375 0.12734375
8 0.22265625 0.47578125 0.02890625 0.09296875
8 0.19140625 0.47265625 0.0296875 0.09296875