17 0.28671875 0.8265625 0.096875 0.18515625
1 0.259375 0.58203125 0.0890625 0.2078125
8 0.70078125 0.60078125 0.05078125 0.13828125
8 0.64609375 0.59453125 0.0578125 0.15390625
2 0.34765625 0.5859375 0.08125 0.19375
2 0.48359375 0.596875 0.06015625 0.16796875
0 0.1578125 0.58359375 0.1046875 0.2203125
10 0.59140625 0.59296875 0.05 0.16171875
1 0.42109375 0.59296875 0.0640625 0.17421875
4 0.8296875 0.9359375 0.065625 0.12734375
16 0.571875 0.96484375 0.08359375 0.0703125
5 0.70234375 0.9484375 0.0671875 0.103125
16 0.6421875 0.95703125 0.0578125 0.08515625
16 0.44765625 0.96875 0.096875 0.0625
17 0.33828125 0.9796875 0.10703125 0.03984375
4 0.8875 0.9359375 0.05 0.12734375