7 0.3484375 0.55078125 0.0296875 0.1203125
7 0.38203125 0.55546875 0.034375 0.12578125
0 0.45390625 0.403125 0.034375 0.1265625
7 0.41796875 0.559375 0.03671875 0.13046875
12 0.64296875 0.19375 0.0640625 0.18984375
8 0.66953125 0.39375 0.05 0.153125
8 0.7234375 0.39140625 0.05234375 0.16015625
0 0.38828125 0.4046875 0.02890625 0.11875
8 0.71015625 0.59375 0.0640625 0.1703125
17 0.60234375 0.7640625 0.06796875 0.15234375
6 0.36796875 0.25234375 0.03671875 0.14375
18 0.7578125 0.80703125 0.08359375 0.1765625
17 0.534375 0.7453125 0.06171875 0.1453125
11 0.54140625 0.21640625 0.040625 0.1734375
6 0.26796875 0.271875 0.02890625 0.128125
10 0.61796875 0.3953125 0.046875 0.14765625
0 0.4203125 0.40390625 0.0328125 0.12265625
17 0.234375 0.6609375 0.02890625 0.1
4 0.72890625 0.9609375 0.05390625 0.078125
0 0.3578125 0.40625 0.02890625 0.11484375
1 0.3046875 0.40703125 0.025 0.10703125
0 0.4984375 0.56875 0.0421875 0.1421875
6 0.409375 0.24296875 0.04296875 0.15234375
18 0.67578125 0.7859375 0.071875 0.16171875
8 0.7765625 0.60234375 0.0625 0.17734375
8 0.78046875 0.3890625 0.05390625 0.16484375
1 0.28203125 0.40859375 0.02109375 0.10390625
10 0.64921875 0.5890625 0.05390625 0.1578125
10 0.5703125 0.39765625 0.0421875 0.14140625
11 0.49765625 0.22421875 0.04453125 0.16796875
2 0.45703125 0.5640625 0.03828125 0.1375
6 0.29921875 0.26640625 0.0296875 0.13359375
4 0.6796875 0.95078125 0.0421875 0.09765625
18 0.375 0.70078125 0.04296875 0.11875
10 0.5296875 0.39921875 0.03828125 0.13515625
10 0.59375 0.590625 0.05078125 0.13359375
12 0.70703125 0.184375 0.06015625 0.1953125
17 0.2875 0.55234375 0.02578125 0.09140625
4 0.63203125 0.94140625 0.05 0.11640625
17 0.3171875 0.55546875 0.02890625 0.096875
11 0.453125 0.234375 0.0421875 0.15859375
6 0.33203125 0.2609375 0.03125 0.1375
2 0.19296875 0.41015625 0.021875 0.0921875
2 0.2140625 0.41015625 0.01953125 0.09375
10 0.490625 0.40078125 0.03515625 0.13203125
12 0.7703125 0.16875 0.06640625 0.21171875
2 0.2578125 0.40859375 0.0234375 0.10078125
2 0.23515625 0.41015625 0.02109375 0.096875
17 0.26484375 0.66875 0.02890625 0.10390625
10 0.54375 0.58515625 0.04453125 0.12421875
4 0.5875 0.93359375 0.03671875 0.13203125
0 0.33046875 0.40625 0.025 0.11171875
18 0.334375 0.69140625 0.034375 0.115625
3 0.47265625 0.8953125 0.0328125 0.14375
18 0.2609375 0.54921875 0.025 0.0859375
12 0.5859375 0.20546875 0.046875 0.18359375
17 0.29765625 0.6796875 0.03515625 0.10859375
4 0.7828125 0.9703125 0.05234375 0.05859375
5 0.29921875 0.8203125 0.025 0.121875
3 0.3234375 0.83203125 0.021875 0.12578125
3 0.4390625 0.88203125 0.0328125 0.1421875
3 0.34921875 0.84140625 0.02578125 0.13125
3 0.3796875 0.8546875 0.03125 0.134375
4 0.546875 0.92578125 0.040625 0.14765625
3 0.41015625 0.865625 0.02578125 0.1375
4 0.5078125 0.91328125 0.03515625 0.1546875
5 0.27421875 0.8109375 0.0234375 0.1203125
18 0.23515625 0.546875 0.0234375 0.08359375