17 0.128125 0.81796875 0.09375 0.1640625
10 0.3921875 0.45234375 0.05 0.134375
2 0.834375 0.49453125 0.03515625 0.10390625
10 0.22421875 0.43515625 0.05859375 0.14765625
10 0.16171875 0.4296875 0.06015625 0.153125
6 0.49609375 0.29765625 0.06640625 0.14921875
1 0.7265625 0.48515625 0.0328125 0.11015625
10 0.36875 0.62265625 0.06796875 0.1375
17 0.38671875 0.79375 0.07421875 0.1421875
6 0.56171875 0.30859375 0.05859375 0.1453125
10 0.28359375 0.44140625 0.05625 0.14375
8 0.48984375 0.46171875 0.04609375 0.12734375
8 0.5515625 0.62109375 0.05078125 0.12734375
16 0.25078125 0.9609375 0.06640625 0.07734375
18 0.76875 0.7625 0.03828125 0.1078125
8 0.65546875 0.478125 0.03671875 0.115625
10 0.33984375 0.446875 0.05078125 0.1390625
4 0.72421875 0.9265625 0.03515625 0.1453125
8 0.60390625 0.621875 0.046875 0.1234375
8 0.496875 0.62265625 0.05390625 0.1296875
8 0.6515625 0.62265625 0.04453125 0.11953125
1 0.6921875 0.48125 0.034375 0.11171875
8 0.57734375 0.4703125 0.0390625 0.121875
16 0.3765625 0.9515625 0.05390625 0.096875
10 0.2984375 0.6203125 0.0640625 0.14296875
6 0.4234375 0.2859375 0.071875 0.15078125
16 0.3171875 0.95546875 0.06171875 0.0890625
16 0.55625 0.93671875 0.0546875 0.1265625
3 0.87109375 0.896875 0.034375 0.134375
10 0.22578125 0.61953125 0.071875 0.14921875
17 0.22265625 0.81015625 0.08515625 0.15625
8 0.6171875 0.47421875 0.03828125 0.11796875
5 0.68359375 0.9296875 0.04296875 0.13984375
17 0.3078125 0.80234375 0.07734375 0.15
16 0.178125 0.965625 0.071875 0.06875
18 0.7265625 0.76640625 0.040625 0.11015625
17 0.81953125 0.753125 0.03828125 0.10234375
10 0.4421875 0.45703125 0.046875 0.128125
16 0.43203125 0.946875 0.0546875 0.10625
6 0.3453125 0.2671875 0.078125 0.1609375
8 0.53515625 0.46640625 0.040625 0.1234375
0 0.74140625 0.62265625 0.040625 0.1125
0 0.78515625 0.62265625 0.04453125 0.11015625
2 0.82734375 0.621875 0.03828125 0.1078125
3 0.796875 0.9125 0.03671875 0.1375
0 0.76171875 0.48828125 0.03515625 0.1078125
0 0.69765625 0.62265625 0.04453125 0.11640625
3 0.834375 0.9046875 0.03671875 0.13515625
16 0.49921875 0.93984375 0.0546875 0.11953125
2 0.86328125 0.62265625 0.03125 0.1046875
4 0.76015625 0.91953125 0.03515625 0.1421875
0 0.79765625 0.490625 0.03515625 0.10625
10 0.43671875 0.63984375 0.0578125 0.09921875
5 0.6328125 0.9328125 0.0578125 0.134375
24 0.98671875 0.87265625 0.02578125 0.1234375