8 0.365625 0.4640625 0.03828125 0.13515625
10 0.2015625 0.4828125 0.06640625 0.184375
10 0.26875 0.47265625 0.05859375 0.16875
17 0.50703125 0.43984375 0.0296875 0.10390625
8 0.12109375 0.49375 0.0859375 0.1953125
8 0.40390625 0.45859375 0.03515625 0.128125
17 0.5390625 0.434375 0.0296875 0.1
17 0.4734375 0.45234375 0.03515625 0.09921875
10 0.32265625 0.471875 0.04296875 0.1453125
18 0.59921875 0.42265625 0.02578125 0.09140625
18 0.62578125 0.41796875 0.025 0.0875
17 0.6734375 0.4 0.025 0.09765625
17 0.43828125 0.45859375 0.03125 0.10625
17 0.65 0.403125 0.01953125 0.10625
17 0.6953125 0.39921875 0.01953125 0.09375
0 0.7140625 0.39609375 0.01953125 0.09140625