10 0.26953125 0.465625 0.05859375 0.1453125
10 0.30625 0.64375 0.06796875 0.146875
6 0.3953125 0.29765625 0.07578125 0.146875
8 0.65703125 0.47265625 0.0390625 0.11796875
17 0.15546875 0.853125 0.09296875 0.16640625
2 0.84765625 0.47734375 0.03828125 0.1046875
10 0.20859375 0.4640625 0.05859375 0.14921875
17 0.25078125 0.8390625 0.0859375 0.15859375
8 0.4828125 0.46953125 0.0484375 0.12734375
17 0.41796875 0.81328125 0.07421875 0.14296875
8 0.6203125 0.625 0.05 0.12421875
10 0.378125 0.64375 0.06796875 0.13203125
8 0.565625 0.628125 0.05390625 0.1296875
8 0.57421875 0.471875 0.040625 0.12265625
10 0.14375 0.4625 0.065625 0.153125
18 0.76640625 0.7625 0.040625 0.1125
5 0.6859375 0.93359375 0.0640625 0.13203125
3 0.8953125 0.8953125 0.0390625 0.13984375
8 0.51015625 0.63203125 0.0546875 0.13203125
1 0.73359375 0.475 0.03515625 0.11171875
6 0.5421875 0.30859375 0.06015625 0.1453125
8 0.66953125 0.621875 0.046875 0.121875
1 0.696875 0.475 0.03828125 0.1140625
8 0.53046875 0.4703125 0.04296875 0.12421875
6 0.47265625 0.30390625 0.0703125 0.1453125
10 0.328125 0.46640625 0.05390625 0.1390625
4 0.78203125 0.92421875 0.0390625 0.14765625
10 0.23203125 0.64765625 0.071875 0.153125
6 0.31328125 0.2859375 0.08125 0.15859375
0 0.71796875 0.61796875 0.046875 0.11875
16 0.553125 0.94453125 0.05625 0.1109375
3 0.93359375 0.88515625 0.03671875 0.13984375
8 0.61640625 0.47265625 0.040625 0.1203125
0 0.81015625 0.6109375 0.046875 0.1125
10 0.43359375 0.46875 0.0484375 0.13125
2 0.85546875 0.60859375 0.040625 0.1109375
10 0.38203125 0.4671875 0.05 0.1359375
17 0.3375 0.82578125 0.07734375 0.153125
5 0.73984375 0.9296875 0.04453125 0.13984375
16 0.48203125 0.95390625 0.05625 0.09140625
16 0.3 0.9734375 0.06796875 0.053125
16 0.61171875 0.93984375 0.0578125 0.11953125
0 0.809375 0.4765625 0.03828125 0.11015625
0 0.7703125 0.47578125 0.03828125 0.1109375
0 0.76484375 0.6140625 0.04296875 0.11484375
17 0.865625 0.74140625 0.0421875 0.103125
4 0.81953125 0.91640625 0.03828125 0.146875
3 0.85703125 0.9046875 0.03828125 0.14296875
18 0.81015625 0.75546875 0.04296875 0.11015625
16 0.365625 0.96640625 0.06015625 0.06640625
16 0.425 0.9609375 0.0546875 0.078125
2 0.89375 0.60546875 0.03515625 0.1078125
10 0.44765625 0.659375 0.06015625 0.08828125
16 0.22578125 0.98125 0.0734375 0.0375
16 0.15390625 0.9859375 0.06640625 0.028125