16 0.503125 0.81875 0.05390625 0.13359375
8 0.35703125 0.46796875 0.06015625 0.1734375
17 0.32578125 0.68359375 0.078125 0.1703125
16 0.34609375 0.87109375 0.05078125 0.14375
10 0.41875 0.4640625 0.0578125 0.16640625
8 0.290625 0.46953125 0.06796875 0.18046875
17 0.40703125 0.68125 0.0734375 0.13828125
17 0.58203125 0.6453125 0.05078125 0.115625
10 0.47578125 0.4609375 0.05078125 0.1609375
2 0.878125 0.43203125 0.034375 0.13203125
0 0.62421875 0.45234375 0.04296875 0.146875
16 0.6359375 0.78046875 0.03828125 0.121875
8 0.209375 0.46484375 0.0875 0.2109375
0 0.7109375 0.43984375 0.0484375 0.153125
10 0.11328125 0.46796875 0.09375 0.228125
17 0.634375 0.64296875 0.04609375 0.10390625
2 0.57890625 0.45703125 0.04296875 0.153125
0 0.665625 0.44921875 0.0390625 0.14296875
17 0.68125 0.63515625 0.03828125 0.09921875
0 0.75703125 0.4375 0.0421875 0.14609375
1 0.8421875 0.434375 0.0390625 0.13515625
1 0.8 0.43515625 0.0421875 0.14296875
2 0.91328125 0.43125 0.03125 0.12734375
16 0.553125 0.80625 0.0421875 0.1296875
17 0.71875 0.628125 0.0328125 0.09375
16 0.45 0.83515625 0.04609375 0.13046875
5 0.67421875 0.76875 0.03515625 0.11484375
4 0.8171875 0.72421875 0.02890625 0.1046875
18 0.025 0.94140625 0.05 0.115625
5 0.71171875 0.75703125 0.03828125 0.1125
4 0.84765625 0.7171875 0.02890625 0.103125
17 0.75 0.61875 0.02734375 0.09375
16 0.4 0.84921875 0.05078125 0.1390625
1 0.5296875 0.4609375 0.0546875 0.1640625
16 0.59609375 0.79140625 0.0390625 0.1265625
5 0.88203125 0.7 0.03671875 0.08515625