10 0.171875 0.521875 0.0703125 0.171875
10 0.2421875 0.51875 0.0625 0.1609375
10 0.30078125 0.52265625 0.046875 0.1390625
17 0.55234375 0.5078125 0.03515625 0.09921875
8 0.090625 0.52734375 0.08203125 0.18046875
17 0.47421875 0.51953125 0.040625 0.09609375
8 0.3484375 0.51875 0.04453125 0.13203125
17 0.5140625 0.5109375 0.03671875 0.10234375
8 0.3921875 0.51640625 0.040625 0.1265625
2 0.80703125 0.4796875 0.02734375 0.09375
0 0.76328125 0.48671875 0.02109375 0.0890625
17 0.71484375 0.4875 0.02890625 0.1
18 0.6234375 0.50234375 0.0296875 0.0921875
1 0.7421875 0.4875 0.02109375 0.0921875
17 0.4328125 0.521875 0.03828125 0.10234375
17 0.6859375 0.4890625 0.02734375 0.103125
1 0.85234375 0.478125 0.02109375 0.08984375
2 0.83203125 0.478125 0.01953125 0.09140625
18 0.65546875 0.50078125 0.0296875 0.0875
1 0.87421875 0.478125 0.02109375 0.0875
2 0.78359375 0.48359375 0.0171875 0.08984375
0 0.91640625 0.36484375 0.02109375 0.0859375
21 0.5890625 0.5046875 0.034375 0.096875