17 0.38515625 0.63828125 0.05625 0.09609375
2 0.77421875 0.48046875 0.0625 0.1375
17 0.84765625 0.63984375 0.08359375 0.13828125
0 0.66484375 0.49140625 0.0484375 0.11640625
17 0.61796875 0.6359375 0.065625 0.12578125
10 0.52578125 0.49140625 0.05 0.11953125
8 0.24140625 0.50703125 0.0328125 0.09375
10 0.42890625 0.49453125 0.04609375 0.115625
0 0.715625 0.48984375 0.05 0.11953125
17 0.76484375 0.63828125 0.07421875 0.13515625
17 0.92578125 0.3140625 0.07578125 0.12734375
10 0.27421875 0.50625 0.03125 0.09609375
1 0.57421875 0.49375 0.04453125 0.1125
8 0.2078125 0.50859375 0.03125 0.0921875
17 0.5515625 0.634375 0.0625 0.121875
17 0.43984375 0.65390625 0.0484375 0.071875
10 0.34609375 0.503125 0.03828125 0.09765625
1 0.61796875 0.49296875 0.040625 0.11484375
17 0.6890625 0.6375 0.0703125 0.13125
17 0.328125 0.6359375 0.0484375 0.09375
8 0.17578125 0.50859375 0.0296875 0.0921875
10 0.47578125 0.49296875 0.04609375 0.11796875
10 0.309375 0.5046875 0.034375 0.096875
17 0.49140625 0.65625 0.05078125 0.07421875
2 0.84296875 0.478125 0.0703125 0.13984375
10 0.3859375 0.5015625 0.03671875 0.10078125
17 0.98515625 0.30703125 0.0296875 0.1375
8 0.14296875 0.50859375 0.034375 0.09140625