7 0.35546875 0.58515625 0.0296875 0.1140625
8 0.671875 0.45859375 0.046875 0.1359375
8 0.70546875 0.6375 0.05859375 0.1546875
17 0.5984375 0.790625 0.0625 0.134375
12 0.6515625 0.28203125 0.05859375 0.165625
17 0.53359375 0.7703125 0.05859375 0.13359375
11 0.55546875 0.29375 0.0390625 0.153125
6 0.42578125 0.30703125 0.04296875 0.1390625
12 0.7703125 0.2703125 0.06171875 0.178125
0 0.4671875 0.45390625 0.0328125 0.11640625
7 0.3890625 0.58984375 0.034375 0.11640625
10 0.53984375 0.45546875 0.03671875 0.1234375
18 0.7453125 0.8296875 0.0796875 0.15625
18 0.6671875 0.809375 0.06640625 0.14296875
6 0.384375 0.3109375 0.03671875 0.13515625
18 0.37734375 0.72578125 0.04453125 0.1109375
0 0.37265625 0.45234375 0.02890625 0.10703125
11 0.51328125 0.29765625 0.0421875 0.14375
2 0.26953125 0.44921875 0.0234375 0.0953125
4 0.62109375 0.94765625 0.04609375 0.103125
10 0.57890625 0.45625 0.0390625 0.12734375
0 0.40234375 0.453125 0.02734375 0.11015625
0 0.5046875 0.60703125 0.040625 0.1296875
10 0.5953125 0.6296875 0.0484375 0.1234375
8 0.721875 0.46015625 0.0484375 0.13984375
4 0.665625 0.95625 0.040625 0.0875
17 0.234375 0.68671875 0.03125 0.096875
4 0.7109375 0.965625 0.05 0.06875
6 0.34921875 0.3140625 0.03125 0.13203125
8 0.76640625 0.64765625 0.05859375 0.15859375
11 0.4703125 0.303125 0.040625 0.14296875
4 0.57890625 0.93984375 0.03515625 0.11796875
1 0.31796875 0.45078125 0.025 0.10078125
10 0.62421875 0.4578125 0.04453125 0.13125
6 0.28203125 0.321875 0.03125 0.1203125
10 0.64765625 0.63125 0.05078125 0.14296875
7 0.425 0.5953125 0.03515625 0.121875
0 0.43359375 0.453125 0.03125 0.1125
6 0.315625 0.31796875 0.03125 0.12578125
0 0.34375 0.4515625 0.02578125 0.103125
17 0.29375 0.58515625 0.02734375 0.0859375
10 0.50234375 0.4546875 0.03515625 0.11953125
17 0.3234375 0.5875 0.0296875 0.0921875
2 0.2015625 0.446875 0.021875 0.08828125
1 0.29375 0.45078125 0.021875 0.09921875
8 0.7734375 0.46015625 0.05078125 0.14296875
2 0.2234375 0.44765625 0.01953125 0.08984375
2 0.24609375 0.44921875 0.021875 0.0921875
10 0.5484375 0.62421875 0.04296875 0.1140625
12 0.5984375 0.28828125 0.04453125 0.15859375
2 0.46328125 0.6015625 0.0390625 0.12734375
12 0.71015625 0.27734375 0.0546875 0.1703125
5 0.2953125 0.83828125 0.025 0.11171875
3 0.46953125 0.90703125 0.03125 0.1375
18 0.26640625 0.5796875 0.025 0.084375
3 0.37734375 0.86875 0.0296875 0.12578125
18 0.3359375 0.715625 0.034375 0.10703125
17 0.26484375 0.69375 0.02890625 0.09921875
3 0.32109375 0.84921875 0.0234375 0.11875
3 0.34609375 0.8578125 0.02734375 0.12265625
3 0.43671875 0.89375 0.03125 0.134375
17 0.2984375 0.703125 0.03671875 0.103125
3 0.40625 0.88125 0.02578125 0.1265625
4 0.7625 0.97421875 0.05078125 0.05078125
5 0.27109375 0.83046875 0.0234375 0.11015625
4 0.53984375 0.9328125 0.0390625 0.134375
16 0.38125 0.97890625 0.0296875 0.0421875