19 0.478125 0.653125 0.071875 0.15234375
3 0.2140625 0.8578125 0.0703125 0.20390625
19 0.553125 0.65625 0.071875 0.146875
8 0.2546875 0.4625 0.05234375 0.12265625
10 0.21875 0.27578125 0.06015625 0.1265625
17 0.41796875 0.48984375 0.05234375 0.10234375
11 0.17421875 0.64296875 0.071875 0.16875
6 0.815625 0.52421875 0.046875 0.1125
7 0.74765625 0.6703125 0.040625 0.12265625
17 0.3984375 0.31640625 0.06015625 0.1109375
8 0.340625 0.3015625 0.05234375 0.11875
5 0.4671875 0.846875 0.05 0.184375
4 0.3578125 0.8515625 0.0578125 0.19296875
6 0.7640625 0.51875 0.05078125 0.1140625
6 0.6640625 0.50703125 0.046875 0.115625
10 0.19921875 0.45703125 0.05390625 0.1234375
17 0.4625 0.328125 0.06171875 0.11171875
11 0.32265625 0.646875 0.071875 0.1640625
2 0.790625 0.67109375 0.04296875 0.1203125
5 0.4140625 0.84921875 0.05234375 0.18828125
10 0.14921875 0.26796875 0.071875 0.134375
0 0.7046875 0.6671875 0.04453125 0.12734375
17 0.36171875 0.48203125 0.0546875 0.10390625
8 0.30859375 0.46875 0.05 0.11953125
11 0.24921875 0.64453125 0.0703125 0.16640625
17 0.40078125 0.65 0.07578125 0.1578125
10 0.14140625 0.4546875 0.05625 0.11796875
6 0.71328125 0.51328125 0.046875 0.1140625
8 0.28203125 0.2875 0.06015625 0.12578125
1 0.83203125 0.67265625 0.03828125 0.11796875
5 0.51640625 0.8453125 0.046875 0.18125
18 0.521875 0.340625 0.05078125 0.1078125
6 0.6140625 0.4984375 0.0484375 0.12265625
18 0.4703125 0.496875 0.04609375 0.09765625
24 0.61328125 0.6671875 0.04453125 0.12421875
4 0.290625 0.85390625 0.06953125 0.19921875
5 0.56640625 0.8421875 0.05 0.17421875
18 0.51796875 0.50078125 0.04609375 0.0953125
3 0.06171875 0.86328125 0.0890625 0.21796875
0 0.65859375 0.66484375 0.04609375 0.1296875
13 0.76484375 0.8296875 0.04296875 0.14765625
16 0.57109375 0.978125 0.0640625 0.04296875
13 0.68203125 0.8375 0.05 0.1578125
1 0.68984375 0.378125 0.03125 0.09296875
2 0.75546875 0.39140625 0.02734375 0.08828125
1 0.72421875 0.38359375 0.0328125 0.09375
13 0.89765625 0.96328125 0.0796875 0.0734375
17 0.565625 0.496875 0.04296875 0.1125
13 0.725 0.8359375 0.03515625 0.153125
13 0.82734375 0.8296875 0.0734375 0.14375
16 0.41796875 0.9859375 0.08125 0.02734375
10 0.0125 0.23828125 0.025 0.1921875