17 0.5640625 0.5765625 0.05625 0.15234375
10 0.21640625 0.61953125 0.08125 0.2
17 0.5265625 0.76015625 0.06015625 0.15390625
10 0.12421875 0.3609375 0.0875 0.21484375
17 0.5890625 0.74140625 0.05390625 0.14296875
17 0.50234375 0.58359375 0.06015625 0.15859375
10 0.20859375 0.3640625 0.071875 0.20390625
10 0.1234375 0.63203125 0.0953125 0.2109375
8 0.46171875 0.37421875 0.05 0.16875
10 0.28125 0.36640625 0.065625 0.19296875
0 0.75859375 0.38515625 0.0296875 0.12734375
8 0.4078125 0.37265625 0.0546875 0.17421875
17 0.65625 0.38828125 0.03828125 0.12734375
8 0.346875 0.37109375 0.06171875 0.18203125
8 0.4390625 0.5859375 0.05859375 0.17578125
8 0.37421875 0.621875 0.0640625 0.128125
1 0.7890625 0.3859375 0.02734375 0.12421875
17 0.56640625 0.3875 0.046875 0.1375
17 0.6140625 0.3890625 0.04296875 0.13046875
8 0.30078125 0.6375 0.07421875 0.1296875
18 0.61875 0.56796875 0.046875 0.14296875
0 0.72890625 0.38515625 0.02890625 0.13125
1 0.740625 0.546875 0.034375 0.13046875
0 0.70390625 0.55234375 0.03671875 0.1359375
0 0.6953125 0.38515625 0.03828125 0.13203125
0 0.6640625 0.55859375 0.0390625 0.1390625
17 0.5140625 0.3859375 0.05390625 0.14375
1 0.7734375 0.5421875 0.0296875 0.12421875
1 0.81484375 0.3875 0.0234375 0.11875
2 0.80234375 0.53828125 0.02734375 0.12265625
1 0.83984375 0.3875 0.02578125 0.11484375