10 0.72578125 0.41796875 0.0609375 0.13359375
10 0.79609375 0.41875 0.07421875 0.14140625
10 0.7359375 0.24140625 0.05859375 0.13203125
10 0.67890625 0.24765625 0.05234375 0.12734375
10 0.86796875 0.2296875 0.06953125 0.14140625
2 0.4640625 0.27109375 0.03359375 0.10625
10 0.86875 0.42109375 0.06953125 0.14921875
10 0.946875 0.22109375 0.08046875 0.146875
10 0.79921875 0.23515625 0.06328125 0.13671875
2 0.50234375 0.2671875 0.040625 0.11015625
8 0.58203125 0.259375 0.040625 0.11640625
8 0.6265625 0.25234375 0.046875 0.12421875
8 0.65625 0.41484375 0.06875 0.12734375
1 0.35859375 0.28203125 0.03359375 0.096875
2 0.26171875 0.4078125 0.03125 0.0859375
10 0.95234375 0.428125 0.090625 0.1703125
2 0.2375 0.40703125 0.02578125 0.0828125
8 0.59453125 0.41640625 0.0515625 0.11484375
8 0.5421875 0.2625 0.0359375 0.1125
8 0.54296875 0.41875 0.04765625 0.10703125
1 0.325 0.28671875 0.03125 0.0921875
1 0.37890625 0.4109375 0.0578125 0.10234375
0 0.3265625 0.409375 0.0390625 0.0953125
2 0.4296875 0.275 0.0296875 0.10234375
17 0.209375 0.3 0.025 0.07421875
17 0.1828125 0.30234375 0.02734375 0.0734375