10 0.76171875 0.440625 0.05546875 0.12734375
10 0.89296875 0.4453125 0.06328125 0.1390625
10 0.82421875 0.26875 0.05703125 0.1328125
10 0.8265625 0.4421875 0.0671875 0.134375
10 0.7171875 0.2796875 0.04375 0.121875
10 0.8859375 0.26484375 0.06171875 0.13359375
10 0.7671875 0.2734375 0.053125 0.12890625
2 0.559375 0.296875 0.0359375 0.10546875
8 0.671875 0.284375 0.04375 0.11640625
10 0.95546875 0.25703125 0.06875 0.14140625
10 0.96328125 0.45625 0.07109375 0.16875
8 0.70078125 0.4375 0.06171875 0.12109375
1 0.40390625 0.3125 0.03046875 0.08828125
1 0.43359375 0.31015625 0.028125 0.08984375
8 0.63203125 0.28984375 0.03671875 0.1109375
2 0.52421875 0.3015625 0.03125 0.09921875
8 0.64453125 0.43671875 0.04609375 0.1125
16 0.88515625 0.60859375 0.0546875 0.12265625
2 0.32421875 0.42578125 0.028125 0.08125
8 0.5953125 0.29296875 0.0328125 0.10859375
2 0.3453125 0.42734375 0.02734375 0.0828125
0 0.40234375 0.428125 0.03671875 0.09140625
8 0.5984375 0.43671875 0.0421875 0.1046875
17 0.3 0.32578125 0.03046875 0.071875
0 0.46640625 0.3078125 0.03359375 0.0921875
2 0.36796875 0.42734375 0.028125 0.0875
16 0.98828125 0.62265625 0.02265625 0.13125
0 0.4953125 0.3046875 0.025 0.09453125
17 0.27109375 0.3296875 0.02578125 0.06640625
2 0.2921875 0.425 0.03125 0.07578125