6 0.42109375 0.465625 0.06171875 0.15078125
2 0.31015625 0.28125 0.07421875 0.15703125
18 0.271875 0.68515625 0.1 0.15234375
12 0.6375 0.43984375 0.0515625 0.12734375
2 0.1640625 0.2828125 0.07265625 0.16328125
1 0.43828125 0.2859375 0.065625 0.14453125
3 0.328125 0.85078125 0.06875 0.13671875
1 0.0265625 0.278125 0.053125 0.17734375
6 0.0703125 0.49765625 0.13515625 0.20078125
6 0.184375 0.4875 0.0875 0.18828125
6 0.26796875 0.47734375 0.0796875 0.17265625
1 0.5 0.2875 0.0546875 0.13828125
4 0.56875 0.7546875 0.0390625 0.11484375
18 0.5921875 0.6125 0.07734375 0.09921875
18 0.3640625 0.6609375 0.0796875 0.14375
6 0.34765625 0.4703125 0.07734375 0.1640625
4 0.521875 0.77265625 0.05234375 0.11953125
8 0.58828125 0.296875 0.04375 0.11484375
3 0.4203125 0.80859375 0.046875 0.12109375
3 0.25234375 0.8734375 0.078125 0.13359375
8 0.71328125 0.296875 0.03125 0.10859375
10 0.634375 0.2984375 0.04609375 0.10859375
8 0.746875 0.29765625 0.0328125 0.109375
10 0.67734375 0.29765625 0.0390625 0.10859375
11 0.75625 0.4265625 0.0546875 0.1125
17 0.8015625 0.5578125 0.040625 0.0765625
4 0.6546875 0.7234375 0.04375 0.11328125
18 0.4390625 0.646875 0.0671875 0.1296875
0 0.23671875 0.2828125 0.06953125 0.15625
11 0.6953125 0.43359375 0.0578125 0.12109375
12 0.5890625 0.4453125 0.046875 0.13359375
17 0.50625 0.63515625 0.06328125 0.109375
2 0.0890625 0.28125 0.075 0.16875
11 0.81015625 0.42265625 0.04765625 0.10625
3 0.46796875 0.790625 0.0515625 0.11640625
6 0.48671875 0.4578125 0.06171875 0.14609375
4 0.6109375 0.73828125 0.0421875 0.109375
16 0.5296875 0.91015625 0.06875 0.10234375
20 0.15546875 0.71640625 0.11875 0.16328125
3 0.125 0.91796875 0.08203125 0.15859375
17 0.76171875 0.5640625 0.03671875 0.078125
18 0.7046875 0.58203125 0.04765625 0.08515625
12 0.54140625 0.4515625 0.04765625 0.13984375
0 0.3765625 0.28359375 0.05703125 0.14921875
18 0.659375 0.590625 0.03828125 0.090625
10 0.7796875 0.29765625 0.03046875 0.10625
3 0.37890625 0.8296875 0.0390625 0.13203125
5 0.696875 0.70234375 0.03359375 0.10390625
3 0.1890625 0.89609375 0.04921875 0.1375
10 0.81484375 0.29765625 0.03515625 0.103125
16 0.5875 0.89296875 0.04375 0.11640625
5 0.73046875 0.68828125 0.0328125 0.096875
8 0.54609375 0.2953125 0.03828125 0.11875
16 0.465625 0.94375 0.05 0.1125
16 0.4171875 0.9578125 0.04375 0.08359375
5 0.7625 0.6765625 0.03046875 0.09375
16 0.371875 0.96875 0.04375 0.06171875
16 0.315625 0.98203125 0.04609375 0.0359375