10 0.40703125 0.11953125 0.06953125 0.134375
10 0.31171875 0.2890625 0.06640625 0.1203125
10 0.2453125 0.290625 0.05859375 0.11796875
10 0.3390625 0.128125 0.06328125 0.13125
10 0.18828125 0.2921875 0.053125 0.11484375
10 0.13125 0.29375 0.0578125 0.11328125
10 0.278125 0.1375 0.05234375 0.1234375
1 0.803125 0.26953125 0.0859375 0.15390625
8 0.45546875 0.2859375 0.07265625 0.128125
8 0.38203125 0.28671875 0.065625 0.12421875
8 0.1640625 0.15 0.046875 0.1140625
8 0.065625 0.159375 0.05546875 0.11015625
2 0.64921875 0.0921875 0.08515625 0.15078125
1 0.73515625 0.08203125 0.08359375 0.15546875
2 0.56953125 0.1015625 0.07109375 0.14375
10 0.3328125 0.4421875 0.06171875 0.0875
0 0.6234375 0.28046875 0.08203125 0.13671875
2 0.49140625 0.109375 0.078125 0.14140625
0 0.71328125 0.27421875 0.08828125 0.14765625
10 0.46328125 0.4484375 0.0578125 0.090625
10 0.4015625 0.4453125 0.06171875 0.08828125
0 0.53828125 0.28359375 0.0828125 0.1296875
1 0.225 0.6859375 0.0421875 0.08125
8 0.11796875 0.15390625 0.04375 0.1109375
10 0.26875 0.4390625 0.05859375 0.084375
1 0.27578125 0.69453125 0.05859375 0.0828125
10 0.21171875 0.43125 0.04765625 0.09140625
8 0.2203125 0.1421875 0.06015625 0.11875