10 0.47734375 0.26015625 0.034375 0.3171875
8 0.46171875 0.69609375 0.03828125 0.3515625
10 0.40234375 0.2296875 0.040625 0.35078125
10 0.6375 0.68046875 0.028125 0.2921875
8 0.50078125 0.68984375 0.0375 0.3390625
8 0.51328125 0.278125 0.0359375 0.2984375
8 0.41640625 0.7 0.04765625 0.37578125
10 0.61328125 0.31328125 0.0296875 0.26171875
10 0.44140625 0.24765625 0.034375 0.33203125
10 0.64375 0.32578125 0.0296875 0.25234375
8 0.365625 0.70234375 0.04921875 0.3984375
8 0.31328125 0.7078125 0.0515625 0.41640625
8 0.5390625 0.69140625 0.0359375 0.31484375
8 0.54921875 0.2921875 0.03359375 0.28359375
8 0.5828125 0.30390625 0.03125 0.27578125
1 0.6859375 0.671875 0.02265625 0.2765625
8 0.3578125 0.2109375 0.04375 0.36796875
8 0.31015625 0.19609375 0.0484375 0.38046875
8 0.25234375 0.71328125 0.06328125 0.44453125
1 0.66328125 0.6765625 0.021875 0.284375
10 0.60546875 0.6859375 0.03125 0.290625
2 0.7109375 0.66796875 0.02578125 0.26875
8 0.5734375 0.70390625 0.03125 0.2796875
10 0.46015625 0.96640625 0.0234375 0.0671875
8 0.25703125 0.1875 0.05234375 0.375
0 0.69765625 0.3453125 0.02734375 0.23671875
10 0.48125 0.9640625 0.0203125 0.07109375