8 0.23046875 0.51015625 0.090625 0.15234375
17 0.64140625 0.34609375 0.0546875 0.08828125
10 0.084375 0.33828125 0.0765625 0.10234375
10 0.040625 0.48984375 0.08046875 0.10234375
8 0.24375 0.32265625 0.07734375 0.13359375
3 0.5359375 0.809375 0.0609375 0.12890625
8 0.40390625 0.51171875 0.07109375 0.1125
3 0.46953125 0.82421875 0.0671875 0.13046875
17 0.58359375 0.3390625 0.05859375 0.10078125
8 0.38203125 0.3328125 0.06328125 0.1140625
10 0.16484375 0.3359375 0.07421875 0.10546875
3 0.59609375 0.79296875 0.05546875 0.1203125
8 0.32265625 0.51015625 0.08359375 0.13203125
1 0.86640625 0.340625 0.03671875 0.09296875
10 0.13515625 0.5140625 0.09375 0.15625
8 0.31640625 0.3265625 0.0640625 0.12578125
16 0.58828125 0.6359375 0.071875 0.1296875
17 0.7 0.346875 0.0578125 0.08515625
0 0.90234375 0.3421875 0.0328125 0.090625
4 0.78515625 0.74453125 0.04921875 0.10546875
17 0.70078125 0.48125 0.05703125 0.11328125
10 0.0203125 0.31796875 0.040625 0.1421875
2 0.75625 0.47578125 0.0515625 0.11171875
1 0.85078125 0.46953125 0.04140625 0.10546875
17 0.45234375 0.3375 0.07265625 0.10390625
1 0.828125 0.33984375 0.0359375 0.09609375
17 0.52265625 0.33828125 0.06171875 0.10234375
17 0.75 0.34609375 0.040625 0.084375
4 0.83828125 0.73125 0.0515625 0.103125
16 0.78671875 0.6046875 0.06875 0.11015625
17 0.56171875 0.490625 0.071875 0.1234375
2 0.78984375 0.3390625 0.0390625 0.0984375
0 0.8921875 0.4671875 0.040625 0.10234375
0 0.9328125 0.4640625 0.03828125 0.09921875
17 0.634375 0.48515625 0.071875 0.11640625
3 0.6484375 0.78203125 0.04609375 0.115625
1 0.9703125 0.46171875 0.0328125 0.0953125
0 0.9359375 0.34296875 0.03515625 0.0890625
17 0.4828125 0.49921875 0.08046875 0.121875
1 0.80625 0.47265625 0.04453125 0.1078125
16 0.64765625 0.6296875 0.04765625 0.125
5 0.4 0.83984375 0.07109375 0.13046875
16 0.69765625 0.62265625 0.05 0.12109375
4 0.73671875 0.75625 0.04609375 0.10859375
4 0.87890625 0.7234375 0.028125 0.096875
16 0.846875 0.59765625 0.046875 0.10859375
5 0.3296875 0.85546875 0.065625 0.13359375
3 0.6921875 0.76875 0.03515625 0.1125
16 0.25078125 0.69375 0.0796875 0.15078125
16 0.24921875 0.87578125 0.09140625 0.14296875