3 0.4703125 0.85 0.0671875 0.13046875
10 0.1484375 0.54140625 0.090625 0.15703125
1 0.8796875 0.36484375 0.0359375 0.09453125
10 0.10546875 0.35625 0.07734375 0.12109375
8 0.334375 0.3515625 0.06171875 0.1296875
8 0.24140625 0.53515625 0.08828125 0.1515625
5 0.4 0.86484375 0.07109375 0.13203125
8 0.39921875 0.35703125 0.0640625 0.11953125
3 0.5375 0.83515625 0.06328125 0.12890625
8 0.26328125 0.35 0.07421875 0.13203125
16 0.59453125 0.6609375 0.07265625 0.128125
17 0.7140625 0.37265625 0.05703125 0.084375
10 0.0484375 0.5140625 0.09453125 0.10078125
10 0.18515625 0.353125 0.07421875 0.12578125
8 0.41484375 0.53671875 0.071875 0.1140625
4 0.78828125 0.76796875 0.05 0.1078125
5 0.3296875 0.88125 0.065625 0.134375
3 0.59765625 0.81875 0.05546875 0.11875
10 0.03125 0.346875 0.06171875 0.140625
8 0.3328125 0.5328125 0.0828125 0.1390625
4 0.83984375 0.7578125 0.04921875 0.10078125
17 0.59765625 0.3640625 0.05859375 0.10078125
17 0.53671875 0.36484375 0.0609375 0.10078125
1 0.84140625 0.3640625 0.03515625 0.096875
17 0.64453125 0.51171875 0.0671875 0.11640625
0 0.90234375 0.490625 0.04140625 0.10234375
17 0.57265625 0.51640625 0.071875 0.121875
2 0.8046875 0.36328125 0.0390625 0.10078125
17 0.65546875 0.3703125 0.05546875 0.08828125
0 0.94296875 0.48828125 0.040625 0.09765625
4 0.88125 0.74765625 0.03125 0.0984375
17 0.71015625 0.50625 0.0578125 0.1109375
17 0.46953125 0.3640625 0.06953125 0.103125
4 0.7375 0.78203125 0.04765625 0.11328125
17 0.76328125 0.371875 0.04140625 0.08203125
16 0.85390625 0.62109375 0.05 0.1125
0 0.91484375 0.36640625 0.03359375 0.0921875
3 0.6515625 0.80625 0.04921875 0.115625
2 0.7671875 0.50078125 0.0515625 0.11171875
1 0.8609375 0.49375 0.0390625 0.1046875
5 0.25078125 0.9015625 0.0875 0.14375
16 0.65546875 0.65390625 0.046875 0.12578125
4 0.91796875 0.73984375 0.0390625 0.09765625
16 0.2546875 0.71875 0.078125 0.15234375
16 0.79296875 0.628125 0.0671875 0.11171875
1 0.81640625 0.496875 0.046875 0.10859375
17 0.49375 0.52265625 0.0796875 0.1265625
0 0.946875 0.3671875 0.03125 0.08984375
1 0.98046875 0.4859375 0.03359375 0.09375
3 0.69453125 0.79296875 0.0328125 0.1125
16 0.90234375 0.6140625 0.0421875 0.10859375
16 0.33515625 0.70859375 0.0796875 0.14296875