10 0.34921875 0.35546875 0.06875 0.11171875
10 0.3984375 0.203125 0.06171875 0.12109375
17 0.29765625 0.61015625 0.065625 0.0875
10 0.28359375 0.3546875 0.0578125 0.1109375
10 0.1703125 0.3546875 0.05234375 0.1046875
2 0.62890625 0.18515625 0.071875 0.13515625
10 0.2265625 0.35390625 0.05234375 0.10703125
10 0.47109375 0.19765625 0.075 0.12578125
10 0.33828125 0.20859375 0.0546875 0.1171875
17 0.23515625 0.603125 0.0546875 0.08203125
2 0.7078125 0.17890625 0.0828125 0.140625
1 0.83984375 0.35390625 0.0875 0.140625
8 0.49296875 0.35546875 0.07265625 0.1203125
1 0.7921875 0.171875 0.0796875 0.1453125
8 0.27890625 0.21328125 0.05546875 0.1125
8 0.4203125 0.353125 0.065625 0.1203125
8 0.1265625 0.22265625 0.053125 0.10546875
8 0.17734375 0.21953125 0.04453125 0.10625
2 0.553125 0.19140625 0.07734375 0.13125
0 0.57421875 0.35625 0.08203125 0.1234375
8 0.22421875 0.21640625 0.04921875 0.11015625
17 0.71875 0.53125 0.071875 0.1046875
1 0.88046875 0.16640625 0.0890625 0.14765625
0 0.659375 0.35625 0.08203125 0.128125
17 0.35546875 0.61875 0.04375 0.0890625