10 0.6578125 0.38828125 0.05703125 0.1140625
10 0.78125 0.37890625 0.0640625 0.121875
10 0.33515625 0.6625 0.04375 0.1109375
10 0.853125 0.371875 0.071875 0.1296875
10 0.38203125 0.66796875 0.04765625 0.11484375
10 0.71640625 0.38359375 0.05546875 0.11796875
8 0.5015625 0.53125 0.0546875 0.09921875
10 0.2890625 0.6578125 0.04140625 0.1046875
10 0.2484375 0.653125 0.03671875 0.10234375
10 0.209375 0.64765625 0.040625 0.103125
8 0.56171875 0.53203125 0.0609375 0.103125
10 0.49921875 0.4015625 0.04765625 0.10234375
8 0.6359375 0.53125 0.078125 0.11015625
10 0.6015625 0.39375 0.0515625 0.10859375
8 0.4984375 0.6796875 0.0609375 0.1265625
10 0.92265625 0.36796875 0.05546875 0.1359375
10 0.54921875 0.3984375 0.04921875 0.1046875
8 0.4453125 0.53046875 0.05546875 0.09296875
10 0.17265625 0.64453125 0.03125 0.09765625
1 0.090625 0.4375 0.03828125 0.07265625
8 0.4359375 0.6734375 0.0546875 0.11875
8 0.21484375 0.5296875 0.040625 0.08203125
10 0.14296875 0.6484375 0.03125 0.109375
1 0.1203125 0.4359375 0.02734375 0.07421875
8 0.72734375 0.53046875 0.09140625 0.11796875
3 0.36328125 0.95078125 0.04765625 0.0984375
10 0.9765625 0.9703125 0.046875 0.05625
8 0.3890625 0.53046875 0.046875 0.0890625
8 0.175 0.53046875 0.03671875 0.078125
1 0.01484375 0.62421875 0.0296875 0.08125
8 0.56328125 0.684375 0.06640625 0.128125
8 0.15 0.53046875 0.03671875 0.0765625
2 0.115625 0.53046875 0.03515625 0.0734375
3 0.32109375 0.94375 0.0328125 0.1125