10 0.40390625 0.3015625 0.0515625 0.13359375
2 0.69140625 0.48125 0.0796875 0.15859375
2 0.76796875 0.484375 0.07109375 0.165625
2 0.85546875 0.490625 0.10234375 0.18125
10 0.58203125 0.284375 0.05546875 0.15625
10 0.64375 0.27734375 0.06953125 0.16640625
1 0.40390625 0.46328125 0.05234375 0.11875
2 0.95546875 0.49765625 0.0890625 0.1875
1 0.45625 0.46640625 0.04921875 0.12578125
10 0.4578125 0.29609375 0.05234375 0.140625
10 0.5171875 0.290625 0.0671875 0.15546875
2 0.98515625 0.73125 0.0296875 0.165625
10 0.2328125 0.321875 0.03515625 0.0984375
2 0.32109375 0.4671875 0.03671875 0.0921875
10 0.34921875 0.6078125 0.03828125 0.0890625
10 0.19765625 0.3234375 0.03828125 0.09609375
0 0.615625 0.4765625 0.0671875 0.14765625
17 0.378125 0.73828125 0.0390625 0.0921875
0 0.55390625 0.4734375 0.05703125 0.13984375