6 0.2640625 0.621875 0.0828125 0.13359375
10 0.7203125 0.27578125 0.0421875 0.10078125
10 0.42265625 0.45078125 0.0515625 0.10859375
10 0.7078125 0.42578125 0.03359375 0.1
10 0.47265625 0.45 0.04609375 0.103125
10 0.51875 0.4515625 0.04609375 0.09140625
10 0.421875 0.25625 0.05234375 0.11796875
10 0.678125 0.27578125 0.03828125 0.09765625
10 0.66953125 0.42890625 0.04140625 0.103125
10 0.46953125 0.2609375 0.04375 0.11015625
6 0.17265625 0.6359375 0.0859375 0.1375
6 0.34296875 0.60703125 0.06640625 0.12578125
8 0.74453125 0.42421875 0.0359375 0.096875
10 0.0703125 0.43359375 0.0828125 0.209375
10 0.015625 0.85546875 0.03046875 0.15703125
8 0.59765625 0.43984375 0.0359375 0.09375
10 0.5140625 0.26953125 0.04609375 0.0953125
8 0.63203125 0.43515625 0.03046875 0.09765625
10 0.171875 0.45625 0.096875 0.146875
10 0.01328125 0.9734375 0.02578125 0.05234375
10 0.0078125 0.4578125 0.015625 0.171875