10 0.21484375 0.21875 0.09375 0.171875
10 0.03046875 0.20078125 0.0609375 0.19765625
10 0.275 0.4265625 0.09453125 0.1625
10 0.11484375 0.21328125 0.096875 0.17578125
10 0.05625 0.4359375 0.1015625 0.1859375
10 0.16484375 0.43125 0.1109375 0.18125
2 0.94921875 0.3953125 0.040625 0.09765625
8 0.30234375 0.22734375 0.0796875 0.16015625
2 0.984375 0.39453125 0.0296875 0.0953125
10 0.203125 0.65859375 0.09375 0.178125
8 0.3625 0.42265625 0.07734375 0.15078125
1 0.85703125 0.40234375 0.04453125 0.10234375
18 0.6609375 0.4171875 0.0578125 0.11171875
2 0.9828125 0.284375 0.03046875 0.0796875
8 0.4453125 0.4203125 0.0828125 0.13984375