8 0.409375 0.7765625 0.04609375 0.3671875
8 0.49375 0.7578125 0.0375 0.33671875
8 0.45390625 0.7671875 0.0390625 0.35078125
10 0.46484375 0.3421875 0.03359375 0.3046875
8 0.19375 0.26640625 0.05234375 0.4
8 0.50078125 0.3546875 0.03515625 0.28984375
10 0.390625 0.32109375 0.040625 0.334375
8 0.2484375 0.28515625 0.05 0.37109375
8 0.30625 0.79375 0.0515625 0.40390625
8 0.359375 0.78359375 0.04921875 0.384375
8 0.34765625 0.30859375 0.04296875 0.35078125
8 0.2484375 0.79296875 0.06171875 0.40703125
18 0.75546875 0.42265625 0.0203125 0.196875
8 0.53203125 0.75390625 0.03515625 0.31953125
8 0.53671875 0.3625 0.03359375 0.27578125
8 0.5703125 0.371875 0.03046875 0.26015625
10 0.63125 0.3890625 0.02890625 0.2421875
8 0.3 0.2953125 0.04765625 0.36484375
10 0.6015625 0.38046875 0.0296875 0.2515625
10 0.43046875 0.3328125 0.03515625 0.31796875
10 0.6296875 0.7359375 0.02734375 0.2875
18 0.78828125 0.72734375 0.01875 0.18515625
8 0.56640625 0.75859375 0.03125 0.28671875
18 0.77734375 0.42890625 0.02109375 0.1875
2 0.7296875 0.734375 0.02265625 0.21171875
18 0.80703125 0.72578125 0.0171875 0.1765625
8 0.5984375 0.75234375 0.03125 0.27265625
1 0.67890625 0.7265625 0.02265625 0.26484375
0 0.6875 0.40390625 0.02734375 0.2265625
1 0.65625 0.73046875 0.02265625 0.278125
2 0.70390625 0.72109375 0.02578125 0.2578125
0 0.66015625 0.396875 0.02578125 0.23515625
17 0.75078125 0.73359375 0.0171875 0.19609375
0 0.71328125 0.409375 0.0234375 0.2203125
17 0.76953125 0.7296875 0.01875 0.19140625
4 0.678125 0.95859375 0.025 0.0828125
4 0.65234375 0.9640625 0.0265625 0.071875
17 0.83125 0.7265625 0.02421875 0.15390625