11 0.43828125 0.45078125 0.0328125 0.08984375
6 0.07734375 0.46953125 0.053125 0.1234375
10 0.65 0.4421875 0.02734375 0.0640625
11 0.475 0.4484375 0.03828125 0.08671875
6 0.02421875 0.471875 0.04765625 0.13046875
11 0.5125 0.44765625 0.03515625 0.0828125
6 0.2328125 0.46328125 0.053125 0.10703125
12 0.3734375 0.4546875 0.0359375 0.096875
11 0.40625 0.45234375 0.03046875 0.09296875
6 0.18046875 0.46484375 0.04609375 0.11328125
0 0.7375 0.4375 0.02421875 0.05625
12 0.28515625 0.46015625 0.04609375 0.10234375
12 0.33125 0.4578125 0.04453125 0.1015625
10 0.621875 0.44453125 0.02421875 0.06484375
6 0.13125 0.4671875 0.05 0.11953125
2 0.8703125 0.4296875 0.03046875 0.0453125
10 0.55703125 0.45078125 0.03125 0.065625
0 0.7578125 0.4359375 0.021875 0.0546875
1 0.8046875 0.43203125 0.02421875 0.053125
2 0.90390625 0.428125 0.02421875 0.04140625
1 0.840625 0.43046875 0.0203125 0.04921875
2 0.709375 0.43828125 0.028125 0.0609375
1 0.8171875 0.43125 0.01875 0.0546875
1 0.78203125 0.43359375 0.02265625 0.0546875
8 0.6828125 0.440625 0.025 0.0625
2 0.92734375 0.42734375 0.01875 0.0390625
8 0.5875 0.44765625 0.025 0.0640625
17 0.45703125 0.73125 0.04609375 0.05
2 0.95390625 0.42578125 0.02734375 0.03671875
1 0.990625 0.42578125 0.01875 0.03359375