9 0.3265625 0.5484375 0.06015625 0.0703125
9 0.38671875 0.5453125 0.05703125 0.0703125
8 0.2890625 0.659375 0.04453125 0.06796875
2 0.77265625 0.5265625 0.04765625 0.0640625
10 0.07578125 0.56015625 0.06328125 0.07578125
2 0.72421875 0.62578125 0.03828125 0.0609375
8 0.55859375 0.53671875 0.05234375 0.0671875
17 0.8828125 0.521875 0.05234375 0.06015625
2 0.721875 0.528125 0.05234375 0.065625
17 0.93671875 0.51875 0.05 0.059375
8 0.5015625 0.53984375 0.05546875 0.06875
8 0.6109375 0.53515625 0.04921875 0.06640625
1 0.684375 0.6296875 0.03671875 0.06171875
8 0.665625 0.53125 0.0546875 0.0671875
10 0.20390625 0.5546875 0.05703125 0.071875
8 0.23984375 0.6609375 0.046875 0.071875
8 0.08515625 0.671875 0.04921875 0.07578125
10 0.384375 0.6515625 0.04375 0.06640625
10 0.42890625 0.64765625 0.0421875 0.06640625
10 0.3375 0.6546875 0.04453125 0.06796875
8 0.190625 0.6640625 0.046875 0.07265625
10 0.26484375 0.5515625 0.05703125 0.07109375
10 0.14140625 0.55703125 0.0609375 0.07421875
10 0.01953125 0.5640625 0.0390625 0.078125
17 0.86328125 0.61484375 0.0390625 0.05
2 0.765625 0.6234375 0.0421875 0.05859375
17 0.9453125 0.609375 0.046875 0.05078125
10 0.5171875 0.64375 0.0390625 0.06171875
8 0.13828125 0.66875 0.0515625 0.07421875
10 0.47421875 0.64609375 0.04140625 0.0625
17 0.98203125 0.51640625 0.0359375 0.06015625
0 0.6015625 0.63515625 0.040625 0.0640625
1 0.64375 0.63203125 0.0390625 0.06171875
9 0.44453125 0.54296875 0.053125 0.0703125
0 0.559375 0.6390625 0.040625 0.0640625
17 0.90234375 0.6125 0.03359375 0.05078125
8 0.03125 0.67578125 0.053125 0.075
17 0.8171875 0.61796875 0.05 0.05234375
17 0.9875 0.60625 0.025 0.046875
17 0.82578125 0.525 0.0546875 0.06015625