10 0.24453125 0.60703125 0.08203125 0.15859375
10 0.32578125 0.6 0.07265625 0.1453125
10 0.46015625 0.58828125 0.0609375 0.13515625
10 0.396875 0.59453125 0.0640625 0.14296875
10 0.51875 0.58046875 0.053125 0.12578125
10 0.56953125 0.5765625 0.046875 0.11953125
10 0.6171875 0.571875 0.046875 0.11640625
1 0.04765625 0.63203125 0.09453125 0.18515625
10 0.75234375 0.3265625 0.0328125 0.07734375
8 0.76640625 0.55703125 0.03359375 0.09921875
10 0.85 0.3359375 0.03046875 0.07578125
10 0.80390625 0.3328125 0.03046875 0.075
10 0.834375 0.54921875 0.0390625 0.0953125
10 0.01171875 0.87109375 0.02265625 0.16796875
1 0.0390625 0.2140625 0.075 0.15859375
10 0.69140625 0.31484375 0.03046875 0.090625
8 0.49609375 0.421875 0.04921875 0.11328125
1 0.1265625 0.2234375 0.06875 0.15625
10 0.8828125 0.33828125 0.0328125 0.07734375
8 0.6609375 0.56875 0.040625 0.10859375
3 0.88046875 0.76640625 0.05234375 0.09296875
2 0.146875 0.41796875 0.07734375 0.13515625
10 0.83125 0.334375 0.02734375 0.0765625
8 0.71953125 0.4296875 0.03828125 0.09375
8 0.8 0.55234375 0.03125 0.09609375
10 0.87109375 0.546875 0.03359375 0.09375
10 0.78671875 0.33125 0.03046875 0.0765625
2 0.065625 0.41640625 0.08515625 0.14140625
1 0.01015625 0.40859375 0.01953125 0.15859375
6 0.15 0.61640625 0.09921875 0.18359375
10 0.721875 0.32109375 0.03046875 0.0875
8 0.678125 0.43046875 0.040625 0.09296875