12 0.3890625 0.4734375 0.0390625 0.09609375
6 0.0359375 0.48984375 0.07109375 0.11484375
11 0.52734375 0.46640625 0.03828125 0.0796875
12 0.346875 0.475 0.04140625 0.09921875
6 0.1015625 0.48671875 0.0546875 0.11796875
10 0.63359375 0.46484375 0.02734375 0.06015625
11 0.48828125 0.46640625 0.03671875 0.08828125
6 0.15390625 0.48359375 0.04609375 0.11484375
6 0.2515625 0.48046875 0.05 0.10703125
6 0.2015625 0.48203125 0.046875 0.11171875
10 0.6640625 0.4625 0.0296875 0.0609375
0 0.75625 0.45625 0.03125 0.05625
2 0.72421875 0.459375 0.0296875 0.05703125
12 0.3015625 0.47734375 0.046875 0.10078125
2 0.8859375 0.4484375 0.03671875 0.04609375
8 0.6953125 0.4609375 0.02578125 0.05859375
11 0.45390625 0.46875 0.03125 0.09140625
2 0.92109375 0.44765625 0.02734375 0.0421875
2 0.95078125 0.446875 0.028125 0.040625
1 0.82109375 0.45234375 0.03359375 0.05078125
1 0.85390625 0.45078125 0.025 0.04921875
11 0.42421875 0.47109375 0.03046875 0.09296875
1 0.803125 0.45390625 0.02421875 0.05078125
8 0.603125 0.4671875 0.03046875 0.06171875
10 0.57109375 0.46875 0.03359375 0.065625