10 0.41015625 0.25625 0.04765625 0.11015625
10 0.459375 0.4484375 0.0421875 0.096875
10 0.68671875 0.43046875 0.03125 0.0890625
10 0.41171875 0.44765625 0.05 0.103125
10 0.6609375 0.27421875 0.0390625 0.096875
10 0.4578125 0.25546875 0.04765625 0.1125
6 0.16640625 0.63359375 0.0828125 0.13984375
10 0.15078125 0.2203125 0.06640625 0.16484375
10 0.5046875 0.44921875 0.046875 0.09375
10 0.69921875 0.2765625 0.03515625 0.0953125
10 0.64921875 0.4359375 0.0390625 0.09296875
8 0.58203125 0.45078125 0.03359375 0.07265625
10 0.02734375 0.43515625 0.0296875 0.21640625