6 0.26875 0.5390625 0.0796875 0.15625
6 0.1828125 0.55 0.08046875 0.1609375
6 0.078125 0.5609375 0.11796875 0.17734375
6 0.3515625 0.52578125 0.0765625 0.14296875
6 0.42578125 0.51875 0.0609375 0.14296875
10 0.79765625 0.3515625 0.03359375 0.103125
1 0.03515625 0.33125 0.0640625 0.1765625
6 0.490625 0.51484375 0.06171875 0.1390625
1 0.45703125 0.3390625 0.06875 0.1421875
10 0.6984375 0.35234375 0.040625 0.1046875
10 0.65390625 0.353125 0.046875 0.10546875
1 0.521875 0.34375 0.0578125 0.128125
11 0.7671875 0.48046875 0.05546875 0.10234375