10 0.6125 0.6078125 0.0640625 0.1828125
10 0.68828125 0.62265625 0.08203125 0.19375
10 0.5515625 0.596875 0.05234375 0.1703125
10 0.9109375 0.6546875 0.1234375 0.23671875
10 0.4890625 0.39296875 0.04765625 0.14375
10 0.78828125 0.63671875 0.1046875 0.22109375
10 0.53515625 0.39140625 0.04609375 0.1484375
10 0.44375 0.39609375 0.04140625 0.1359375
11 0.69375 0.36015625 0.0796875 0.21640625
8 0.44453125 0.58046875 0.03828125 0.14765625
8 0.49375 0.58671875 0.05703125 0.1625
2 0.2625 0.41484375 0.0328125 0.0953125