10 0.7046875 0.26875 0.075 0.178125
10 0.45390625 0.2921875 0.05703125 0.14296875
2 0.925 0.49765625 0.1125 0.190625
10 0.6390625 0.27734375 0.05703125 0.1640625
2 0.75078125 0.484375 0.0828125 0.16328125
2 0.83203125 0.48828125 0.07421875 0.16953125
10 0.509375 0.28828125 0.0546875 0.146875
10 0.57109375 0.28359375 0.06875 0.15859375
10 0.2421875 0.3125 0.0328125 0.09921875
10 0.2796875 0.31171875 0.03671875 0.10234375
1 0.50625 0.46328125 0.05234375 0.1296875
1 0.45234375 0.46015625 0.053125 0.12265625
2 0.99140625 0.49765625 0.0171875 0.2046875
1 0.9765625 0.73671875 0.046875 0.1609375
0 0.671875 0.47734375 0.071875 0.15390625