8 0.4828125 0.2359375 0.0328125 0.1
8 0.446875 0.23359375 0.034375 0.10078125
8 0.409375 0.23359375 0.03671875 0.10234375
10 0.203125 0.3515625 0.03671875 0.10234375
6 0.1703125 0.76015625 0.0453125 0.10625
10 0.13046875 0.21796875 0.046875 0.1171875
10 0.17890625 0.2203125 0.0453125 0.11640625
10 0.07734375 0.353125 0.0484375 0.10625
10 0.22734375 0.22265625 0.0453125 0.1140625
2 0.17890625 0.63359375 0.034375 0.0984375
8 0.33515625 0.2296875 0.03828125 0.10546875
10 0.078125 0.21484375 0.05234375 0.121875
2 0.4140625 0.46953125 0.0328125 0.0984375
10 0.23984375 0.35078125 0.0328125 0.10078125
2 0.434375 0.584375 0.0296875 0.09375
2 0.2140625 0.628125 0.034375 0.0953125
8 0.36796875 0.34921875 0.03125 0.090625
8 0.37265625 0.23203125 0.034375 0.103125
0 0.18515625 0.49609375 0.034375 0.1015625
8 0.42734375 0.35 0.028125 0.08671875
10 0.27421875 0.35078125 0.0328125 0.0984375
8 0.54765625 0.2390625 0.03125 0.09765625
1 0.38203125 0.4765625 0.02578125 0.09296875
0 0.1484375 0.49921875 0.03671875 0.1046875
10 0.3078125 0.35 0.03125 0.0953125
1 0.371875 0.5984375 0.0296875 0.08671875
1 0.321875 0.48359375 0.028125 0.09375
1 0.3421875 0.603125 0.0296875 0.0875
10 0.16484375 0.35234375 0.03671875 0.1046875
10 0.2734375 0.225 0.04375 0.11328125
8 0.3984375 0.34921875 0.028125 0.0890625
1 0.35234375 0.4796875 0.0296875 0.09375
18 0.74375 0.34296875 0.02109375 0.0640625
6 0.11953125 0.76875 0.05 0.1078125
10 0.1234375 0.353125 0.03984375 0.10546875
0 0.14140625 0.6390625 0.03671875 0.10078125
2 0.25 0.6203125 0.03125 0.0953125
10 0.0265625 0.21796875 0.0453125 0.1125
8 0.515625 0.23828125 0.0296875 0.1
2 0.25703125 0.490625 0.0328125 0.096875
2 0.446875 0.465625 0.0296875 0.096875
1 0.5375 0.45703125 0.028125 0.0890625
2 0.403125 0.5890625 0.0296875 0.09375
1 0.496875 0.571875 0.028125 0.0875
10 0.3375 0.35 0.02421875 0.09296875
1 0.565625 0.45390625 0.028125 0.0890625
8 0.48359375 0.346875 0.02421875 0.08515625
8 0.509375 0.346875 0.02578125 0.0828125
1 0.31171875 0.60859375 0.0296875 0.08984375
8 0.45625 0.34765625 0.02578125 0.0859375
2 0.221875 0.49296875 0.034375 0.1
18 0.72109375 0.34453125 0.02421875 0.065625
2 0.4765625 0.4625 0.028125 0.09453125
8 0.53671875 0.3453125 0.02421875 0.08125
1 0.52578125 0.5671875 0.028125 0.0859375
2 0.290625 0.4859375 0.03125 0.09453125
1 0.50703125 0.459375 0.0296875 0.09296875
0 0.10390625 0.50234375 0.05 0.1078125
18 0.78828125 0.34140625 0.02109375 0.06328125
2 0.465625 0.57734375 0.0296875 0.0921875
1 0.55390625 0.5625 0.02421875 0.08515625
8 0.584375 0.3453125 0.03125 0.07890625
2 0.28125 0.61484375 0.0296875 0.09296875
18 0.78125 0.43203125 0.02265625 0.0734375
8 0.57890625 0.23828125 0.0296875 0.09375
0 0.1015625 0.64296875 0.04140625 0.1078125
8 0.6 0.34453125 0.02109375 0.07734375
8 0.55625 0.3453125 0.0171875 0.07890625
18 0.75625 0.434375 0.02421875 0.075
18 0.7640625 0.3421875 0.02109375 0.0640625
1 0.58046875 0.55859375 0.02578125 0.08203125
1 0.59375 0.45078125 0.02578125 0.0859375
8 0.30390625 0.2265625 0.02109375 0.109375
6 0.2171875 0.74765625 0.04140625 0.1046875
18 0.7296875 0.43671875 0.02421875 0.0765625