8 0.3125 0.33671875 0.03671875 0.11328125
8 0.28671875 0.1515625 0.0484375 0.14140625
8 0.175 0.14140625 0.0625 0.1453125
10 0.4671875 0.17421875 0.03984375 0.1234375
8 0.3359375 0.15859375 0.0484375 0.1390625
8 0.234375 0.33671875 0.03984375 0.1203125
8 0.190625 0.33671875 0.04140625 0.12109375
8 0.275 0.3375 0.03828125 0.115625
8 0.10078125 0.1265625 0.08359375 0.16796875
8 0.234375 0.146875 0.05234375 0.14375
8 0.38359375 0.16328125 0.046875 0.13359375
8 0.35 0.33671875 0.034375 0.1109375
10 0.4515625 0.33671875 0.0328125 0.10546875
8 0.140625 0.33515625 0.05546875 0.128125
8 0.41875 0.33671875 0.0296875 0.1078125
3 0.32109375 0.61796875 0.034375 0.10234375
3 0.35390625 0.6125 0.034375 0.0984375
2 0.4265625 0.478125 0.0296875 0.09765625
3 0.284375 0.62421875 0.03828125 0.10625
2 0.321875 0.48671875 0.03984375 0.103125
5 0.16640625 0.6453125 0.0453125 0.1140625
8 0.42734375 0.1703125 0.03828125 0.128125
8 0.3859375 0.33671875 0.0328125 0.11015625
10 0.5140625 0.33515625 0.02578125 0.1015625
10 0.484375 0.3359375 0.0296875 0.10234375
3 0.20859375 0.6390625 0.04140625 0.1125
0 0.509375 0.46953125 0.02578125 0.090625
10 0.50625 0.1796875 0.03671875 0.12109375
2 0.36015625 0.484375 0.0328125 0.10078125
2 0.39375 0.48125 0.0328125 0.1
10 0.54375 0.33515625 0.0296875 0.10078125
10 0.5421875 0.184375 0.034375 0.1140625
10 0.57265625 0.33515625 0.02578125 0.09765625
0 0.5359375 0.4671875 0.02578125 0.0875
3 0.24765625 0.63125 0.03671875 0.10625
1 0.27890625 0.48515625 0.0453125 0.115625
0 0.5625 0.46484375 0.02578125 0.0859375
10 0.59921875 0.33515625 0.02265625 0.09453125
2 0.4546875 0.47578125 0.02578125 0.09453125
0 0.63359375 0.459375 0.02265625 0.084375
10 0.62265625 0.33515625 0.02265625 0.09296875
2 0.48203125 0.47265625 0.028125 0.0921875
10 0.57734375 0.18671875 0.0328125 0.1140625
0 0.58828125 0.4625 0.02578125 0.08515625
1 0.2359375 0.4875 0.03984375 0.12109375
0 0.6140625 0.459375 0.02421875 0.084375
10 0.6453125 0.33515625 0.02109375 0.08984375
10 0.640625 0.19609375 0.0328125 0.103125
10 0.609375 0.19140625 0.0296875 0.11015625
3 0.3859375 0.6078125 0.0328125 0.09765625
10 0.66484375 0.33671875 0.01875 0.08515625