8 0.24296875 0.54296875 0.0484375 0.0828125
8 0.35 0.54375 0.05234375 0.08515625
8 0.2015625 0.33515625 0.04140625 0.08671875
1 0.83828125 0.2 0.05546875 0.10078125
8 0.4625 0.54375 0.05390625 0.0859375
10 0.73203125 0.43671875 0.046875 0.09296875
10 0.578125 0.43828125 0.0453125 0.08984375
10 0.8359375 0.4359375 0.05390625 0.09296875
10 0.5796875 0.54375 0.05546875 0.08984375
0 0.41953125 0.21640625 0.0453125 0.096875
8 0.40625 0.54375 0.05234375 0.08515625
10 0.6796875 0.43671875 0.0484375 0.0921875
8 0.29609375 0.54375 0.05 0.08203125
8 0.11171875 0.3375 0.04140625 0.08515625
1 0.72890625 0.20390625 0.05 0.0984375
8 0.13828125 0.54140625 0.0484375 0.08203125
8 0.15703125 0.33671875 0.04375 0.0859375
8 0.24765625 0.334375 0.0453125 0.0875
10 0.8265625 0.54609375 0.0609375 0.090625
10 0.7609375 0.54609375 0.0609375 0.08984375
10 0.78125 0.43671875 0.0484375 0.09296875
10 0.7890625 0.321875 0.05 0.09453125
1 0.6765625 0.20625 0.0484375 0.0984375
0 0.37265625 0.21796875 0.0453125 0.0953125
8 0.52109375 0.54375 0.05546875 0.0875
1 0.7828125 0.2015625 0.05 0.1
0 0.62421875 0.2078125 0.05 0.09765625
10 0.63125 0.3265625 0.046875 0.09375
10 0.84375 0.3203125 0.05234375 0.0953125
10 0.6828125 0.325 0.0484375 0.09375
8 0.2984375 0.440625 0.04140625 0.084375
10 0.7359375 0.3234375 0.05 0.09453125
8 0.06796875 0.3375 0.04375 0.08671875
8 0.3890625 0.33125 0.0453125 0.08984375
8 0.0859375 0.54140625 0.0484375 0.0796875
8 0.3421875 0.3328125 0.0453125 0.0890625
10 0.6390625 0.5453125 0.05390625 0.08984375
8 0.18984375 0.5421875 0.05 0.0828125
10 0.58046875 0.32734375 0.0453125 0.09375
8 0.1234375 0.4421875 0.03984375 0.0828125
0 0.56953125 0.21015625 0.0484375 0.09765625
8 0.07890625 0.4421875 0.04140625 0.0828125
0 0.18515625 0.22578125 0.04375 0.0921875
0 0.275 0.221875 0.0453125 0.09453125
8 0.29453125 0.334375 0.04375 0.0875
8 0.5328125 0.32890625 0.0453125 0.08984375
10 0.62734375 0.4375 0.046875 0.090625
0 0.04921875 0.22890625 0.0453125 0.09296875
8 0.34296875 0.440625 0.04140625 0.08515625
8 0.16640625 0.4421875 0.03984375 0.084375
10 0.69765625 0.5453125 0.05703125 0.08984375
8 0.3890625 0.43984375 0.04375 0.0859375
8 0.4375 0.33125 0.0453125 0.08984375
0 0.13984375 0.22734375 0.04140625 0.0921875
8 0.5296875 0.43828125 0.0453125 0.08984375
8 0.48203125 0.4390625 0.04375 0.0859375
8 0.2546875 0.44140625 0.04140625 0.084375
0 0.2296875 0.22421875 0.04140625 0.09296875
0 0.46875 0.21328125 0.046875 0.096875
0 0.51796875 0.21171875 0.046875 0.09765625
8 0.43515625 0.4390625 0.0453125 0.0875
8 0.21015625 0.44140625 0.04140625 0.084375
0 0.3234375 0.2203125 0.046875 0.0953125
0 0.0953125 0.228125 0.04140625 0.090625
8 0.48515625 0.33046875 0.0453125 0.0875