10 0.21953125 0.70390625 0.06953125 0.14921875
10 0.11953125 0.496875 0.065625 0.1578125
10 0.346875 0.471875 0.05 0.1421875
10 0.34453125 0.6765625 0.05703125 0.13984375
8 0.4890625 0.45859375 0.0453125 0.128125
10 0.40078125 0.665625 0.05 0.1375
10 0.4421875 0.4625 0.04375 0.13359375
10 0.240625 0.484375 0.05234375 0.14921875
10 0.29453125 0.478125 0.05 0.146875
10 0.1828125 0.49140625 0.05703125 0.15234375
10 0.284375 0.6890625 0.059375 0.1453125
10 0.396875 0.4671875 0.0453125 0.1375
8 0.53203125 0.45390625 0.03984375 0.1265625
8 0.5 0.64609375 0.05234375 0.13125
10 0.4515625 0.65625 0.0453125 0.13203125
0 0.6828125 0.61015625 0.03828125 0.11640625
0 0.68828125 0.42890625 0.03671875 0.1296875
0 0.72890625 0.4234375 0.03984375 0.1265625
8 0.5734375 0.44921875 0.03984375 0.1265625
8 0.55 0.6359375 0.0453125 0.125
17 0.80234375 0.58046875 0.03984375 0.11328125
8 0.6140625 0.44375 0.03671875 0.125
0 0.72421875 0.6 0.03828125 0.1125
8 0.596875 0.6265625 0.04375 0.12421875
17 0.81015625 0.421875 0.0328125 0.10625
17 0.771875 0.425 0.03984375 0.1125
17 0.84453125 0.57265625 0.04140625 0.11328125
8 0.65078125 0.43828125 0.034375 0.1234375
8 0.64140625 0.61875 0.04140625 0.1203125
17 0.84375 0.41875 0.0328125 0.103125
17 0.88515625 0.565625 0.03984375 0.10859375
17 0.87734375 0.4171875 0.03125 0.096875