1 0.3921875 0.31796875 0.0640625 0.175
1 0.3234375 0.31875 0.06953125 0.18359375
1 0.5125 0.315625 0.05390625 0.16328125
17 0.66171875 0.490625 0.0484375 0.13203125
1 0.61796875 0.3140625 0.046875 0.15234375
17 0.428125 0.5375 0.059375 0.12421875
1 0.565625 0.3140625 0.05390625 0.1578125
1 0.665625 0.31328125 0.0453125 0.14453125
0 0.1671875 0.31875 0.08671875 0.19921875
0 0.2484375 0.31953125 0.0765625 0.19140625
17 0.81875 0.46484375 0.05 0.125
1 0.7109375 0.3125 0.04140625 0.14140625
1 0.45390625 0.3171875 0.059375 0.1703125
8 0.840625 0.30546875 0.05546875 0.134375
17 0.60625 0.4984375 0.05546875 0.134375
17 0.7171875 0.4796875 0.05703125 0.1359375
1 0.7921875 0.30859375 0.034375 0.1375
17 0.76875 0.471875 0.0453125 0.1296875
17 0.86796875 0.45625 0.046875 0.1203125
24 0.29140625 0.54609375 0.06796875 0.15625
19 0.490625 0.515625 0.0625 0.1484375
1 0.753125 0.31015625 0.04140625 0.14140625
8 0.88828125 0.3046875 0.03671875 0.128125
19 0.55 0.50625 0.05390625 0.140625
24 0.21328125 0.55625 0.08671875 0.16328125
16 0.6625 0.80234375 0.05 0.1125
24 0.36171875 0.5375 0.06796875 0.15
3 0.446875 0.7046875 0.0609375 0.1484375