0 0.30390625 0.3984375 0.03671875 0.08984375
0 0.2953125 0.50703125 0.034375 0.0890625
0 0.2671875 0.396875 0.0328125 0.0875
10 0.378125 0.4 0.03671875 0.08984375
17 0.56953125 0.13125 0.0609375 0.115625
17 0.50703125 0.13828125 0.05703125 0.1109375
0 0.25078125 0.2859375 0.0328125 0.096875
8 0.5 0.2765625 0.0453125 0.10625
0 0.225 0.5015625 0.03125 0.0859375
10 0.4609375 0.40234375 0.04140625 0.09375
0 0.23203125 0.39609375 0.0328125 0.08671875
8 0.50703125 0.4046875 0.0453125 0.096875
8 0.584375 0.53125 0.0453125 0.10234375
10 0.3703125 0.5125 0.03671875 0.0921875
0 0.2890625 0.28359375 0.03828125 0.0984375
10 0.41875 0.40078125 0.03828125 0.0921875
8 0.63359375 0.65703125 0.05703125 0.0953125
0 0.21171875 0.60078125 0.03671875 0.0765625
0 0.653125 0.40859375 0.0484375 0.1015625
8 0.55390625 0.40625 0.0453125 0.09765625
17 0.3984375 0.1515625 0.0484375 0.10546875
8 0.634375 0.5359375 0.05 0.10625
8 0.61640625 0.91171875 0.05 0.09765625
17 0.45078125 0.1453125 0.05 0.1078125
8 0.59921875 0.27421875 0.05 0.109375
8 0.56171875 0.77109375 0.0484375 0.09453125
0 0.18203125 0.28828125 0.03671875 0.09375
0 0.196875 0.39609375 0.034375 0.08515625
17 0.25234375 0.16796875 0.0484375 0.09765625
8 0.5484375 0.275 0.046875 0.10859375
8 0.5734375 0.64921875 0.05390625 0.0921875
8 0.615625 0.7828125 0.05234375 0.0953125
17 0.634375 0.1234375 0.0640625 0.11796875
8 0.509375 0.75859375 0.0484375 0.09765625
0 0.190625 0.49921875 0.0328125 0.0859375
8 0.49375 0.52265625 0.04375 0.0984375
8 0.678125 0.5390625 0.0328125 0.109375
10 0.4109375 0.515625 0.03828125 0.09296875
8 0.5140625 0.884375 0.046875 0.09296875
10 0.34140625 0.39921875 0.034375 0.08984375
0 0.6015625 0.4078125 0.046875 0.1
0 0.2890625 0.6109375 0.03828125 0.0828125
8 0.65390625 0.271875 0.05 0.1109375
0 0.25859375 0.5046875 0.0328125 0.0875
10 0.4515625 0.51875 0.03828125 0.09453125
0 0.2171875 0.28671875 0.0296875 0.09453125
10 0.3328125 0.51015625 0.034375 0.090625
8 0.5203125 0.6421875 0.0484375 0.08984375
17 0.3015625 0.1625 0.04140625 0.1
8 0.46875 0.6359375 0.0484375 0.0875
0 0.33125 0.615625 0.04140625 0.0828125
1 0.28671875 0.7125 0.03671875 0.08984375
17 0.20546875 0.17265625 0.03984375 0.09453125
8 0.66640625 0.79375 0.04140625 0.0984375
8 0.37578125 0.62265625 0.04140625 0.084375
10 0.45390625 0.2765625 0.04140625 0.10625
10 0.4109375 0.27890625 0.03984375 0.103125
8 0.53828125 0.52734375 0.04140625 0.1015625
0 0.25 0.6046875 0.03671875 0.07890625
8 0.36953125 0.73125 0.04375 0.08984375
8 0.5640625 0.89765625 0.0484375 0.09453125
8 0.6953125 0.2703125 0.028125 0.1109375
17 0.3484375 0.1578125 0.046875 0.103125
10 0.36875 0.28046875 0.03828125 0.10078125
1 0.32578125 0.721875 0.03828125 0.08984375
8 0.4609375 0.75 0.04375 0.096875
8 0.4203125 0.628125 0.04375 0.0859375
17 0.690625 0.1171875 0.04375 0.12109375
8 0.41484375 0.740625 0.04375 0.09296875
17 0.16171875 0.17734375 0.0453125 0.09296875
1 0.33828125 0.8375 0.03671875 0.0859375
8 0.46796875 0.87109375 0.04375 0.09375
10 0.32890625 0.28203125 0.03828125 0.10078125
1 0.2484375 0.70546875 0.03828125 0.084375
8 0.678125 0.66484375 0.02578125 0.096875
1 0.209375 0.69921875 0.03671875 0.08203125
1 0.29921875 0.82734375 0.03671875 0.08671875
8 0.4234375 0.85859375 0.04140625 0.090625
8 0.38046875 0.8484375 0.03984375 0.08671875
1 0.2625 0.81640625 0.0328125 0.08515625