2 0.11171875 0.2375 0.06796875 0.1546875
0 0.2453125 0.23515625 0.0609375 0.14921875
8 0.70625 0.38515625 0.05390625 0.13125
10 0.528125 0.23203125 0.0484375 0.13359375
18 0.2640625 0.43203125 0.07265625 0.14375
17 0.6359375 0.390625 0.0765625 0.13671875
8 0.42265625 0.23359375 0.05390625 0.13984375
2 0.04453125 0.2375 0.0640625 0.1578125
1 0.365625 0.23359375 0.05546875 0.14453125
1 0.30703125 0.23359375 0.059375 0.146875
8 0.4765625 0.2328125 0.05 0.1390625
17 0.48515625 0.4109375 0.065625 0.1328125
1 0.58125 0.2328125 0.05390625 0.13125
16 0.51640625 0.56328125 0.0453125 0.12890625
8 0.8421875 0.2296875 0.04375 0.1109375
0 0.68984375 0.23203125 0.05234375 0.12109375
1 0.6359375 0.2328125 0.05 0.12578125
0 0.18046875 0.2359375 0.065625 0.1515625
8 0.79609375 0.23046875 0.0453125 0.11328125
8 0.759375 0.38203125 0.046875 0.1265625
17 0.5578125 0.3984375 0.075 0.140625
0 0.74453125 0.23125 0.05 0.11796875
16 0.46875 0.56953125 0.0484375 0.13125
10 0.890625 0.22890625 0.046875 0.10625
18 0.52265625 0.7234375 0.05390625 0.1125
16 0.5625 0.55390625 0.04375 0.1265625
16 0.41953125 0.5765625 0.0484375 0.134375
18 0.33046875 0.759375 0.075 0.13359375
4 0.76875 0.5265625 0.03828125 0.109375
14 0.19375 0.61328125 0.065625 0.14765625
3 0.65390625 0.540625 0.04375 0.11875
4 0.84375 0.51484375 0.0328125 0.103125
18 0.5765625 0.7125 0.046875 0.1078125
16 0.6078125 0.54765625 0.04375 0.1234375
4 0.8796875 0.5109375 0.034375 0.1
4 0.8078125 0.521875 0.034375 0.1078125
3 0.6953125 0.5359375 0.03671875 0.1171875