8 0.278125 0.16484375 0.059375 0.134375
8 0.215625 0.16484375 0.0609375 0.13671875
17 0.3328125 0.5609375 0.05546875 0.10625
8 0.55625 0.1546875 0.05703125 0.1359375
10 0.3359375 0.16328125 0.05234375 0.13125
8 0.1515625 0.16640625 0.0609375 0.1390625
17 0.13984375 0.5890625 0.0765625 0.11640625
2 0.66171875 0.346875 0.05 0.1296875
2 0.6109375 0.35078125 0.0453125 0.13359375
10 0.66875 0.1546875 0.05 0.125
0 0.103125 0.39140625 0.08828125 0.1578125
2 0.50078125 0.3609375 0.05703125 0.1390625
8 0.49765625 0.15546875 0.05703125 0.1359375
0 0.25546875 0.38125 0.0640625 0.1515625
10 0.390625 0.16328125 0.05234375 0.1265625
17 0.2109375 0.5796875 0.059375 0.109375
0 0.18515625 0.3859375 0.07265625 0.15546875
8 0.6140625 0.15390625 0.05390625 0.13203125
17 0.7078125 0.4953125 0.05390625 0.11640625
10 0.44296875 0.1609375 0.046875 0.1265625
17 0.27265625 0.56953125 0.059375 0.10859375
1 0.44296875 0.365625 0.05390625 0.1421875
0 0.321875 0.37578125 0.0640625 0.146875
17 0.64921875 0.5015625 0.05546875 0.11796875
8 0.08046875 0.171875 0.0765625 0.15
2 0.559375 0.35546875 0.05390625 0.1375
2 0.71328125 0.3421875 0.05 0.1296875
10 0.71953125 0.15546875 0.0453125 0.121875
1 0.38515625 0.3703125 0.05703125 0.14453125
17 0.5953125 0.51015625 0.0484375 0.1171875
19 0.3921875 0.553125 0.05703125 0.103125
16 0.33046875 0.87421875 0.0453125 0.128125
11 0.81015625 0.153125 0.03984375 0.11640625
11 0.76640625 0.1546875 0.04375 0.11796875
17 0.76328125 0.4875 0.05 0.11328125
19 0.44765625 0.5453125 0.0484375 0.1046875
16 0.28046875 0.8859375 0.05234375 0.128125
1 0.19609375 0.02421875 0.05 0.04765625
1 0.07890625 0.02265625 0.0609375 0.0453125
16 0.3765625 0.86015625 0.0453125 0.1265625
24 0.56484375 0.67109375 0.05234375 0.1109375
1 0.140625 0.0234375 0.05546875 0.046875
1 0.2484375 0.025 0.0484375 0.05
1 0.3015625 0.025 0.05 0.05
16 0.425 0.85 0.0484375 0.12890625
24 0.61796875 0.6625 0.0484375 0.10859375
12 0.85078125 0.15390625 0.03828125 0.11328125
22 0.40546875 0.70234375 0.05703125 0.1171875
16 0.2265625 0.896875 0.05234375 0.128125