8 0.7015625 0.34453125 0.06796875 0.14140625
10 0.70859375 0.5109375 0.05546875 0.121875
10 0.6484375 0.50703125 0.05703125 0.11875
0 0.4203125 0.3484375 0.04375 0.11796875
8 0.63828125 0.34609375 0.05546875 0.1375
0 0.37734375 0.34921875 0.03828125 0.1140625
8 0.77421875 0.34296875 0.07265625 0.1453125
2 0.25703125 0.34921875 0.03671875 0.109375
8 0.58046875 0.346875 0.05234375 0.13203125
11 0.53125 0.496875 0.0484375 0.11640625
10 0.7671875 0.51484375 0.05546875 0.128125
0 0.33671875 0.34921875 0.03984375 0.1109375
8 0.52578125 0.34765625 0.05234375 0.1265625
2 0.21953125 0.34921875 0.0328125 0.1078125
0 0.29609375 0.35 0.03828125 0.109375
0 0.4703125 0.346875 0.05234375 0.121875
2 0.18515625 0.35078125 0.0328125 0.1015625
11 0.58828125 0.5 0.059375 0.12109375
17 0.23515625 0.6140625 0.03671875 0.0984375
2 0.146875 0.35078125 0.04140625 0.10078125
11 0.440625 0.49140625 0.03671875 0.10859375
0 0.34140625 0.209375 0.03828125 0.10625
0 0.421875 0.2015625 0.04140625 0.1109375
19 0.690625 0.7 0.07109375 0.1109375
17 0.31328125 0.63125 0.03828125 0.090625
11 0.4828125 0.49453125 0.0453125 0.1109375
17 0.27421875 0.62578125 0.03671875 0.0875
0 0.46640625 0.19765625 0.04375 0.11328125
0 0.38046875 0.2046875 0.03828125 0.1109375
6 0.18203125 0.4703125 0.028125 0.09765625
8 0.78125 0.16484375 0.07265625 0.13671875
8 0.71640625 0.1703125 0.05234375 0.13203125
6 0.21171875 0.47109375 0.02578125 0.1
17 0.19453125 0.60859375 0.04140625 0.090625
6 0.153125 0.46796875 0.03125 0.09453125
0 0.3046875 0.21171875 0.03125 0.1046875
1 0.55625 0.18671875 0.046875 0.12109375
1 0.509375 0.19140625 0.0453125 0.12109375
8 0.6609375 0.1765625 0.05546875 0.12890625
19 0.6234375 0.690625 0.05546875 0.1078125
5 0.103125 0.35 0.03984375 0.10234375
6 0.24453125 0.475 0.034375 0.1015625