0 0.27578125 0.49296875 0.046875 0.1265625
0 0.22734375 0.490625 0.046875 0.1203125
2 0.32734375 0.4984375 0.05 0.1296875
10 0.353125 0.32421875 0.04140625 0.14375
10 0.3046875 0.3265625 0.0484375 0.1375
2 0.3859375 0.5015625 0.0625 0.13359375
8 0.05703125 0.475 0.03828125 0.11015625
8 0.14140625 0.3296875 0.03671875 0.12421875
24 0.73359375 0.53203125 0.078125 0.15
8 0.0984375 0.478125 0.03984375 0.1140625
8 0.065625 0.33046875 0.03828125 0.11875
10 0.39609375 0.321875 0.04140625 0.14921875
10 0.25859375 0.32734375 0.03828125 0.134375
8 0.10390625 0.3296875 0.034375 0.12109375
10 0.18046875 0.48515625 0.04140625 0.11796875
10 0.1796875 0.32890625 0.03671875 0.1265625
10 0.21875 0.328125 0.03828125 0.1296875
24 0.6515625 0.525 0.07109375 0.140625
8 0.028125 0.33125 0.034375 0.11640625
24 0.5078125 0.515625 0.0609375 0.13125
24 0.57578125 0.5203125 0.0625 0.13359375
10 0.13828125 0.48125 0.03828125 0.1171875
24 0.446875 0.509375 0.05390625 0.1296875
24 0.61171875 0.68671875 0.05703125 0.13125
24 0.671875 0.696875 0.05703125 0.13359375
13 0.87734375 0.29375 0.1125 0.22265625