17 0.12734375 0.15390625 0.06796875 0.10234375
17 0.19609375 0.1515625 0.0625 0.10625
10 0.2765625 0.47421875 0.04140625 0.11015625
2 0.75625 0.43828125 0.03984375 0.1046875
18 0.38828125 0.315625 0.0640625 0.1328125
8 0.27109375 0.61640625 0.05234375 0.11640625
8 0.4265625 0.5984375 0.046875 0.10859375
8 0.37578125 0.6046875 0.0484375 0.1109375
0 0.61875 0.44765625 0.046875 0.11015625
8 0.321875 0.4703125 0.0453125 0.109375
2 0.7984375 0.43515625 0.04140625 0.103125
17 0.31796875 0.31796875 0.06796875 0.1328125
0 0.66640625 0.44375 0.0453125 0.1078125
10 0.23125 0.4765625 0.046875 0.1109375
10 0.28125 0.75859375 0.05 0.10546875
18 0.5859375 0.15703125 0.05 0.10859375
10 0.22734375 0.76484375 0.05234375 0.10625
10 0.33515625 0.7515625 0.0484375 0.10546875
10 0.384375 0.74375 0.0453125 0.1046875
0 0.7015625 0.56953125 0.04140625 0.10078125
8 0.47578125 0.59296875 0.046875 0.10859375
8 0.36796875 0.46796875 0.04375 0.1078125
2 0.74375 0.56484375 0.03984375 0.1
1 0.6125 0.578125 0.04140625 0.1046875
18 0.45546875 0.31484375 0.0640625 0.13203125
17 0.2421875 0.31953125 0.075 0.134375
10 0.48203125 0.72890625 0.0453125 0.1015625
4 0.35390625 0.8953125 0.04375 0.11328125
8 0.2140625 0.62265625 0.05546875 0.11796875
8 0.41171875 0.465625 0.03984375 0.10625
10 0.4328125 0.73515625 0.046875 0.10234375
2 0.78671875 0.56171875 0.04140625 0.09765625
10 0.17890625 0.478125 0.05390625 0.11328125
8 0.45390625 0.46328125 0.03984375 0.10546875
4 0.446875 0.8796875 0.03984375 0.11640625
8 0.3234375 0.6109375 0.0484375 0.11328125
2 0.840625 0.4328125 0.03828125 0.10234375
8 0.49375 0.4609375 0.03671875 0.103125
1 0.575 0.4546875 0.03828125 0.1046875
17 0.1640625 0.32109375 0.075 0.1359375
2 0.7421875 0.68828125 0.03671875 0.09453125
1 0.56953125 0.5828125 0.04140625 0.103125
17 0.48515625 0.153125 0.05546875 0.115625
4 0.4875 0.8703125 0.03984375 0.11796875
4 0.4015625 0.88828125 0.0484375 0.1109375
0 0.65703125 0.57421875 0.04375 0.10234375
17 0.53671875 0.1578125 0.0453125 0.10859375
1 0.534375 0.45703125 0.03984375 0.1046875
2 0.81953125 0.68046875 0.03828125 0.08984375
18 0.63828125 0.159375 0.05 0.1078125
2 0.78046875 0.684375 0.03671875 0.0921875
1 0.52421875 0.58828125 0.0453125 0.1046875
17 0.42890625 0.14921875 0.05234375 0.12109375
0 0.71328125 0.44140625 0.04375 0.1046875
2 0.703125 0.69375 0.03828125 0.096875
4 0.02421875 0.7921875 0.046875 0.12890625
2 0.66171875 0.6984375 0.04140625 0.10078125
2 0.82890625 0.56015625 0.03984375 0.09375
5 0.5265625 0.8625 0.034375 0.11328125
24 0.7234375 0.3125 0.046875 0.10859375
13 0.528125 0.71796875 0.0453125 0.1125