8 0.603125 0.4984375 0.0796875 0.1625
8 0.72421875 0.2984375 0.0796875 0.16796875
3 0.53359375 0.66796875 0.05390625 0.13359375
8 0.64375 0.3 0.075 0.1609375
4 0.7 0.69765625 0.059375 0.14375
1 0.4375 0.30625 0.0609375 0.140625
3 0.5859375 0.67734375 0.046875 0.1359375
0 0.57109375 0.3046875 0.06796875 0.15234375
8 0.525 0.4921875 0.07109375 0.15625
4 0.6390625 0.68828125 0.05703125 0.13984375
17 0.37265625 0.48046875 0.06796875 0.14375
17 0.3078125 0.47890625 0.05390625 0.12890625
10 0.8109375 0.296875 0.08671875 0.1734375
0 0.13125 0.3078125 0.03125 0.11796875
0 0.50234375 0.3046875 0.0640625 0.1453125
0 0.096875 0.30859375 0.0328125 0.115625
16 0.3453125 0.63359375 0.04140625 0.121875
16 0.434375 0.64921875 0.04375 0.1296875
1 0.37734375 0.30625 0.05390625 0.13671875
1 0.203125 0.30625 0.03828125 0.125
2 0.0640625 0.30859375 0.0296875 0.11015625
1 0.16484375 0.3078125 0.0328125 0.12109375
8 0.2421875 0.30625 0.03828125 0.128125
17 0.44765625 0.4859375 0.0765625 0.1515625
18 0.15390625 0.46484375 0.05 0.1140625
8 0.28359375 0.30546875 0.04140625 0.13203125
2 0.03046875 0.309375 0.0328125 0.10859375
16 0.3890625 0.6421875 0.04140625 0.125
4 0.7625 0.709375 0.0640625 0.15
10 0.32734375 0.30546875 0.04140625 0.1359375
3 0.48203125 0.659375 0.046875 0.13203125
16 0.30546875 0.62734375 0.03671875 0.11796875
16 0.265625 0.6203125 0.03984375 0.1140625
2 0.00625 0.31015625 0.0125 0.1109375