10 0.70625 0.45078125 0.0484375 0.12890625
10 0.56875 0.4390625 0.03828125 0.1171875
3 0.57890625 0.715625 0.03125 0.10078125
10 0.62421875 0.29375 0.03828125 0.1
10 0.5859375 0.2953125 0.0328125 0.0953125
10 0.6109375 0.44296875 0.04140625 0.12109375
10 0.759375 0.45390625 0.05390625 0.1328125
2 0.42265625 0.4265625 0.03125 0.1046875
10 0.65703125 0.446875 0.0453125 0.12421875
3 0.5484375 0.70703125 0.028125 0.0984375
2 0.39140625 0.4234375 0.03125 0.1015625
10 0.82265625 0.4578125 0.07109375 0.1390625
3 0.51875 0.6984375 0.0296875 0.09453125
3 0.690625 0.74921875 0.04140625 0.10859375
8 0.55234375 0.296875 0.0328125 0.09296875
12 0.69296875 0.60234375 0.0453125 0.11640625
17 0.2046875 0.4109375 0.02421875 0.0828125
3 0.653125 0.7359375 0.034375 0.1046875
8 0.5296875 0.4359375 0.03671875 0.1140625
10 0.71171875 0.28984375 0.04375 0.10859375
10 0.66640625 0.29296875 0.04140625 0.10234375
8 0.45234375 0.29921875 0.0296875 0.0875
3 0.615625 0.72734375 0.03671875 0.10546875
8 0.4921875 0.43203125 0.034375 0.109375
2 0.33046875 0.41796875 0.0328125 0.09765625
12 0.74375 0.6078125 0.05703125 0.12109375
8 0.5171875 0.29765625 0.0328125 0.090625
8 0.48359375 0.2984375 0.0296875 0.0890625
10 0.7578125 0.28828125 0.04375 0.1125
17 0.25703125 0.41328125 0.02578125 0.0875
10 0.86171875 0.2796875 0.059375 0.13125
2 0.3609375 0.42109375 0.028125 0.09765625
17 0.23125 0.4125 0.02578125 0.0859375
17 0.28828125 0.415625 0.034375 0.08984375
8 0.45625 0.42890625 0.0328125 0.10859375
3 0.73671875 0.759375 0.046875 0.11015625
8 0.3390625 0.303125 0.02421875 0.07890625
8 0.421875 0.3 0.02578125 0.0859375
12 0.596875 0.58359375 0.04375 0.1078125
10 0.80546875 0.2875 0.0484375 0.1140625
8 0.39375 0.3 0.028125 0.084375
12 0.64375 0.5921875 0.0484375 0.11328125
8 0.365625 0.3015625 0.02578125 0.0796875
12 0.553125 0.5765625 0.03984375 0.10859375
5 0.4890625 0.68984375 0.02578125 0.0921875
5 0.4625 0.68046875 0.02578125 0.0890625
17 0.1796875 0.409375 0.02421875 0.08125
5 0.43671875 0.6734375 0.02578125 0.0890625
17 0.13828125 0.40625 0.02109375 0.0765625
17 0.11484375 0.4046875 0.02265625 0.07734375
17 0.228125 0.30546875 0.02265625 0.071875
17 0.20390625 0.30546875 0.02265625 0.07109375
11 0.45234375 0.55546875 0.03125 0.0984375
17 0.15703125 0.4078125 0.01875 0.07890625
11 0.390625 0.54453125 0.028125 0.0921875
11 0.484375 0.5625 0.0296875 0.10078125
17 0.07265625 0.39921875 0.02109375 0.0734375
17 0.09375 0.4015625 0.01875 0.075
11 0.3609375 0.5375 0.028125 0.0875
11 0.42109375 0.55 0.0296875 0.09453125
11 0.51640625 0.56875 0.03125 0.10234375
17 0.2515625 0.30546875 0.02421875 0.071875
17 0.18203125 0.30625 0.01875 0.06953125