17 0.140625 0.25234375 0.046875 0.10078125
17 0.23984375 0.396875 0.05546875 0.1296875
17 0.18828125 0.25234375 0.04375 0.09765625
17 0.296875 0.3921875 0.05390625 0.1234375
17 0.18203125 0.403125 0.059375 0.134375
17 0.08671875 0.25390625 0.059375 0.1015625
17 0.1171875 0.409375 0.07109375 0.13984375
18 0.27109375 0.2453125 0.04140625 0.10234375
17 0.346875 0.3890625 0.04140625 0.115625
18 0.31328125 0.24375 0.04140625 0.10078125
18 0.2296875 0.25078125 0.03828125 0.09765625
17 0.3890625 0.384375 0.03984375 0.1109375
17 0.43125 0.38125 0.04140625 0.10859375
18 0.35 0.24296875 0.0296875 0.096875