8 0.19296875 0.23203125 0.05703125 0.1515625
0 0.446875 0.39375 0.05546875 0.13359375
2 0.503125 0.3890625 0.05390625 0.13203125
2 0.559375 0.384375 0.05390625 0.1265625
8 0.1953125 0.4171875 0.065625 0.14375
0 0.3890625 0.39921875 0.05703125 0.134375
10 0.32890625 0.40546875 0.0609375 0.13671875
8 0.121875 0.425 0.078125 0.14453125
10 0.3640625 0.225 0.05390625 0.14453125
8 0.25078125 0.22890625 0.05546875 0.1484375
4 0.36796875 0.71171875 0.0484375 0.121875
10 0.4171875 0.221875 0.05 0.14140625
8 0.0671875 0.23359375 0.06953125 0.1578125
8 0.1328125 0.23359375 0.0609375 0.1546875
4 0.3203125 0.71953125 0.0484375 0.12421875
10 0.30703125 0.2265625 0.05390625 0.14375
4 0.27109375 0.72890625 0.05 0.125
10 0.26328125 0.4125 0.065625 0.1375
10 0.56328125 0.2140625 0.0484375 0.1375
10 0.46875 0.21953125 0.0484375 0.13984375
4 0.2171875 0.73984375 0.0609375 0.12421875
10 0.51640625 0.2171875 0.04375 0.1390625
4 0.415625 0.70234375 0.0453125 0.1171875
4 0.38125 0.5578125 0.0453125 0.1234375
24 0.6125 0.38125 0.046875 0.11796875
24 0.66640625 0.37578125 0.05 0.115625
4 0.4296875 0.55078125 0.05 0.12109375