17 0.515625 0.5828125 0.05703125 0.1265625
11 0.61484375 0.190625 0.07109375 0.15546875
17 0.459375 0.56953125 0.05390625 0.1234375
8 0.3734375 0.196875 0.046875 0.1296875
8 0.3265625 0.1984375 0.04140625 0.125
2 0.36953125 0.39296875 0.0453125 0.1328125
17 0.58046875 0.5984375 0.06953125 0.13359375
2 0.41953125 0.39921875 0.0484375 0.13671875
8 0.42421875 0.19453125 0.05234375 0.13671875
10 0.4796875 0.19453125 0.05390625 0.14140625
17 0.40625 0.5609375 0.0484375 0.1109375
2 0.525 0.41171875 0.05546875 0.1484375
10 0.54140625 0.19296875 0.0640625 0.14765625
2 0.4703125 0.40546875 0.05 0.14140625
1 0.284375 0.38203125 0.03671875 0.125
17 0.203125 0.51953125 0.03125 0.0859375
8 0.18046875 0.20546875 0.0296875 0.10078125
10 0.28359375 0.20390625 0.03828125 0.109375
2 0.325 0.38828125 0.04140625 0.1296875
0 0.2046875 0.3734375 0.03671875 0.11796875
10 0.2453125 0.2046875 0.0328125 0.10546875
0 0.1671875 0.36875 0.034375 0.1171875
17 0.140625 0.50546875 0.02578125 0.084375
1 0.24453125 0.378125 0.03828125 0.125
10 0.2125 0.20546875 0.03125 0.10234375
8 0.15 0.20625 0.028125 0.0984375
11 0.6859375 0.1875 0.0640625 0.16328125
17 0.17109375 0.5109375 0.03125 0.08671875
0 0.1328125 0.365625 0.03125 0.1109375
17 0.1109375 0.49921875 0.03125 0.07890625
8 0.11953125 0.20703125 0.0296875 0.0953125
19 0.275 0.5390625 0.034375 0.0921875
8 0.09140625 0.20703125 0.02578125 0.0953125
19 0.3171875 0.54765625 0.04140625 0.0921875
21 0.6921875 0.8 0.09921875 0.1453125
14 0.56015625 0.92109375 0.05703125 0.1234375
19 0.2375 0.528125 0.03671875 0.09296875
19 0.36015625 0.55546875 0.03984375 0.0984375
0 0.1015625 0.3625 0.028125 0.109375
21 0.659375 0.61171875 0.08125 0.14765625
14 0.50859375 0.90390625 0.046875 0.1234375
22 0.28828125 0.6703125 0.03828125 0.10234375