0 0.35390625 0.4125 0.03984375 0.096875
0 0.65625 0.3984375 0.0328125 0.08515625
0 0.621875 0.4 0.0328125 0.08671875
0 0.375 0.53515625 0.03828125 0.10234375
0 0.3109375 0.4140625 0.04140625 0.1
0 0.33359375 0.659375 0.0453125 0.09765625
8 0.553125 0.40234375 0.0328125 0.0890625
0 0.28984375 0.54375 0.04375 0.1078125
17 0.284375 0.1234375 0.059375 0.1234375
0 0.24453125 0.27265625 0.05 0.12421875
8 0.6625 0.50625 0.03125 0.0890625
0 0.38125 0.6546875 0.0453125 0.096875
0 0.334375 0.53984375 0.03984375 0.10546875
10 0.3890625 0.275 0.04140625 0.1125
8 0.6953125 0.503125 0.03125 0.0875
8 0.64140625 0.8296875 0.0328125 0.0859375
8 0.5921875 0.5125 0.03125 0.09296875
0 0.29609375 0.2734375 0.046875 0.12109375
8 0.62734375 0.50859375 0.034375 0.090625
8 0.55390625 0.275 0.03828125 0.10625
8 0.6 0.7296875 0.0328125 0.084375
17 0.3453125 0.128125 0.05703125 0.11875
0 0.34375 0.27421875 0.0453125 0.1171875
8 0.55703125 0.51640625 0.034375 0.09453125
8 0.48515625 0.75390625 0.03828125 0.09375
8 0.678125 0.82265625 0.034375 0.084375
17 0.39765625 0.13203125 0.0453125 0.11640625
10 0.5109375 0.275 0.03828125 0.109375
8 0.5546875 0.62734375 0.034375 0.08515625
8 0.49296875 0.865625 0.03671875 0.090625
8 0.4296875 0.64765625 0.0453125 0.096875
17 0.4984375 0.1390625 0.046875 0.1109375
0 0.26328125 0.41484375 0.05234375 0.1046875
8 0.475 0.64140625 0.04140625 0.09296875
8 0.51640625 0.63515625 0.03828125 0.090625
10 0.515625 0.4046875 0.0328125 0.08984375
10 0.4875 0.52265625 0.034375 0.096875
8 0.5625 0.7375 0.03671875 0.0875
8 0.453125 0.875 0.03828125 0.090625
1 0.3546875 0.77734375 0.03984375 0.0984375
10 0.39609375 0.4109375 0.03828125 0.09375
8 0.70234375 0.278125 0.0328125 0.09375
8 0.60625 0.8375 0.0328125 0.08671875
1 0.4 0.76953125 0.04375 0.0953125
10 0.4375 0.4078125 0.03828125 0.09296875
8 0.53203125 0.85546875 0.03671875 0.0890625
8 0.59296875 0.621875 0.03671875 0.084375
8 0.44453125 0.7609375 0.03984375 0.09375
10 0.43125 0.275 0.03828125 0.1125
0 0.2859375 0.66640625 0.0484375 0.10078125
1 0.3109375 0.7875 0.0453125 0.10078125
10 0.5234375 0.51953125 0.03125 0.09453125
10 0.47109375 0.275 0.03671875 0.1109375
10 0.4140625 0.53046875 0.03671875 0.0984375
8 0.6296875 0.615625 0.0328125 0.078125
8 0.5234375 0.74375 0.03671875 0.0921875
0 0.2484375 0.546875 0.03828125 0.109375
17 0.54765625 0.14140625 0.046875 0.109375
8 0.66640625 0.278125 0.0328125 0.09453125
8 0.6359375 0.72109375 0.03671875 0.0796875
1 0.41328125 0.88515625 0.03828125 0.08984375
8 0.56953125 0.846875 0.03671875 0.0875
10 0.47734375 0.40625 0.03828125 0.0921875
8 0.63046875 0.27578125 0.034375 0.10234375
8 0.5921875 0.27578125 0.034375 0.1046875
1 0.3703125 0.8953125 0.04375 0.08984375
10 0.4515625 0.5265625 0.0328125 0.09765625
8 0.67421875 0.71484375 0.034375 0.078125
8 0.5875 0.40078125 0.03125 0.0875
17 0.446875 0.13515625 0.05 0.1140625
8 0.66875 0.6109375 0.03828125 0.07421875
17 0.6859375 0.15 0.03671875 0.1015625
0 0.69296875 0.396875 0.03671875 0.084375
17 0.64296875 0.14765625 0.04140625 0.10546875
1 0.3234375 0.90546875 0.0453125 0.09375
17 0.7265625 0.1515625 0.04140625 0.1
17 0.59453125 0.14453125 0.0453125 0.1078125
1 0.27109375 0.7921875 0.03125 0.1015625