17 0.7828125 0.471875 0.06953125 0.1296875
17 0.71015625 0.4671875 0.06796875 0.13203125
17 0.58046875 0.465625 0.05703125 0.11796875
17 0.68515625 0.66015625 0.06953125 0.1390625
17 0.64296875 0.46640625 0.0609375 0.1234375
0 0.4671875 0.44921875 0.05 0.13359375
17 0.8546875 0.684375 0.090625 0.15234375
8 0.375 0.45390625 0.03984375 0.115625
8 0.29921875 0.45078125 0.03125 0.109375
17 0.85859375 0.47421875 0.075 0.134375
0 0.49140625 0.6296875 0.05 0.12421875
0 0.521875 0.45 0.05390625 0.1390625
8 0.4171875 0.45390625 0.04140625 0.11796875
8 0.3359375 0.4515625 0.03671875 0.1109375
17 0.76484375 0.67109375 0.0796875 0.14453125
17 0.6140625 0.6484375 0.0625 0.13125
10 0.23359375 0.58984375 0.034375 0.10625
0 0.5484375 0.6359375 0.059375 0.12578125
8 0.26640625 0.4484375 0.03125 0.1046875
10 0.27109375 0.59453125 0.03828125 0.10859375
10 0.20390625 0.44609375 0.0296875 0.1015625
10 0.23515625 0.446875 0.0296875 0.10234375
8 0.31015625 0.60234375 0.03671875 0.11328125
8 0.34921875 0.60859375 0.03671875 0.1171875
8 0.39140625 0.61484375 0.04375 0.11796875
10 0.196875 0.584375 0.03125 0.103125
10 0.1734375 0.44453125 0.028125 0.1
10 0.1203125 0.4421875 0.02578125 0.09453125
8 0.43984375 0.62109375 0.0484375 0.121875
10 0.1640625 0.5796875 0.03125 0.10078125