10 0.79765625 0.3359375 0.0484375 0.090625
10 0.6390625 0.55234375 0.05546875 0.08671875
0 0.6921875 0.2203125 0.05 0.096875
10 0.8171875 0.553125 0.059375 0.08671875
10 0.740625 0.446875 0.0484375 0.0890625
8 0.4 0.3390625 0.046875 0.08984375
10 0.640625 0.446875 0.0453125 0.0890625
10 0.69765625 0.5515625 0.05390625 0.0875
8 0.40390625 0.553125 0.05546875 0.08515625
8 0.10234375 0.3375 0.05 0.08984375
8 0.175 0.55078125 0.05390625 0.0859375
8 0.20234375 0.33828125 0.046875 0.0890625
10 0.75625 0.553125 0.05546875 0.08671875
1 0.74296875 0.2203125 0.046875 0.0953125
1 0.8453125 0.21953125 0.0484375 0.0953125
8 0.153125 0.3375 0.046875 0.08984375
10 0.88046875 0.553125 0.0609375 0.0859375
10 0.840625 0.44609375 0.0453125 0.08984375
8 0.39921875 0.44765625 0.0453125 0.0875
8 0.21015625 0.44765625 0.04375 0.0859375
0 0.384375 0.22265625 0.0484375 0.096875
8 0.28984375 0.55234375 0.05390625 0.084375
1 0.79375 0.21953125 0.0484375 0.0953125
1 0.8984375 0.21796875 0.05390625 0.096875
8 0.5921875 0.44609375 0.046875 0.08984375
8 0.46171875 0.553125 0.05390625 0.08515625
8 0.23359375 0.5515625 0.05390625 0.08515625
10 0.8921875 0.44609375 0.05390625 0.08984375
8 0.16328125 0.446875 0.0453125 0.08671875
10 0.64609375 0.3375 0.0453125 0.0921875
8 0.5203125 0.55234375 0.05546875 0.08515625
8 0.35078125 0.33828125 0.046875 0.08984375
8 0.25078125 0.33828125 0.0453125 0.0890625
0 0.18515625 0.2234375 0.046875 0.0953125
8 0.1140625 0.446875 0.0484375 0.08671875
8 0.49453125 0.44765625 0.046875 0.08671875
8 0.25703125 0.44765625 0.04375 0.0859375
8 0.30390625 0.44765625 0.046875 0.08671875
0 0.08515625 0.2234375 0.05 0.096875
0 0.2828125 0.2234375 0.0453125 0.0953125
8 0.3 0.33828125 0.0484375 0.08984375
10 0.6953125 0.33671875 0.046875 0.0921875
8 0.44609375 0.44765625 0.0453125 0.08671875
8 0.3515625 0.44765625 0.04375 0.08671875
8 0.34609375 0.553125 0.05234375 0.084375
0 0.43515625 0.221875 0.0484375 0.096875
10 0.790625 0.44609375 0.046875 0.08984375
10 0.7453125 0.33671875 0.0484375 0.090625
8 0.45078125 0.3390625 0.046875 0.08984375
10 0.84921875 0.3359375 0.046875 0.090625
10 0.6890625 0.446875 0.046875 0.0890625
0 0.48515625 0.221875 0.046875 0.096875
0 0.234375 0.2234375 0.046875 0.0953125
8 0.54375 0.44765625 0.0453125 0.0875
0 0.5359375 0.22109375 0.046875 0.096875
8 0.5 0.33828125 0.046875 0.08984375
10 0.90078125 0.33515625 0.05 0.0921875
8 0.596875 0.3375 0.0453125 0.08984375
0 0.3328125 0.22265625 0.046875 0.0953125
0 0.13515625 0.2234375 0.046875 0.0953125
0 0.6375 0.2203125 0.05 0.096875
0 0.5859375 0.22109375 0.0484375 0.09765625
8 0.1171875 0.55 0.05546875 0.0859375
8 0.57890625 0.553125 0.05703125 0.08671875
8 0.54921875 0.33828125 0.0453125 0.0890625