1 0.6 0.49765625 0.034375 0.1
12 0.7546875 0.6390625 0.0453125 0.109375
11 0.88828125 0.340625 0.06796875 0.1421875
6 0.75625 0.76484375 0.046875 0.09765625
12 0.85703125 0.6515625 0.06953125 0.11640625
1 0.571875 0.61328125 0.0328125 0.09375
2 0.64140625 0.621875 0.034375 0.09765625
1 0.53046875 0.49375 0.03125 0.09453125
12 0.81875 0.50625 0.059375 0.12578125
11 0.77421875 0.3453125 0.05703125 0.13125
6 0.8640625 0.784375 0.0625 0.1078125
18 0.12265625 0.375 0.02109375 0.06953125
18 0.171875 0.4703125 0.028125 0.0734375
1 0.5234375 0.36640625 0.02578125 0.0890625
12 0.8859375 0.50859375 0.07109375 0.1296875
1 0.60625 0.6171875 0.0328125 0.09453125
2 0.6796875 0.6265625 0.03671875 0.10078125
10 0.47109375 0.5984375 0.0296875 0.0859375
17 0.2 0.47109375 0.02421875 0.0765625
2 0.6390625 0.50078125 0.03984375 0.1015625
12 0.7625 0.50390625 0.05 0.12109375
23 0.75546875 0.8828125 0.03984375 0.08984375
2 0.67734375 0.50234375 0.03671875 0.10546875
2 0.646875 0.3625 0.0328125 0.1
1 0.5640625 0.49609375 0.0328125 0.0953125
6 0.80546875 0.77421875 0.046875 0.10234375
8 0.44296875 0.59375 0.02578125 0.084375
1 0.5828125 0.36484375 0.0296875 0.09296875
11 0.828125 0.34453125 0.046875 0.13359375
17 0.3140625 0.475 0.034375 0.08984375
12 0.79921875 0.64609375 0.04140625 0.1125
1 0.5515625 0.365625 0.0296875 0.0921875
1 0.5375 0.6078125 0.0328125 0.090625
8 0.43671875 0.4875 0.0296875 0.0875
10 0.4671875 0.48984375 0.02578125 0.08984375
17 0.22578125 0.471875 0.02578125 0.07890625
1 0.61484375 0.3640625 0.03125 0.096875
23 0.68125 0.86484375 0.04140625 0.08984375
10 0.49765625 0.49140625 0.03125 0.0921875
23 0.82890625 0.90234375 0.04375 0.096875
11 0.71953125 0.3484375 0.05234375 0.1265625
8 0.39375 0.371875 0.02109375 0.08125
17 0.21171875 0.37421875 0.02265625 0.07421875
6 0.70859375 0.75625 0.04375 0.09765625
17 0.34921875 0.478125 0.0328125 0.08984375
8 0.41875 0.371875 0.02421875 0.0828125
11 0.9 0.1578125 0.0765625 0.1453125
23 0.79140625 0.89140625 0.03984375 0.0953125
8 0.41484375 0.590625 0.02578125 0.08203125
23 0.71875 0.87421875 0.03828125 0.08671875
1 0.5453125 0.21953125 0.028125 0.09765625
8 0.384375 0.24296875 0.02421875 0.08515625
17 0.165625 0.375 0.02109375 0.07109375
8 0.3703125 0.371875 0.02265625 0.0828125
17 0.178125 0.27265625 0.01875 0.06328125
18 0.1578125 0.27578125 0.01875 0.0625
8 0.40703125 0.4859375 0.028125 0.08515625
1 0.57578125 0.21640625 0.03125 0.096875
8 0.3609375 0.24453125 0.02109375 0.0859375
1 0.5171875 0.22578125 0.02578125 0.090625
18 0.1375 0.278125 0.02109375 0.06171875
10 0.4953125 0.36796875 0.02578125 0.0859375
8 0.409375 0.23984375 0.02421875 0.08671875
10 0.4625 0.2328125 0.02578125 0.08984375
10 0.503125 0.60234375 0.03125 0.0875
10 0.4359375 0.2359375 0.02578125 0.0890625
24 0.2578125 0.57421875 0.02109375 0.0609375
2 0.67734375 0.3625 0.0296875 0.1
18 0.14609375 0.46796875 0.02109375 0.071875
18 0.078125 0.37578125 0.02109375 0.0671875
1 0.60859375 0.21171875 0.0328125 0.1
17 0.103125 0.46640625 0.02109375 0.06953125
23 0.6171875 0.84453125 0.0328125 0.0890625
16 0.63515625 0.7390625 0.0328125 0.09375
24 0.2359375 0.56953125 0.02109375 0.0625
8 0.3859375 0.5859375 0.028125 0.078125
18 0.10078125 0.37578125 0.02265625 0.06875
8 0.3796875 0.484375 0.02578125 0.0828125
17 0.1984375 0.27109375 0.01875 0.06640625
17 0.1890625 0.37421875 0.02265625 0.071875
18 0.121875 0.2796875 0.015625 0.059375
11 0.83359375 0.165625 0.05234375 0.14375
16 0.603125 0.73203125 0.03125 0.0921875
10 0.48984375 0.2296875 0.02421875 0.08984375
17 0.2171875 0.26875 0.02109375 0.06640625
24 0.28046875 0.5765625 0.02109375 0.06328125
17 0.125 0.4671875 0.02109375 0.0703125
10 0.44296875 0.3703125 0.02265625 0.084375
17 0.14765625 0.375 0.02265625 0.0703125
23 0.64765625 0.8546875 0.0328125 0.0875
24 0.215625 0.56640625 0.01875 0.06328125
23 0.590625 0.8375 0.0296875 0.0859375
10 0.46875 0.36875 0.02578125 0.08515625
18 0.13359375 0.37421875 0.0171875 0.071875
23 0.5625 0.82890625 0.0296875 0.0828125
17 0.08046875 0.465625 0.02109375 0.065625
17 0.23515625 0.3734375 0.02265625 0.07734375
24 0.19453125 0.56484375 0.02109375 0.06171875
2 0.64375 0.20546875 0.03125 0.10234375
23 0.865625 0.91171875 0.04140625 0.0921875
16 0.66875 0.7453125 0.03125 0.09375
17 0.109375 0.28203125 0.015625 0.05859375
16 0.57578125 0.7265625 0.028125 0.0921875
17 0.090625 0.284375 0.0171875 0.0578125
17 0.0765625 0.284375 0.0171875 0.05859375
10 0.340625 0.25546875 0.02109375 0.0671875
17 0.24140625 0.26640625 0.02265625 0.06875
24 0.17421875 0.5640625 0.0171875 0.05625
12 0.71640625 0.503125 0.03984375 0.115625
24 0.30390625 0.57890625 0.02265625 0.06640625