7 0.34140625 0.13828125 0.05546875 0.17109375
7 0.278125 0.134375 0.065625 0.178125
7 0.2109375 0.13125 0.0609375 0.18125
7 0.1375 0.12578125 0.08515625 0.18671875
2 0.2578125 0.34453125 0.05 0.1578125
7 0.4 0.14140625 0.05703125 0.16875
2 0.31328125 0.3421875 0.0609375 0.15625
5 0.025 0.3453125 0.05 0.1984375
0 0.4546875 0.15703125 0.046875 0.1375
2 0.1921875 0.34765625 0.0796875 0.16484375
2 0.371875 0.3421875 0.05390625 0.1515625
0 0.4234375 0.340625 0.046875 0.1453125
0 0.471875 0.33828125 0.0484375 0.140625
0 0.50078125 0.159375 0.04375 0.13671875
0 0.56953125 0.33515625 0.0453125 0.1359375
8 0.7375 0.32890625 0.03828125 0.1234375
0 0.521875 0.33671875 0.046875 0.1375
10 0.71328125 0.4703125 0.03828125 0.10625
8 0.696875 0.3296875 0.03828125 0.12578125
8 0.75234375 0.1765625 0.0296875 0.1140625
8 0.6578125 0.33125 0.03671875 0.12578125
0 0.54453125 0.16171875 0.03984375 0.134375
0 0.5859375 0.16328125 0.03828125 0.13203125
0 0.621875 0.165625 0.034375 0.128125
8 0.77421875 0.32734375 0.03125 0.1203125
8 0.7828125 0.17890625 0.028125 0.1109375
17 0.31171875 0.721875 0.05546875 0.11796875
17 0.3671875 0.709375 0.05390625 0.1140625
5 0.0890625 0.34296875 0.0796875 0.1921875
8 0.72109375 0.175 0.0296875 0.11640625
10 0.784375 0.4625 0.04140625 0.1015625
1 0.6578125 0.16875 0.0328125 0.12578125
10 0.746875 0.4671875 0.02578125 0.1046875
8 0.8140625 0.18046875 0.03125 0.109375
0 0.61640625 0.33203125 0.04375 0.13203125
17 0.2421875 0.73125 0.078125 0.1296875
8 0.80625 0.3265625 0.034375 0.1171875
1 0.6890625 0.17265625 0.0296875 0.11875
17 0.68125 0.63515625 0.04140625 0.0984375
17 0.28671875 0.85625 0.0453125 0.0828125
17 0.41875 0.696875 0.046875 0.1140625
17 0.725 0.6265625 0.04375 0.09453125
17 0.33046875 0.8421875 0.03984375 0.08125
6 0.3453125 0.51640625 0.046875 0.1375