2 0.3609375 0.36953125 0.075 0.16796875
2 0.28203125 0.371875 0.078125 0.171875
2 0.43515625 0.3671875 0.065625 0.16328125
17 0.82265625 0.34609375 0.05234375 0.13203125
17 0.928125 0.340625 0.0484375 0.125
17 0.765625 0.35 0.05703125 0.134375
10 0.49921875 0.36953125 0.05390625 0.14375
10 0.603125 0.36484375 0.046875 0.13203125
13 0.18515625 0.3671875 0.1078125 0.1953125
10 0.55390625 0.36796875 0.0484375 0.134375
17 0.8765625 0.34296875 0.0484375 0.12890625
13 0.07109375 0.37265625 0.11640625 0.2