8 0.70234375 0.30625 0.01875 0.08671875
18 0.16875 0.29375 0.0625 0.13671875
17 0.453125 0.29921875 0.03984375 0.1140625
17 0.1453125 0.48125 0.059375 0.1265625
24 0.390625 0.5953125 0.0328125 0.0984375
24 0.20078125 0.64609375 0.04375 0.0921875
8 0.671875 0.4296875 0.02265625 0.090625
24 0.425 0.5875 0.03125 0.0953125
4 0.2265625 0.765625 0.03125 0.10546875
24 0.490625 0.5765625 0.0296875 0.090625
17 0.321875 0.29765625 0.05 0.125
17 0.36875 0.29765625 0.04140625 0.12109375
17 0.2796875 0.1265625 0.04140625 0.0953125
17 0.18984375 0.1140625 0.04375 0.103125
17 0.2359375 0.121875 0.04140625 0.0984375
4 0.18984375 0.77421875 0.03828125 0.10546875
24 0.3546875 0.6125 0.034375 0.08515625
17 0.4125 0.2984375 0.04140625 0.11796875
17 0.1984375 0.47578125 0.0484375 0.12421875
8 0.64609375 0.43125 0.028125 0.09453125
18 0.22578125 0.2953125 0.0484375 0.13125
17 0.25234375 0.4671875 0.05546875 0.1234375
17 0.57265625 0.4328125 0.03828125 0.11015625
24 0.153125 0.65546875 0.0484375 0.09453125
18 0.10859375 0.29375 0.05234375 0.13984375
17 0.40546875 0.4515625 0.03984375 0.11875
24 0.31796875 0.61796875 0.03671875 0.0875
18 0.27265625 0.296875 0.0453125 0.128125
18 0.359375 0.4546875 0.0484375 0.121875
17 0.49296875 0.3 0.03828125 0.1125
24 0.45859375 0.58125 0.03125 0.09375
4 0.25859375 0.75390625 0.03125 0.103125
8 0.69453125 0.42734375 0.02109375 0.08984375
4 0.28828125 0.74453125 0.028125 0.1
10 0.7171875 0.425 0.02109375 0.08671875
17 0.1421875 0.10859375 0.05 0.10546875
10 0.74140625 0.30625 0.0171875 0.084375
8 0.68203125 0.30546875 0.01875 0.08984375
17 0.44765625 0.44921875 0.04140625 0.11328125
10 0.7375 0.42265625 0.02109375 0.08515625
17 0.3078125 0.46015625 0.05 0.12421875
8 0.659375 0.30390625 0.028125 0.08984375
24 0.5203125 0.5703125 0.02578125 0.0875
17 0.6125 0.43046875 0.03671875 0.103125
17 0.5078125 0.15 0.028125 0.0921875
24 0.28046875 0.6265625 0.034375 0.08671875
4 0.31875 0.7375 0.0296875 0.1
10 0.71171875 0.53046875 0.02109375 0.078125
10 0.7328125 0.528125 0.0171875 0.0796875
4 0.15625 0.78203125 0.0296875 0.109375
24 0.2421875 0.63359375 0.03671875 0.09296875
18 0.32265625 0.12734375 0.04140625 0.10234375
8 0.67109375 0.1640625 0.02109375 0.0921875
17 0.5375 0.153125 0.02578125 0.090625
8 0.6890625 0.53515625 0.02109375 0.0796875
5 0.41640625 0.709375 0.0296875 0.0953125
8 0.72421875 0.30546875 0.01875 0.08671875
17 0.47578125 0.146875 0.0296875 0.09296875
8 0.690625 0.165625 0.0171875 0.0921875
10 0.728125 0.17109375 0.01875 0.08515625
18 0.40390625 0.134375 0.03671875 0.1046875
17 0.4421875 0.1421875 0.0328125 0.0953125
4 0.35625 0.7265625 0.03125 0.10078125
18 0.7765625 0.30625 0.0171875 0.08203125
10 0.7578125 0.30625 0.0140625 0.084375
5 0.3875 0.71796875 0.028125 0.09765625
18 0.365625 0.13203125 0.03671875 0.10234375
8 0.70078125 0.1671875 0.01875 0.08984375
8 0.66875 0.53828125 0.01875 0.0796875
10 0.75078125 0.52421875 0.015625 0.078125