17 0.821875 0.6765625 0.128125 0.221875
8 0.73125 0.40234375 0.10078125 0.2375
17 0.36015625 0.6203125 0.05546875 0.1515625
1 0.63984375 0.4109375 0.078125 0.21171875
17 0.69453125 0.66328125 0.11796875 0.2015625
1 0.56171875 0.41484375 0.07265625 0.2
1 0.4296875 0.41640625 0.05546875 0.18359375
1 0.31953125 0.41796875 0.05 0.16875
1 0.2703125 0.42109375 0.0453125 0.1578125
1 0.3734375 0.41875 0.05390625 0.1734375
17 0.49296875 0.6359375 0.0796875 0.175
17 0.58359375 0.646875 0.096875 0.18828125
17 0.4203125 0.62734375 0.0609375 0.15703125
1 0.49140625 0.4140625 0.0625 0.19375
1 0.225 0.42109375 0.03984375 0.153125
8 0.84140625 0.4 0.1109375 0.25078125
1 0.18046875 0.421875 0.0453125 0.14921875
1 0.1421875 0.42265625 0.03125 0.14453125
19 0.30546875 0.6125 0.05 0.14375
14 0.68125 0.88203125 0.07265625 0.17109375
16 0.52421875 0.97578125 0.05234375 0.04765625
16 0.4734375 0.96875 0.046875 0.0625
16 0.37421875 0.9484375 0.05 0.10234375
17 0.21171875 0.6078125 0.034375 0.11015625
19 0.25546875 0.60546875 0.0484375 0.134375
16 0.42734375 0.9609375 0.0453125 0.078125