2 0.828125 0.51640625 0.078125 0.15625
2 0.746875 0.51171875 0.0796875 0.15
17 0.1046875 0.33359375 0.03828125 0.11328125
0 0.48515625 0.49296875 0.05 0.12890625
2 0.80390625 0.69921875 0.08515625 0.1421875
2 0.725 0.6890625 0.06796875 0.1359375
2 0.715625 0.8578125 0.0625 0.1265625
2 0.671875 0.50625 0.0625 0.14453125
17 0.20234375 0.3328125 0.05234375 0.12109375
0 0.60625 0.50078125 0.0640625 0.1390625
24 0.7015625 0.33359375 0.07265625 0.14765625
2 0.784375 0.87421875 0.07109375 0.13359375
18 0.25625 0.3328125 0.05 0.125
0 0.53203125 0.65390625 0.05546875 0.128125
0 0.54140625 0.49609375 0.05703125 0.13359375
0 0.5921875 0.6640625 0.059375 0.13203125
2 0.65546875 0.67578125 0.0625 0.134375
17 0.14921875 0.33515625 0.0453125 0.1140625
2 0.65390625 0.8421875 0.05703125 0.12578125
24 0.7828125 0.3328125 0.0765625 0.153125
18 0.31015625 0.33125 0.05234375 0.13125
8 0.3109375 0.4828125 0.034375 0.1078125
1 0.43515625 0.49140625 0.0453125 0.11875
1 0.47734375 0.64375 0.0484375 0.125
1 0.42890625 0.6359375 0.0453125 0.12109375
8 0.34921875 0.48515625 0.03671875 0.11015625
24 0.62578125 0.3328125 0.07109375 0.14765625
18 0.4828125 0.15 0.0625 0.1296875
0 0.59375 0.8265625 0.05703125 0.121875
8 0.23984375 0.475 0.0328125 0.1015625
1 0.38046875 0.6265625 0.0453125 0.11796875
24 0.55625 0.33515625 0.0609375 0.13984375
1 0.38984375 0.4875 0.03984375 0.11328125
8 0.27421875 0.478125 0.0328125 0.103125
0 0.53671875 0.81484375 0.05 0.1109375
10 0.1765625 0.46796875 0.0296875 0.096875
8 0.2078125 0.47109375 0.0296875 0.0984375
18 0.428125 0.15625 0.04140625 0.12109375
8 0.334375 0.61875 0.04140625 0.11328125
24 0.48984375 0.3359375 0.0640625 0.134375
24 0.86484375 0.33125 0.0765625 0.1578125
8 0.28984375 0.6109375 0.03984375 0.10859375
17 0.378125 0.16171875 0.05234375 0.11796875
17 0.08125 0.1828125 0.03125 0.12109375
5 0.475 0.9484375 0.04140625 0.103125
17 0.11484375 0.1828125 0.03671875 0.1171875
8 0.20625 0.596875 0.03671875 0.10234375
10 0.14609375 0.46640625 0.028125 0.096875
5 0.5203125 0.9484375 0.046875 0.103125
17 0.2828125 0.17265625 0.03984375 0.1109375
24 0.425 0.33515625 0.05703125 0.13125
8 0.24765625 0.60390625 0.03984375 0.10546875
18 0.06796875 0.33046875 0.0296875 0.1109375
10 0.1171875 0.4640625 0.02421875 0.09296875
24 0.77890625 0.11171875 0.078125 0.14921875
5 0.43203125 0.94140625 0.0390625 0.1171875