8 0.48671875 0.46953125 0.02578125 0.0765625
8 0.3609375 0.35625 0.03984375 0.0953125
8 0.4 0.35859375 0.03671875 0.09375
7 0.13046875 0.3421875 0.05390625 0.10859375
0 0.278125 0.35234375 0.03828125 0.0984375
3 0.34921875 0.58828125 0.0328125 0.1015625
0 0.146875 0.46640625 0.03671875 0.09296875
8 0.36484375 0.46796875 0.03125 0.0828125
0 0.26484375 0.4671875 0.03671875 0.0875
8 0.42890625 0.46875 0.0296875 0.07890625
0 0.2265625 0.4671875 0.03828125 0.08984375
4 0.1671875 0.59765625 0.03984375 0.11015625
8 0.39765625 0.46796875 0.0296875 0.08125
0 0.23203125 0.35 0.0484375 0.103125
2 0.18203125 0.346875 0.046875 0.1046875
8 0.4375 0.36015625 0.034375 0.09375
0 0.18671875 0.46640625 0.03828125 0.090625
8 0.4734375 0.3625 0.0328125 0.09296875
8 0.57578125 0.36796875 0.03125 0.08671875
10 0.609375 0.3703125 0.03125 0.08515625
4 0.2453125 0.59375 0.03671875 0.1078125
8 0.31953125 0.3546875 0.04140625 0.096875
3 0.315625 0.58984375 0.03125 0.103125
8 0.50625 0.36484375 0.03125 0.090625
8 0.459375 0.46875 0.0296875 0.078125
8 0.54140625 0.3640625 0.034375 0.09296875
8 0.51484375 0.46953125 0.02578125 0.0765625
4 0.2078125 0.5953125 0.03984375 0.109375
8 0.3328125 0.46796875 0.03125 0.08515625
4 0.28046875 0.5921875 0.034375 0.10546875
4 0.121875 0.60078125 0.0484375 0.1140625
1 0.07265625 0.340625 0.05703125 0.109375
0 0.3 0.4671875 0.03125 0.08671875
0 0.10703125 0.46640625 0.03984375 0.09453125
3 0.384375 0.58515625 0.034375 0.1
10 0.640625 0.37265625 0.0296875 0.084375
17 0.67421875 0.3734375 0.0328125 0.0828125
10 0.59296875 0.46953125 0.02265625 0.0734375
17 0.70546875 0.37578125 0.0296875 0.08203125
10 0.61875 0.46953125 0.02421875 0.071875
4 0.4171875 0.58359375 0.03125 0.0984375
10 0.56796875 0.46953125 0.02421875 0.07421875