17 0.740625 0.6328125 0.0796875 0.128125
17 0.77421875 0.490625 0.0640625 0.125
17 0.7109375 0.48515625 0.05703125 0.11796875
20 0.6015625 0.47578125 0.0453125 0.10859375
17 0.64375 0.340625 0.046875 0.0984375
5 0.753125 0.7859375 0.04375 0.115625
17 0.84921875 0.4953125 0.078125 0.13359375
17 0.8328125 0.6515625 0.0921875 0.1359375
5 0.85390625 0.8140625 0.0640625 0.1234375
17 0.79609375 0.334375 0.05 0.1109375
17 0.8578125 0.33203125 0.06953125 0.11640625
17 0.6578125 0.61640625 0.07109375 0.11875
5 0.79765625 0.8 0.04375 0.1171875
17 0.7421875 0.3359375 0.05234375 0.1078125
17 0.6921875 0.33828125 0.0453125 0.10234375
20 0.65390625 0.4796875 0.05234375 0.1125
18 0.56484375 0.3421875 0.03984375 0.09296875
5 0.709375 0.771875 0.04140625 0.115625
18 0.48984375 0.34453125 0.03125 0.0859375
18 0.52578125 0.34296875 0.03671875 0.0890625
17 0.60390625 0.3421875 0.0328125 0.09453125
5 0.671875 0.759375 0.03125 0.10859375
18 0.45859375 0.3453125 0.0296875 0.08203125
17 0.53671875 0.2296875 0.034375 0.07890625
18 0.428125 0.346875 0.0296875 0.07890625
18 0.7109375 0.2046875 0.0484375 0.08671875
17 0.50078125 0.23359375 0.0328125 0.07734375
18 0.5546875 0.471875 0.04375 0.10234375
18 0.5125 0.4671875 0.03671875 0.09765625
17 0.46796875 0.2390625 0.03125 0.07421875
5 0.63515625 0.75078125 0.03828125 0.1078125
3 0.5078125 0.70859375 0.02578125 0.09375
3 0.478125 0.69921875 0.0296875 0.09296875
18 0.76484375 0.196875 0.05546875 0.0921875
5 0.5359375 0.71875 0.028125 0.1
3 0.45078125 0.690625 0.02421875 0.0921875
8 0.28359375 0.34765625 0.0328125 0.071875
1 0.31328125 0.45 0.02421875 0.0828125
17 0.3765625 0.5609375 0.03125 0.0875
1 0.2890625 0.44765625 0.01875 0.08125
17 0.571875 0.225 0.034375 0.07890625
8 0.18828125 0.2609375 0.02265625 0.07734375
19 0.49296875 0.58359375 0.04140625 0.10234375
8 0.1890625 0.35 0.01875 0.059375
8 0.17734375 0.3515625 0.015625 0.059375
8 0.25234375 0.3484375 0.0171875 0.06953125
8 0.2703125 0.25078125 0.02421875 0.0859375
1 0.2734375 0.44609375 0.02109375 0.078125
18 0.82578125 0.1890625 0.0625 0.0921875
3 0.40703125 0.6765625 0.02578125 0.0859375
8 0.2 0.35078125 0.0171875 0.06171875
8 0.2203125 0.35 0.015625 0.0640625
8 0.29609375 0.24765625 0.02421875 0.0875
8 0.209375 0.259375 0.0171875 0.07890625
8 0.2109375 0.35 0.0125 0.0625
8 0.2296875 0.25625 0.01875 0.0828125
3 0.42890625 0.68359375 0.02109375 0.0859375
1 0.2953125 0.5453125 0.02109375 0.07734375
2 0.21171875 0.440625 0.01875 0.071875
19 0.53828125 0.5921875 0.0453125 0.1078125
20 0.59140625 0.603125 0.05703125 0.1125
19 0.36875 0.4546875 0.028125 0.08671875
2 0.2234375 0.4421875 0.02109375 0.07421875
5 0.5671875 0.728125 0.03125 0.10234375
10 0.15703125 0.3515625 0.01875 0.05859375
19 0.371875 0.34765625 0.028125 0.075
18 0.89296875 0.18046875 0.06796875 0.1
5 0.5984375 0.73984375 0.03125 0.103125
19 0.4015625 0.4578125 0.034375 0.0875
8 0.2484375 0.25390625 0.01875 0.084375