12 0.86171875 0.4328125 0.04296875 0.13984375
18 0.33046875 0.66015625 0.07265625 0.1578125
12 0.81640625 0.4328125 0.046875 0.14453125
10 0.49296875 0.234375 0.06328125 0.1703125
10 0.55546875 0.240625 0.0578125 0.1640625
11 0.590625 0.43359375 0.07265625 0.16953125
17 0.25078125 0.67265625 0.07734375 0.16796875
17 0.46796875 0.64140625 0.0515625 0.14609375
11 0.278125 0.43671875 0.090625 0.2046875
1 0.259375 0.20390625 0.08125 0.203125
11 0.3671875 0.43515625 0.08046875 0.19609375
24 0.45390625 0.8453125 0.065625 0.16953125
8 0.82578125 0.27734375 0.03359375 0.1203125
8 0.6140625 0.2484375 0.05546875 0.16015625
11 0.18125 0.44140625 0.09140625 0.20703125
18 0.871875 0.746875 0.04296875 0.11640625
17 0.70546875 0.78359375 0.06328125 0.14140625
24 0.3046875 0.896875 0.0765625 0.1703125
12 0.66015625 0.43359375 0.06171875 0.1609375
11 0.51796875 0.434375 0.06875 0.17734375
12 0.90546875 0.4328125 0.04296875 0.134375
17 0.76796875 0.765625 0.05546875 0.13984375
24 0.215625 0.91328125 0.084375 0.1734375
8 0.66953125 0.2546875 0.0515625 0.153125
12 0.7203125 0.4328125 0.05390625 0.15625
11 0.4453125 0.434375 0.07265625 0.1859375
0 0.34140625 0.21328125 0.07890625 0.1921875
24 0.38359375 0.86953125 0.065625 0.17265625
18 0.40703125 0.65234375 0.06953125 0.1546875
8 0.86015625 0.2796875 0.03203125 0.11953125
10 0.79140625 0.27265625 0.03359375 0.125
1 0.16640625 0.190625 0.0984375 0.21484375
10 0.75546875 0.2671875 0.0359375 0.1328125
24 0.52421875 0.82734375 0.06484375 0.16484375
10 0.71640625 0.26328125 0.03984375 0.1375
12 0.76875 0.4328125 0.04375 0.14921875
7 0.059375 0.184375 0.090625 0.22734375
8 0.89375 0.28125 0.03515625 0.11953125
16 0.4578125 0.9890625 0.04921875 0.02109375
16 0.56875 0.9734375 0.06171875 0.053125
16 0.5109375 0.9796875 0.05625 0.040625
18 0.86953125 0.5921875 0.03359375 0.10546875
24 0.59140625 0.8125 0.059375 0.15703125
17 0.82421875 0.75546875 0.0515625 0.1265625
21 0.52734375 0.634375 0.059375 0.1421875