8 0.6671875 0.39375 0.05234375 0.2328125
8 0.7203125 0.39453125 0.04921875 0.23359375
12 0.4984375 0.3640625 0.07265625 0.27890625
8 0.67890625 0.7046875 0.0609375 0.25546875
2 0.1625 0.6953125 0.06171875 0.2625
12 0.4265625 0.3625 0.0671875 0.27890625
12 0.3578125 0.36015625 0.065625 0.27890625
8 0.42421875 0.7 0.06328125 0.259375
10 0.82421875 0.39765625 0.0484375 0.2296875
11 0.28828125 0.36015625 0.0671875 0.278125
10 0.74140625 0.70703125 0.059375 0.25703125
10 0.80546875 0.7078125 0.0609375 0.25703125
8 0.61328125 0.39140625 0.05 0.23125
2 0.09765625 0.69375 0.0640625 0.2625
11 0.21484375 0.35703125 0.0734375 0.28046875
0 0.22734375 0.69765625 0.06328125 0.26328125
10 0.92890625 0.71015625 0.06015625 0.253125
11 0.14296875 0.35546875 0.065625 0.27890625
8 0.615625 0.703125 0.059375 0.25703125
10 0.77265625 0.396875 0.04921875 0.23125
11 0.06953125 0.35 0.07734375 0.284375
10 0.8671875 0.709375 0.05625 0.253125
8 0.4890625 0.7 0.06015625 0.25859375
8 0.5609375 0.39140625 0.0484375 0.2296875
8 0.553125 0.7015625 0.06015625 0.25859375
0 0.359375 0.69765625 0.0609375 0.259375
0 0.29375 0.69609375 0.06484375 0.2625
10 0.86875 0.4 0.0375 0.225
24 0.98125 0.71640625 0.03671875 0.23671875