19 0.3515625 0.575 0.05703125 0.12109375
19 0.390625 0.75703125 0.065625 0.1375
19 0.2890625 0.58046875 0.0609375 0.12421875
8 0.10625 0.11953125 0.06875 0.16171875
19 0.409375 0.5703125 0.05390625 0.1171875
8 0.24375 0.13359375 0.06171875 0.153125
19 0.46484375 0.56484375 0.05 0.1140625
2 0.82578125 0.35546875 0.04375 0.12890625
8 0.36484375 0.14765625 0.05390625 0.14375
17 0.7515625 0.5453125 0.04140625 0.0890625
18 0.16640625 0.79453125 0.07734375 0.1484375
17 0.51640625 0.56015625 0.04921875 0.11171875
10 0.5765625 0.17421875 0.04765625 0.11796875
11 0.24453125 0.33828125 0.08125 0.190625
17 0.66171875 0.5515625 0.0453125 0.0921875
3 0.16796875 0.953125 0.0609375 0.09296875
17 0.52109375 0.7328125 0.05703125 0.1265625
12 0.5734375 0.3453125 0.059375 0.15859375
17 0.5796875 0.72421875 0.05390625 0.12421875
8 0.32265625 0.35 0.065625 0.16484375
17 0.70703125 0.5484375 0.04296875 0.08984375
10 0.52734375 0.16875 0.0453125 0.1234375
10 0.51484375 0.35 0.05390625 0.15078125
11 0.1484375 0.33828125 0.0984375 0.1984375
0 0.6859375 0.353125 0.0515625 0.1375
8 0.39140625 0.36015625 0.06484375 0.140625
8 0.1765625 0.1265625 0.06328125 0.15859375
12 0.63203125 0.3453125 0.0515625 0.15625
19 0.45859375 0.746875 0.06171875 0.1296875
2 0.78046875 0.3546875 0.04375 0.1328125
17 0.5671875 0.5546875 0.04765625 0.10859375
10 0.45625 0.35234375 0.0578125 0.1484375
18 0.221875 0.58671875 0.065625 0.128125
5 0.33203125 0.93515625 0.046875 0.1296875
18 0.14921875 0.590625 0.06953125 0.1328125
8 0.421875 0.1546875 0.05390625 0.13828125
2 0.90234375 0.2015625 0.0359375 0.10625
18 0.24609375 0.7828125 0.0734375 0.14375
10 0.66953125 0.18203125 0.04296875 0.11640625
3 0.28046875 0.940625 0.0515625 0.11796875
1 0.8671875 0.35546875 0.0375 0.12578125
0 0.73515625 0.35390625 0.0453125 0.1359375
10 0.625 0.178125 0.04296875 0.1171875
2 0.865625 0.2 0.03515625 0.1078125
8 0.30703125 0.13984375 0.0578125 0.14765625
17 0.61484375 0.55078125 0.04296875 0.10546875
2 0.75234375 0.1890625 0.0375 0.1125
2 0.7921875 0.19296875 0.0390625 0.11015625
10 0.4765625 0.16171875 0.05 0.1296875
2 0.83046875 0.196875 0.03515625 0.10859375
1 0.90859375 0.35546875 0.04140625 0.12421875
2 0.71328125 0.1859375 0.03984375 0.1140625
24 0.68046875 0.71015625 0.0453125 0.11640625
16 0.63828125 0.86796875 0.04375 0.13046875
2 0.93828125 0.2046875 0.03359375 0.1046875
5 0.38359375 0.928125 0.0515625 0.12890625
16 0.56328125 0.88359375 0.0390625 0.0953125
24 0.63203125 0.7171875 0.0453125 0.11953125
24 0.72734375 0.7015625 0.04296875 0.1125
4 0.51796875 0.903125 0.046875 0.1328125
3 0.2265625 0.946875 0.0515625 0.10546875
5 0.43828125 0.92890625 0.0515625 0.1375
11 0.903125 0.6640625 0.05546875 0.1203125
24 0.77421875 0.69453125 0.0453125 0.109375
4 0.47890625 0.91171875 0.03125 0.13984375