19 0.68515625 0.690625 0.07890625 0.1546875
19 0.540625 0.6578125 0.0609375 0.140625
19 0.7734375 0.70703125 0.0828125 0.1609375
8 0.38203125 0.41484375 0.0609375 0.1640625
19 0.225 0.7515625 0.05546875 0.1328125
19 0.47578125 0.64765625 0.0609375 0.13671875
8 0.25390625 0.21484375 0.05703125 0.16875
19 0.60703125 0.67265625 0.06875 0.14765625
2 0.525 0.42421875 0.0734375 0.18046875
1 0.90234375 0.45 0.1109375 0.21796875
8 0.203125 0.4015625 0.053125 0.14765625
18 0.61875 0.87734375 0.07734375 0.16796875
17 0.28515625 0.76953125 0.05546875 0.13359375
8 0.315625 0.2109375 0.059375 0.1765625
19 0.36640625 0.628125 0.04921875 0.1234375
19 0.315625 0.61953125 0.046875 0.11640625
2 0.60234375 0.42890625 0.07734375 0.18671875
1 0.790625 0.4390625 0.09921875 0.209375
19 0.41875 0.63671875 0.04921875 0.1328125
2 0.53203125 0.196875 0.0765625 0.2015625
17 0.3421875 0.78671875 0.05546875 0.1375
19 0.91640625 0.934375 0.10625 0.13046875
18 0.803125 0.92109375 0.09296875 0.1578125
19 0.221875 0.59765625 0.04375 0.1171875
2 0.6890625 0.434375 0.090625 0.2
1 0.8140625 0.1765625 0.10234375 0.23828125
18 0.7078125 0.90234375 0.08671875 0.1734375
8 0.38203125 0.20703125 0.0671875 0.184375
1 0.925 0.1671875 0.11015625 0.253125
10 0.4546875 0.203125 0.07109375 0.1921875
8 0.196875 0.21875 0.0515625 0.1609375
19 0.8671875 0.72421875 0.096875 0.16953125
10 0.45 0.41953125 0.06875 0.1703125
2 0.7125 0.1859375 0.09296875 0.221875
8 0.14765625 0.3984375 0.05 0.14453125
19 0.17421875 0.73671875 0.04140625 0.12578125
8 0.09453125 0.3953125 0.05 0.13984375
2 0.61640625 0.1921875 0.08671875 0.21328125
8 0.0546875 0.234375 0.0453125 0.13203125
8 0.09921875 0.23203125 0.03984375 0.13671875
8 0.31640625 0.4140625 0.059375 0.14921875
8 0.14453125 0.22265625 0.04765625 0.1546875
8 0.2578125 0.4109375 0.0515625 0.14140625
19 0.13203125 0.72421875 0.04140625 0.1234375
19 0.26796875 0.6078125 0.04296875 0.11640625
19 0.09296875 0.7125 0.0359375 0.11171875
21 0.40234375 0.8078125 0.06171875 0.14609375
21 0.471875 0.82890625 0.0671875 0.15078125
21 0.98828125 0.946875 0.0234375 0.10546875