19 0.25703125 0.5796875 0.0453125 0.10625
19 0.175 0.57109375 0.0359375 0.10234375
1 0.86640625 0.3765625 0.08515625 0.18984375
2 0.66640625 0.17109375 0.059375 0.14375
2 0.70703125 0.38046875 0.0734375 0.1734375
17 0.50703125 0.61015625 0.05 0.11015625
17 0.43203125 0.78515625 0.05703125 0.13984375
2 0.49609375 0.1921875 0.053125 0.12578125
19 0.3171875 0.7625 0.05390625 0.13359375
12 0.3859375 0.37578125 0.05703125 0.15859375
2 0.7984375 0.1546875 0.065625 0.1546875
2 0.63515625 0.38125 0.065625 0.16875
1 0.78359375 0.378125 0.075 0.17890625
19 0.2625 0.75078125 0.04921875 0.128125
17 0.34921875 0.58828125 0.04765625 0.1125
11 0.090625 0.38203125 0.046875 0.13359375
17 0.625 0.6234375 0.06171875 0.11640625
2 0.60625 0.1796875 0.0578125 0.134375
12 0.44609375 0.37578125 0.0578125 0.1640625
17 0.4546875 0.59765625 0.05 0.1171875
11 0.13828125 0.38203125 0.04375 0.1359375
19 0.21328125 0.57421875 0.0375 0.1046875
17 0.40078125 0.59375 0.0515625 0.115625
2 0.87265625 0.14609375 0.0765625 0.16015625
2 0.73046875 0.1640625 0.06328125 0.14921875
10 0.39375 0.20234375 0.04296875 0.1171875
10 0.27734375 0.38203125 0.046875 0.140625
10 0.26484375 0.21640625 0.03984375 0.11015625
2 0.54921875 0.18828125 0.05 0.128125
17 0.56328125 0.61640625 0.05703125 0.11171875
0 0.56875 0.38203125 0.06328125 0.1625
10 0.32890625 0.38125 0.0515625 0.14375
0 0.50546875 0.38203125 0.0578125 0.15625
18 0.13671875 0.565625 0.03515625 0.10078125
17 0.37421875 0.7734375 0.053125 0.134375
10 0.35 0.20703125 0.03984375 0.1140625
18 0.1671875 0.73046875 0.04296875 0.1203125
8 0.18671875 0.225 0.0359375 0.10546875
10 0.4421875 0.19609375 0.04765625 0.125
8 0.22890625 0.38203125 0.046875 0.13828125
10 0.3078125 0.21171875 0.03984375 0.1125
19 0.30234375 0.58359375 0.04140625 0.11015625
8 0.14921875 0.228125 0.03359375 0.10234375
4 0.38203125 0.94453125 0.05 0.1078125
8 0.08359375 0.23515625 0.028125 0.1
18 0.10078125 0.5625 0.03359375 0.09765625
8 0.225 0.22109375 0.03515625 0.10625
16 0.5234375 0.95625 0.0515625 0.0875
8 0.11484375 0.23125 0.0296875 0.10234375
8 0.1828125 0.38359375 0.04140625 0.134375
4 0.34140625 0.93828125 0.03203125 0.1203125
8 0.05546875 0.2375 0.02421875 0.09609375
16 0.4296875 0.946875 0.0453125 0.10546875
5 0.3 0.9328125 0.04921875 0.13359375
24 0.85078125 0.86953125 0.08359375 0.1625
24 0.55546875 0.81171875 0.0609375 0.13984375
24 0.49296875 0.7984375 0.05703125 0.13828125
24 0.62109375 0.82578125 0.06328125 0.14609375
24 0.76640625 0.8546875 0.06953125 0.15625
16 0.66171875 0.97890625 0.053125 0.04140625
16 0.60234375 0.971875 0.06171875 0.05625
11 0.95234375 0.87578125 0.0953125 0.221875