8 0.775 0.34375 0.0859375 0.15234375
8 0.68515625 0.34375 0.0859375 0.15078125
8 0.865625 0.3421875 0.0875 0.153125
8 0.59453125 0.34453125 0.0859375 0.15078125
3 0.67890625 0.90078125 0.06875 0.15078125
17 0.51328125 0.74921875 0.07734375 0.1015625
2 0.39296875 0.540625 0.084375 0.14609375
3 0.53671875 0.89921875 0.06875 0.15
0 0.74765625 0.5421875 0.0859375 0.14765625
0 0.659375 0.54296875 0.084375 0.14609375
6 0.64453125 0.125 0.11328125 0.1703125
2 0.4796875 0.54140625 0.0828125 0.14609375
17 0.75234375 0.7515625 0.07578125 0.10078125
0 0.840625 0.54296875 0.09140625 0.1484375
17 0.59296875 0.75078125 0.07578125 0.1
2 0.56953125 0.54296875 0.0875 0.14765625
1 0.3046875 0.53984375 0.084375 0.1453125
17 0.8359375 0.7515625 0.07890625 0.1
10 0.15859375 0.3421875 0.08125 0.15078125
17 0.1109375 0.73828125 0.07890625 0.11015625
3 0.6078125 0.9 0.0671875 0.15078125
1 0.215625 0.53984375 0.084375 0.14453125
5 0.11796875 0.8921875 0.0703125 0.15
6 0.1046875 0.121875 0.11015625 0.175
5 0.25703125 0.89453125 0.0671875 0.15
3 0.4671875 0.8984375 0.0671875 0.15078125
3 0.753125 0.90078125 0.0703125 0.15234375
17 0.67265625 0.75078125 0.07578125 0.1
17 0.43125 0.7484375 0.07734375 0.1015625
3 0.82578125 0.90234375 0.06875 0.153125
17 0.19296875 0.740625 0.07578125 0.109375
10 0.3359375 0.34375 0.0828125 0.15
5 0.396875 0.896875 0.06875 0.15234375
6 0.32109375 0.1234375 0.1015625 0.1734375
17 0.271875 0.74140625 0.07265625 0.11171875
10 0.5078125 0.3453125 0.0828125 0.15
10 0.246875 0.3421875 0.0859375 0.15078125
10 0.421875 0.34453125 0.08125 0.15078125
6 0.4234375 0.1234375 0.09453125 0.1734375
6 0.215625 0.121875 0.1015625 0.17421875
1 0.1234375 0.53828125 0.09140625 0.14453125
22 0.871875 0.13125 0.1015625 0.15234375
5 0.32734375 0.89609375 0.0671875 0.15078125
6 0.528125 0.12421875 0.10703125 0.1734375
17 0.35 0.7484375 0.07578125 0.10078125
22 0.7625 0.13359375 0.103125 0.15078125
5 0.18828125 0.89296875 0.065625 0.15234375
10 0.08984375 0.34140625 0.0515625 0.14921875