1 0.75078125 0.68046875 0.06328125 0.284375
17 0.2625 0.7078125 0.06875 0.22578125
2 0.615625 0.68125 0.06796875 0.28203125
17 0.3375 0.70703125 0.0734375 0.22578125
1 0.684375 0.68125 0.06328125 0.28203125
10 0.40703125 0.353125 0.07578125 0.28671875
10 0.63984375 0.3484375 0.071875 0.28671875
8 0.54609375 0.68203125 0.06328125 0.27890625
8 0.47890625 0.68203125 0.06328125 0.275
0 0.81953125 0.6796875 0.06796875 0.284375
18 0.2203125 0.359375 0.08046875 0.275
10 0.4875 0.35234375 0.07265625 0.28828125
0 0.89375 0.678125 0.075 0.28828125
10 0.5640625 0.35078125 0.07109375 0.28671875
17 0.309375 0.35703125 0.09140625 0.2828125
8 0.7171875 0.346875 0.075 0.28671875
8 0.79765625 0.34453125 0.0765625 0.2921875
8 0.41171875 0.68359375 0.0640625 0.27421875
18 0.1296875 0.35625 0.0859375 0.27890625
8 0.88203125 0.34140625 0.08203125 0.290625
18 0.00859375 0.68125 0.01640625 0.18125
4 0.70625 0.9453125 0.059375 0.109375
4 0.76484375 0.94453125 0.05546875 0.1109375
18 0.01015625 0.42734375 0.0203125 0.4109375
4 0.6484375 0.946875 0.053125 0.10625
15 0.36640625 0.9421875 0.05546875 0.11484375
14 0.3078125 0.94296875 0.05703125 0.1140625