13 0.91953125 0.2 0.0921875 0.23515625
13 0.91796875 0.48203125 0.0921875 0.23359375
2 0.8625 0.78515625 0.07265625 0.28515625
24 0.14609375 0.509375 0.05 0.18828125
10 0.51171875 0.778125 0.06171875 0.26328125
13 0.83046875 0.2078125 0.07734375 0.23125
8 0.64296875 0.23046875 0.053125 0.21328125
8 0.37421875 0.5015625 0.04765625 0.19375
17 0.25078125 0.27421875 0.053125 0.1734375
8 0.53125 0.240625 0.0515625 0.209375
24 0.09140625 0.51015625 0.05234375 0.1859375
8 0.75625 0.48671875 0.05703125 0.215625
8 0.42421875 0.49921875 0.0484375 0.19765625
8 0.69609375 0.4890625 0.05625 0.21171875
8 0.47578125 0.496875 0.04921875 0.19921875
8 0.578125 0.778125 0.06484375 0.26328125
8 0.58125 0.49375 0.053125 0.20546875
17 0.0375 0.29140625 0.053125 0.165625
8 0.70078125 0.22421875 0.05546875 0.21484375
8 0.7890625 0.78515625 0.06796875 0.28046875
24 0.3203125 0.7765625 0.05625 0.2390625
8 0.52734375 0.49453125 0.04921875 0.203125
10 0.446875 0.7765625 0.06015625 0.259375
17 0.3109375 0.26953125 0.06171875 0.17578125
8 0.47734375 0.24453125 0.05 0.20546875
8 0.759375 0.21953125 0.05703125 0.215625
8 0.7171875 0.78203125 0.06875 0.275
17 0.140625 0.2828125 0.0515625 0.16796875
8 0.63828125 0.49140625 0.05390625 0.20546875
8 0.58671875 0.23515625 0.053125 0.209375
8 0.42421875 0.25078125 0.04921875 0.2
24 0.384375 0.778125 0.0609375 0.2453125
17 0.19453125 0.27734375 0.05234375 0.171875
17 0.08984375 0.28828125 0.046875 0.1640625
8 0.64609375 0.778125 0.06484375 0.26640625
24 0.19921875 0.77265625 0.0578125 0.23125
1 0.9421875 0.7890625 0.0796875 0.2921875
8 0.371875 0.2546875 0.05 0.19765625
24 0.03984375 0.51328125 0.0453125 0.18359375
24 0.04765625 0.771875 0.04921875 0.2234375
24 0.09375 0.77109375 0.03984375 0.225
16 0.33125 0.97578125 0.05234375 0.04765625
24 0.20078125 0.5078125 0.053125 0.18984375
18 0.1140625 0.97109375 0.065625 0.0578125
18 0.0046875 0.2890625 0.00859375 0.18828125
24 0.13984375 0.77421875 0.05234375 0.2296875
18 0.0515625 0.96796875 0.05390625 0.06328125
18 0.175 0.97265625 0.06171875 0.05390625
24 0.26015625 0.77421875 0.05703125 0.2328125
16 0.2796875 0.97421875 0.0484375 0.0515625
3 0.91875 0.01875 0.07578125 0.0375
16 0.4390625 0.9796875 0.0515625 0.03984375
16 0.4921875 0.98125 0.05234375 0.0375
16 0.384375 0.97890625 0.053125 0.0421875
24 0.25859375 0.50625 0.05625 0.19140625
17 0.22890625 0.97421875 0.04921875 0.0515625
24 0.01015625 0.790625 0.0203125 0.2078125
16 0.54609375 0.9828125 0.0546875 0.034375
16 0.60546875 0.9859375 0.0578125 0.028125
24 0.31875 0.50390625 0.05546875 0.1921875