1 0.3546875 0.41796875 0.07265625 0.1703125
8 0.49609375 0.41015625 0.06328125 0.16015625
8 0.75546875 0.2046875 0.04296875 0.14453125
2 0.45390625 0.2046875 0.05546875 0.16015625
17 0.1921875 0.659375 0.0734375 0.13203125
17 0.26640625 0.64921875 0.065625 0.128125
10 0.62109375 0.40234375 0.05546875 0.15234375
10 0.56015625 0.4046875 0.059375 0.1546875
17 0.68203125 0.575 0.059375 0.1375
4 0.2359375 0.83984375 0.065625 0.16015625
3 0.6140625 0.76171875 0.046875 0.1453125
2 0.396875 0.203125 0.059375 0.16484375
1 0.42734375 0.4140625 0.06875 0.1640625
2 0.33359375 0.20234375 0.06484375 0.16796875
2 0.1109375 0.43046875 0.08515625 0.178125
8 0.709375 0.2046875 0.0453125 0.14609375
4 0.3578125 0.815625 0.05546875 0.1546875
8 0.6140625 0.2046875 0.04765625 0.153125
17 0.4078125 0.615625 0.0734375 0.15
2 0.2671875 0.203125 0.06328125 0.16640625
8 0.51015625 0.203125 0.053125 0.15859375
8 0.884375 0.20625 0.0375 0.134375
8 0.84375 0.20546875 0.03984375 0.13984375
3 0.82421875 0.715625 0.0390625 0.12890625
4 0.16640625 0.853125 0.075 0.1609375
3 0.90390625 0.69921875 0.03203125 0.1234375
17 0.334375 0.640625 0.06484375 0.12421875
3 0.74375 0.7328125 0.04296875 0.1328125
4 0.3 0.82734375 0.0609375 0.15703125
17 0.4828125 0.60390625 0.06953125 0.14765625
17 0.74375 0.56796875 0.05703125 0.13359375
8 0.6625 0.2046875 0.0453125 0.14921875
3 0.65859375 0.7515625 0.04140625 0.140625
8 0.56328125 0.2046875 0.04765625 0.1546875
4 0.51875 0.78203125 0.04765625 0.14765625
8 0.9234375 0.20625 0.0390625 0.1328125
4 0.56640625 0.77109375 0.04765625 0.1453125
8 0.8 0.2046875 0.04375 0.140625
2 0.19609375 0.42890625 0.08125 0.17890625
2 0.12421875 0.203125 0.0734375 0.17265625
3 0.9390625 0.6921875 0.0390625 0.12109375
0 0.278125 0.425 0.07734375 0.1734375
3 0.865625 0.7078125 0.04140625 0.128125
4 0.4140625 0.80390625 0.05390625 0.15390625
2 0.19921875 0.20625 0.07109375 0.1640625
17 0.55234375 0.59375 0.06328125 0.14453125
3 0.70078125 0.740625 0.04296875 0.13671875
3 0.78515625 0.72421875 0.0390625 0.13046875
17 0.6171875 0.58359375 0.06171875 0.14140625
8 0.9625 0.20625 0.0359375 0.13046875
22 0.90546875 0.3828125 0.046875 0.1265625
2 0.0578125 0.1984375 0.06171875 0.18046875
22 0.953125 0.378125 0.046875 0.125
2 0.23828125 0.02890625 0.16640625 0.05703125
4 0.46796875 0.79765625 0.053125 0.14140625
22 0.85625 0.3875 0.04921875 0.128125
10 0.990625 0.2046875 0.01796875 0.13359375
2 0.4046875 0.034375 0.1546875 0.06875