17 0.2328125 0.15078125 0.06328125 0.2375
17 0.084375 0.13671875 0.0796875 0.26328125
17 0.2828125 0.48046875 0.06875 0.24453125
17 0.20703125 0.4984375 0.07578125 0.2515625
2 0.6125 0.4140625 0.02890625 0.1859375
2 0.71328125 0.184375 0.01953125 0.15859375
2 0.6921875 0.18125 0.02265625 0.1625
17 0.12109375 0.50546875 0.08828125 0.28515625
17 0.1625 0.14453125 0.06875 0.25078125
2 0.59609375 0.17421875 0.02421875 0.18125
17 0.5296875 0.1890625 0.03671875 0.1578125
8 0.83671875 0.36875 0.0171875 0.13671875
10 0.7796875 0.37890625 0.0203125 0.14609375
2 0.58203125 0.41953125 0.0296875 0.18984375
16 0.73515625 0.75078125 0.01953125 0.134375
10 0.81796875 0.37109375 0.01875 0.140625
10 0.79921875 0.375 0.0171875 0.14609375
2 0.66875 0.18046875 0.0234375 0.16796875
17 0.56640625 0.190625 0.03203125 0.15390625
8 0.89609375 0.35625 0.0125 0.12265625
2 0.64453125 0.17890625 0.0234375 0.1703125
10 0.740625 0.3859375 0.0203125 0.1546875
1 0.64296875 0.40859375 0.02890625 0.178125
2 0.6203125 0.1765625 0.0234375 0.17578125
8 0.8671875 0.36171875 0.01328125 0.12890625
0 0.67265625 0.403125 0.02734375 0.1734375
8 0.88203125 0.359375 0.01484375 0.125
10 0.7203125 0.3921875 0.01953125 0.16015625
8 0.85234375 0.36484375 0.01484375 0.13203125
18 0.45859375 0.44609375 0.046875 0.209375
0 0.6984375 0.39765625 0.0234375 0.165625
10 0.8203125 0.19609375 0.01640625 0.13203125
10 0.83515625 0.19609375 0.0125 0.12890625
8 0.90859375 0.3546875 0.0109375 0.11875
18 0.50390625 0.43828125 0.03984375 0.2
8 0.8875 0.2 0.0109375 0.11875
8 0.8765625 0.19921875 0.01171875 0.12109375
10 0.8640625 0.1984375 0.01171875 0.12421875
8 0.93203125 0.34921875 0.0109375 0.1125
10 0.76015625 0.3828125 0.0171875 0.15078125
16 0.71328125 0.76171875 0.02421875 0.13828125
8 0.9203125 0.35234375 0.0109375 0.11640625
6 0.7890625 0.18984375 0.01953125 0.14765625
8 0.94296875 0.346875 0.0109375 0.11015625
10 0.84921875 0.196875 0.01484375 0.12890625
10 0.80546875 0.19375 0.0125 0.1359375
6 0.73828125 0.184375 0.028125 0.1578125
6 0.76484375 0.18671875 0.0234375 0.1546875
16 0.81640625 0.69453125 0.0109375 0.12265625
16 0.828125 0.6875 0.01875 0.12265625
16 0.80078125 0.7046875 0.01875 0.1265625
18 0.54609375 0.43046875 0.040625 0.1921875
5 0.859375 0.5203125 0.01484375 0.12109375
3 0.81953125 0.5375 0.02109375 0.134375