11 0.93125 0.29140625 0.1015625 0.30859375
11 0.83671875 0.296875 0.08046875 0.29453125
8 0.71484375 0.66015625 0.06328125 0.27890625
2 0.1765625 0.5625 0.01953125 0.15234375
4 0.7328125 0.9328125 0.05390625 0.134375
8 0.53984375 0.628125 0.0484375 0.23359375
4 0.67734375 0.92265625 0.0515625 0.1546875
11 0.6265625 0.32734375 0.05625 0.2390625
8 0.4921875 0.6203125 0.04375 0.221875
10 0.32109375 0.5859375 0.028125 0.18125
8 0.5921875 0.6375 0.053125 0.24921875
8 0.65078125 0.6484375 0.06015625 0.26484375
4 0.78984375 0.9421875 0.0578125 0.11484375
10 0.35 0.59140625 0.028125 0.18828125
11 0.7578125 0.3078125 0.071875 0.27265625
8 0.45 0.6125 0.0390625 0.21171875
8 0.86328125 0.68515625 0.07734375 0.3125
11 0.68828125 0.31796875 0.0609375 0.25703125
4 0.628125 0.91484375 0.0453125 0.1703125
10 0.2921875 0.58046875 0.02734375 0.17734375
4 0.85390625 0.953125 0.06484375 0.09296875
2 0.1921875 0.375 0.01640625 0.13671875
10 0.49375 0.34453125 0.03515625 0.20390625
8 0.57421875 0.33515625 0.04296875 0.21796875
2 0.22734375 0.3703125 0.01875 0.14609375
8 0.78515625 0.6734375 0.07109375 0.29453125
8 0.53203125 0.340625 0.0390625 0.2109375
10 0.4140625 0.60390625 0.0296875 0.20390625
10 0.4296875 0.35234375 0.028125 0.1859375
2 0.21015625 0.37109375 0.01640625 0.1421875
10 0.46015625 0.34765625 0.0296875 0.1953125
2 0.159375 0.37734375 0.015625 0.13203125
10 0.4015625 0.3546875 0.02578125 0.18125
0 0.21328125 0.5703125 0.02265625 0.16171875
10 0.38125 0.596875 0.03125 0.19609375
2 0.175 0.3765625 0.015625 0.1328125
6 0.2796875 0.3625 0.0296875 0.165625
5 0.58203125 0.90546875 0.04296875 0.18828125
2 0.15859375 0.55859375 0.015625 0.14765625
3 0.50078125 0.890625 0.0375 0.21796875
2 0.25 0.36953125 0.02421875 0.15078125
8 0.95234375 0.696875 0.09296875 0.33828125
0 0.2390625 0.57421875 0.02734375 0.16640625
4 0.928125 0.9640625 0.08125 0.071875
3 0.4265625 0.8640625 0.0375 0.22734375
6 0.3421875 0.35625 0.0359375 0.1796875
5 0.53984375 0.89609375 0.0390625 0.2078125
3 0.46328125 0.88203125 0.03359375 0.225
6 0.309375 0.36015625 0.02578125 0.1703125
10 0.265625 0.5765625 0.02265625 0.16953125
17 0.02109375 0.39375 0.01328125 0.09140625
17 0.053125 0.5359375 0.01640625 0.1171875
17 0.0375 0.534375 0.0125 0.1140625
10 0.375 0.35625 0.025 0.178125
1 0.19375 0.565625 0.015625 0.15625
16 0.34375 0.82265625 0.02734375 0.203125
17 0.0421875 0.39296875 0.0125 0.09453125
17 0.1421875 0.39140625 0.01640625 0.10234375
18 0.11953125 0.55234375 0.0171875 0.134375
17 0.02890625 0.39375 0.01328125 0.09296875
17 0.06953125 0.540625 0.01484375 0.12109375
18 0.10078125 0.54765625 0.01875 0.12890625
17 0.12578125 0.39296875 0.01484375 0.09921875
17 0.0234375 0.53203125 0.0125 0.1109375
16 0.37578125 0.8375 0.03515625 0.21484375
18 0.13984375 0.55546875 0.0203125 0.13984375
18 0.00546875 0.39609375 0.0109375 0.0890625
4 0.2453125 0.778125 0.02265625 0.1734375