1 0.8109375 0.609375 0.075 0.2984375
8 0.53203125 0.26015625 0.0515625 0.25546875
10 0.52734375 0.590625 0.0578125 0.2609375
0 0.73359375 0.60234375 0.071875 0.28671875
2 0.83359375 0.2484375 0.06484375 0.2828125
10 0.590625 0.5953125 0.06171875 0.2671875
11 0.3328125 0.58359375 0.06015625 0.2375
8 0.58828125 0.259375 0.05546875 0.26328125
1 0.90234375 0.240625 0.06796875 0.28828125
1 0.89140625 0.6140625 0.078125 0.30625
0 0.66015625 0.59921875 0.07109375 0.28046875
0 0.76875 0.24921875 0.0609375 0.27890625
11 0.275 0.58046875 0.0515625 0.2328125
11 0.3953125 0.575 0.06015625 0.26875
17 0.3203125 0.2640625 0.06796875 0.24921875
18 0.14375 0.27421875 0.0515625 0.221875
11 0.2234375 0.565625 0.04921875 0.24921875
8 0.6453125 0.25859375 0.05390625 0.26328125
10 0.42890625 0.26875 0.0484375 0.240625
11 0.4609375 0.57890625 0.0671875 0.27265625
10 0.4796875 0.26640625 0.04921875 0.24296875
0 0.70546875 0.25234375 0.0609375 0.27421875
4 0.96640625 0.6234375 0.065625 0.3375
10 0.3796875 0.2703125 0.0453125 0.23515625
6 0.1234375 0.5578125 0.04453125 0.2328125
6 0.17109375 0.559375 0.04921875 0.2453125
4 0.37265625 0.0265625 0.065625 0.053125
6 0.0796875 0.5578125 0.040625 0.21796875
4 0.3171875 0.03046875 0.03984375 0.0609375