7 0.9265625 0.5921875 0.059375 0.11796875
11 0.15703125 0.2921875 0.0671875 0.11640625
8 0.17109375 0.44296875 0.06875 0.1359375
11 0.42421875 0.29140625 0.06484375 0.11796875
2 0.8640625 0.5921875 0.059375 0.11796875
8 0.803125 0.4390625 0.07109375 0.13671875
11 0.35859375 0.2921875 0.06171875 0.1171875
12 0.9046875 0.2875 0.0734375 0.1140625
11 0.6953125 0.2890625 0.06328125 0.11640625
11 0.5578125 0.28984375 0.06484375 0.11796875
2 0.91953125 0.734375 0.05390625 0.115625
11 0.490625 0.290625 0.06328125 0.1171875
11 0.29375 0.2921875 0.0609375 0.11640625
8 0.446875 0.4421875 0.06484375 0.1328125
0 0.8 0.734375 0.0578125 0.115625
2 0.86015625 0.7359375 0.05703125 0.115625
8 0.63671875 0.4421875 0.0671875 0.134375
8 0.26015625 0.44296875 0.065625 0.134375
17 0.9703125 0.8859375 0.059375 0.134375
0 0.803125 0.5921875 0.0578125 0.11953125
8 0.0796875 0.44453125 0.07109375 0.134375
8 0.5390625 0.44140625 0.06328125 0.13359375
8 0.7203125 0.440625 0.06953125 0.13671875
11 0.6265625 0.28984375 0.0671875 0.1171875
1 0.3203125 0.5953125 0.0578125 0.11640625
8 0.346875 0.44296875 0.0671875 0.1328125
11 0.2265625 0.2921875 0.0671875 0.115625
1 0.43984375 0.59375 0.05546875 0.115625
1 0.1359375 0.5953125 0.05703125 0.115625
8 0.89140625 0.43828125 0.07265625 0.13828125
0 0.74140625 0.5921875 0.059375 0.1171875
0 0.6796875 0.7359375 0.05703125 0.115625
0 0.559375 0.5921875 0.059375 0.115625
1 0.43984375 0.7375 0.05703125 0.1171875
0 0.61953125 0.5921875 0.05703125 0.1171875
12 0.76328125 0.28828125 0.06484375 0.115625
0 0.61875 0.73515625 0.0578125 0.115625
11 0.0859375 0.29296875 0.06875 0.115625
0 0.6796875 0.5921875 0.0578125 0.11796875
1 0.13828125 0.74140625 0.0578125 0.1203125
1 0.38046875 0.7375 0.05390625 0.1171875
0 0.55859375 0.7359375 0.0578125 0.11640625
1 0.26015625 0.7390625 0.05703125 0.115625
0 0.7390625 0.7359375 0.0578125 0.1140625
1 0.38046875 0.59375 0.05703125 0.115625
1 0.4984375 0.59296875 0.05546875 0.115625
1 0.3203125 0.73828125 0.0578125 0.11640625
14 0.55390625 0.8921875 0.05 0.13828125
17 0.975 0.73515625 0.05 0.11796875
1 0.075 0.5953125 0.059375 0.115625
1 0.19765625 0.5953125 0.059375 0.115625
12 0.83125 0.2875 0.0671875 0.115625
1 0.07890625 0.73984375 0.05703125 0.1171875
14 0.29765625 0.89453125 0.05 0.13984375
18 0.97890625 0.59375 0.0421875 0.109375
1 0.259375 0.5953125 0.0578125 0.115625
1 0.4984375 0.73671875 0.05546875 0.1171875
14 0.4 0.89375 0.0515625 0.13828125
14 0.65703125 0.8921875 0.04921875 0.13828125
14 0.5015625 0.8921875 0.05 0.1359375
14 0.60546875 0.8921875 0.0515625 0.140625
14 0.4515625 0.89375 0.0515625 0.1375
1 0.2 0.7390625 0.0578125 0.1171875
14 0.24765625 0.89453125 0.04921875 0.13828125
14 0.1953125 0.89453125 0.05390625 0.13828125
14 0.3484375 0.89453125 0.0515625 0.13984375
14 0.75859375 0.890625 0.05 0.1375
14 0.70703125 0.89140625 0.04921875 0.1375
4 0.9109375 0.8875 0.05390625 0.1359375
14 0.85859375 0.8890625 0.04921875 0.1375
14 0.80859375 0.88984375 0.04921875 0.1375
14 0.14140625 0.89375 0.05 0.1359375
5 0.0078125 0.85390625 0.015625 0.17265625
16 0.0171875 0.98203125 0.034375 0.0328125
14 0.08828125 0.89375 0.053125 0.1375