1 0.92265625 0.66875 0.065625 0.2609375
2 0.86953125 0.35625 0.053125 0.23671875
10 0.65859375 0.66484375 0.0609375 0.2546875
8 0.70625 0.3578125 0.0515625 0.23359375
8 0.59921875 0.35625 0.04921875 0.2328125
11 0.33046875 0.66796875 0.0578125 0.23671875
11 0.52890625 0.6546875 0.06875 0.2703125
17 0.384375 0.3484375 0.07109375 0.2453125
0 0.78984375 0.66640625 0.06171875 0.25546875
11 0.39453125 0.66953125 0.06484375 0.23359375
10 0.5953125 0.66328125 0.05625 0.25078125
11 0.4609375 0.65625 0.06171875 0.2671875
11 0.2671875 0.65078125 0.06328125 0.26484375
10 0.54765625 0.35859375 0.0484375 0.22578125
0 0.72421875 0.66640625 0.06484375 0.25546875
10 0.496875 0.35859375 0.0484375 0.22578125
1 0.85625 0.66796875 0.0640625 0.25703125
10 0.44609375 0.35859375 0.04765625 0.225
18 0.17265625 0.34921875 0.0640625 0.23359375
8 0.653125 0.35703125 0.05234375 0.23671875
0 0.81484375 0.35625 0.05234375 0.23671875
6 0.140625 0.64765625 0.0578125 0.25859375
1 0.92578125 0.353125 0.05546875 0.240625
6 0.203125 0.64765625 0.06015625 0.26328125
0 0.7609375 0.35625 0.05234375 0.23671875
6 0.08125 0.6515625 0.05703125 0.24140625
4 0.978125 0.6703125 0.04375 0.278125
4 0.9734375 0.9453125 0.053125 0.109375