3 0.39375 0.94140625 0.03671875 0.1171875
17 0.78125 0.4984375 0.04296875 0.15
2 0.2671875 0.75078125 0.0453125 0.1859375
3 0.43046875 0.9390625 0.03671875 0.12109375
0 0.40625 0.74140625 0.04375 0.178125
3 0.5046875 0.93515625 0.03515625 0.12890625
17 0.95625 0.5109375 0.03515625 0.1171875
0 0.31015625 0.5015625 0.0359375 0.15234375
8 0.4515625 0.73828125 0.04140625 0.17734375
2 0.3140625 0.7484375 0.0453125 0.184375
17 0.6015625 0.49609375 0.03671875 0.15625
1 0.065625 0.76015625 0.05 0.18828125
2 0.21875 0.75234375 0.046875 0.1859375
3 0.35546875 0.94140625 0.03671875 0.1171875
3 0.46875 0.9375 0.0359375 0.125
1 0.11796875 0.7578125 0.04921875 0.18828125
8 0.5375 0.73359375 0.04140625 0.17578125
2 0.10703125 0.50078125 0.040625 0.16640625
18 0.8578125 0.71015625 0.0453125 0.16796875
8 0.5265625 0.503125 0.03515625 0.14375
0 0.36015625 0.74453125 0.04375 0.18125
17 0.821875 0.51171875 0.03359375 0.1203125
0 0.14921875 0.5015625 0.03984375 0.16015625
17 0.64453125 0.49765625 0.04453125 0.1546875
5 0.27578125 0.9453125 0.03984375 0.10859375
8 0.421875 0.503125 0.03359375 0.14609375
2 0.06171875 0.49921875 0.0453125 0.16953125
5 0.31640625 0.94296875 0.0375 0.1140625
8 0.49140625 0.503125 0.03203125 0.14375
18 0.7609375 0.71484375 0.04765625 0.1734375
8 0.4953125 0.7359375 0.040625 0.17578125
1 0.16875 0.75625 0.0484375 0.1859375
8 0.38515625 0.503125 0.0359375 0.15
18 0.609375 0.72109375 0.04296875 0.1796875
17 0.921875 0.51015625 0.03203125 0.1171875
17 0.8890625 0.5109375 0.03125 0.11875
8 0.45703125 0.503125 0.0328125 0.14453125
17 0.69140625 0.4984375 0.04375 0.15390625
0 0.23125 0.50234375 0.0375 0.15625
5 0.23515625 0.946875 0.03984375 0.10625
4 0.1921875 0.9484375 0.040625 0.103125
3 0.540625 0.93359375 0.034375 0.1328125
17 0.73671875 0.4984375 0.04296875 0.15234375
0 0.27109375 0.5015625 0.0375 0.1546875
17 0.85546875 0.5109375 0.03203125 0.11875
0 0.34765625 0.50234375 0.0359375 0.15078125
18 0.809375 0.71171875 0.046875 0.1703125
18 0.65703125 0.71875 0.04921875 0.178125
18 0.709375 0.7171875 0.04921875 0.17578125
18 0.9046875 0.70703125 0.04453125 0.16640625
18 0.95234375 0.7046875 0.046875 0.1625
0 0.190625 0.50234375 0.0390625 0.15859375
4 0.15 0.9515625 0.04296875 0.096875
4 0.10703125 0.95234375 0.04140625 0.09453125
4 0.0625 0.95390625 0.0453125 0.09140625
13 0.134375 0.221875 0.0515625 0.18984375
11 0.825 0.0453125 0.06171875 0.090625
13 0.07734375 0.2140625 0.059375 0.19921875
13 0.39140625 0.24140625 0.046875 0.18125
13 0.18984375 0.22578125 0.05390625 0.184375
13 0.440625 0.24375 0.0484375 0.178125
13 0.29453125 0.23359375 0.04453125 0.18203125
11 0.8796875 0.0484375 0.0453125 0.096875
11 0.77265625 0.04140625 0.03984375 0.0828125