9 0.4453125 0.51328125 0.0296875 0.1515625
0 0.725 0.54765625 0.04765625 0.19296875
12 0.65703125 0.2375 0.0671875 0.22890625
2 0.60546875 0.77578125 0.046875 0.196875
11 0.48359375 0.26328125 0.053125 0.19453125
12 0.59140625 0.25 0.05859375 0.2140625
0 0.9109375 0.5671875 0.07421875 0.221875
2 0.546875 0.525 0.0375 0.165625
12 0.73359375 0.2265625 0.07890625 0.24609375
7 0.775 0.83359375 0.06484375 0.228125
0 0.83984375 0.5625 0.0609375 0.2125
10 0.4359375 0.7234375 0.0359375 0.165625
11 0.29296875 0.2859375 0.03203125 0.159375
0 0.91484375 0.8734375 0.075 0.2484375
2 0.63046875 0.53515625 0.04375 0.18125
2 0.67578125 0.540625 0.0453125 0.18671875
6 0.91015625 0.20703125 0.09609375 0.2671875
2 0.58671875 0.53046875 0.03984375 0.175
10 0.36171875 0.6953125 0.03203125 0.1609375
6 0.81875 0.22109375 0.08046875 0.24765625
2 0.65703125 0.79296875 0.0515625 0.20625
18 0.22734375 0.48046875 0.02734375 0.13046875
0 0.84140625 0.8546875 0.06484375 0.23828125
5 0.4203125 0.91796875 0.028125 0.1640625
18 0.25859375 0.48359375 0.03359375 0.134375
2 0.71328125 0.81015625 0.0546875 0.21640625
11 0.43515625 0.2703125 0.04140625 0.18359375
1 0.55859375 0.76171875 0.04375 0.1890625
1 0.47421875 0.73359375 0.0359375 0.17578125
0 0.778125 0.5546875 0.05703125 0.203125
9 0.4765625 0.5171875 0.03125 0.15546875
5 0.4484375 0.92421875 0.02734375 0.1515625
9 0.51015625 0.52109375 0.03359375 0.16171875
1 0.5140625 0.7484375 0.04140625 0.18359375
10 0.41484375 0.50859375 0.02578125 0.1453125
12 0.5359375 0.25625 0.04765625 0.20234375
11 0.39609375 0.275 0.03515625 0.17734375
8 0.32734375 0.68125 0.03359375 0.15703125
10 0.38671875 0.50546875 0.02734375 0.1421875
10 0.3984375 0.7109375 0.0359375 0.1609375
5 0.35859375 0.89921875 0.03203125 0.17578125
16 0.59296875 0.95859375 0.03984375 0.0828125
8 0.33515625 0.5 0.0234375 0.134375
11 0.32734375 0.28203125 0.03515625 0.16328125
5 0.390625 0.9109375 0.02734375 0.175
16 0.55234375 0.94765625 0.0375 0.1046875
10 0.26484375 0.66484375 0.0234375 0.14140625
10 0.359375 0.50234375 0.0234375 0.13828125
17 0.20078125 0.4765625 0.025 0.1265625
8 0.3125 0.496875 0.021875 0.13203125
8 0.21875 0.646875 0.0234375 0.13203125
11 0.36171875 0.2796875 0.03125 0.16875
8 0.2890625 0.49140625 0.0234375 0.13359375
18 0.0890625 0.471875 0.01796875 0.08671875
10 0.2421875 0.65703125 0.02109375 0.13828125
16 0.51796875 0.9390625 0.03203125 0.121875
8 0.1953125 0.640625 0.01953125 0.1296875
8 0.29375 0.67265625 0.03125 0.15
17 0.071875 0.4703125 0.015625 0.084375
17 0.17578125 0.475 0.025 0.11953125
14 0.63359375 0.96640625 0.0390625 0.0671875
4 0.33203125 0.88203125 0.02109375 0.16953125
17 0.15390625 0.62421875 0.02109375 0.1265625
16 0.67734375 0.978125 0.04921875 0.04375
17 0.0578125 0.46875 0.01328125 0.0828125