17 0.35078125 0.83046875 0.06875 0.1421875
12 0.65234375 0.27578125 0.08359375 0.175
3 0.64296875 0.86171875 0.05390625 0.15703125
0 0.22734375 0.48046875 0.0453125 0.12421875
3 0.53515625 0.85078125 0.05 0.1546875
8 0.38828125 0.29296875 0.059375 0.15
0 0.621875 0.48046875 0.065625 0.15234375
17 0.534375 0.67421875 0.06875 0.14140625
12 0.740625 0.27265625 0.08671875 0.17734375
8 0.4515625 0.29140625 0.0609375 0.15078125
17 0.08984375 0.65546875 0.04296875 0.1015625
2 0.49296875 0.4796875 0.0578125 0.14453125
18 0.2328125 0.665625 0.04921875 0.10546875
10 0.51640625 0.2890625 0.06171875 0.15390625
11 0.9171875 0.26484375 0.0875 0.18671875
8 0.3265625 0.2953125 0.0578125 0.14765625
24 0.8875 0.7109375 0.07109375 0.12421875
17 0.6078125 0.68046875 0.07265625 0.14375
3 0.82109375 0.88203125 0.0671875 0.1640625
8 0.26796875 0.29765625 0.05390625 0.1453125
17 0.13515625 0.65859375 0.04375 0.1046875
18 0.18203125 0.66171875 0.046875 0.10546875
0 0.55625 0.4796875 0.06328125 0.14921875
3 0.48359375 0.8453125 0.04921875 0.15078125
11 0.82890625 0.26875 0.08359375 0.18203125
0 0.09453125 0.47890625 0.0390625 0.11796875
8 0.1265625 0.309375 0.04375 0.125
6 0.78125 0.47734375 0.08125 0.171875
6 0.87421875 0.47734375 0.0984375 0.17734375
1 0.31953125 0.48203125 0.0453125 0.125
3 0.58828125 0.85546875 0.05 0.15390625
5 0.98203125 0.90078125 0.0359375 0.1640625
5 0.92265625 0.89375 0.0734375 0.16796875
18 0.39375 0.66484375 0.06171875 0.13671875
18 0.4625 0.66796875 0.0671875 0.1421875
3 0.75625 0.87578125 0.05703125 0.16171875
10 0.5796875 0.2875 0.05703125 0.15625
3 0.69921875 0.86640625 0.05390625 0.15625
0 0.1359375 0.47890625 0.04296875 0.12109375
10 0.21640625 0.30625 0.04375 0.128125
6 0.69765625 0.47421875 0.07890625 0.16875
8 0.08203125 0.31015625 0.04140625 0.121875
1 0.2734375 0.48125 0.04296875 0.12421875
24 0.74453125 0.70078125 0.06328125 0.121875
1 0.43125 0.48984375 0.0578125 0.121875
17 0.42265625 0.8375 0.06875 0.1484375
24 0.9640625 0.71953125 0.06953125 0.13046875
10 0.17109375 0.30703125 0.04296875 0.1265625
1 0.371875 0.4828125 0.05390625 0.1296875
8 0.0390625 0.31015625 0.03984375 0.1234375
24 0.81484375 0.703125 0.065625 0.1265625
0 0.18125 0.47890625 0.04296875 0.1234375
0 0.05234375 0.48046875 0.04140625 0.11328125
24 0.678125 0.69609375 0.0609375 0.11953125
7 0.01328125 0.478125 0.0265625 0.109375
21 0.09453125 0.80078125 0.06328125 0.13359375
21 0.16015625 0.80703125 0.059375 0.13671875