2 0.090625 0.16640625 0.0578125 0.23359375
10 0.70625 0.58046875 0.03359375 0.1484375
1 0.27109375 0.6859375 0.04765625 0.203125
0 0.16328125 0.7109375 0.05390625 0.2171875
2 0.36484375 0.6640625 0.04296875 0.19140625
12 0.7953125 0.72578125 0.02109375 0.13828125
1 0.31953125 0.675 0.0453125 0.19765625
2 0.4078125 0.6546875 0.04140625 0.18828125
17 0.684375 0.23828125 0.02890625 0.125
17 0.66640625 0.590625 0.03984375 0.15390625
17 0.59921875 0.23671875 0.02890625 0.128125
8 0.73984375 0.23203125 0.0203125 0.13984375
0 0.196875 0.1765625 0.04765625 0.21796875
17 0.6296875 0.240625 0.028125 0.1203125
8 0.96015625 0.38359375 0.01484375 0.11015625
0 0.21875 0.7 0.0515625 0.2109375
5 0.78125 0.88046875 0.02578125 0.11015625
17 0.57265625 0.42109375 0.03671875 0.14765625
8 0.82109375 0.39375 0.01875 0.128125
5 0.81328125 0.86875 0.02890625 0.11875
0 0.2078125 0.434375 0.05546875 0.21953125
17 0.675 0.40703125 0.025 0.1484375
2 0.3625 0.44296875 0.04453125 0.1625
11 0.85546875 0.6984375 0.02265625 0.128125
8 0.7046875 0.40234375 0.0296875 0.14609375
8 0.73125 0.40390625 0.02265625 0.134375
8 0.88984375 0.53515625 0.0234375 0.12265625
8 0.80078125 0.39765625 0.01953125 0.1265625
1 0.26328125 0.43203125 0.05 0.21484375
8 0.71484375 0.23125 0.02734375 0.1421875
8 0.77890625 0.40390625 0.02265625 0.12109375
8 0.990625 0.253125 0.01484375 0.1046875
2 0.40625 0.4421875 0.03984375 0.15234375
8 0.8640625 0.54296875 0.0234375 0.12421875
1 0.3140625 0.43046875 0.04765625 0.20390625
17 0.56796875 0.234375 0.0296875 0.13046875
0 0.14765625 0.43828125 0.0609375 0.22578125
8 0.796875 0.23671875 0.01640625 0.13203125
10 0.8375 0.55390625 0.02734375 0.12109375
8 0.840625 0.39296875 0.01953125 0.1265625
10 0.74140625 0.57734375 0.03203125 0.13203125
8 0.75546875 0.40546875 0.0234375 0.125
17 0.53515625 0.228125 0.03203125 0.13984375
6 0.74140625 0.7453125 0.02734375 0.1421875
8 0.76015625 0.23359375 0.01875 0.13671875
8 0.89765625 0.25078125 0.01640625 0.10859375
8 0.91484375 0.52890625 0.0234375 0.11875
8 0.83046875 0.24140625 0.01640625 0.12421875
6 0.6859375 0.7640625 0.028125 0.1484375
10 0.77578125 0.57109375 0.03125 0.12421875
17 0.65703125 0.2421875 0.025 0.1171875
8 0.77890625 0.23671875 0.0171875 0.134375
17 0.61015625 0.41875 0.03359375 0.14453125
8 0.84765625 0.24296875 0.015625 0.12265625
1 0.24453125 0.184375 0.04453125 0.20546875
8 0.96328125 0.253125 0.01171875 0.10625
10 0.8078125 0.56015625 0.02734375 0.128125
8 0.86015625 0.3921875 0.0171875 0.12421875
8 0.81328125 0.240625 0.015625 0.12890625
18 0.453125 0.63984375 0.046875 0.18359375
8 0.93828125 0.52421875 0.02109375 0.11640625
8 0.89609375 0.3953125 0.01640625 0.10625
8 0.94453125 0.3859375 0.01484375 0.1109375
8 0.97578125 0.253125 0.0125 0.1046875
0 0.14609375 0.171875 0.05 0.22578125
8 0.878125 0.3953125 0.01640625 0.1125
8 0.92890625 0.3875 0.01484375 0.11015625
8 0.91328125 0.3921875 0.01640625 0.10625
18 0.29296875 0.2 0.046875 0.17734375
18 0.33984375 0.2046875 0.04375 0.171875
8 0.93828125 0.253125 0.01328125 0.1046875
8 0.87890625 0.2453125 0.01640625 0.1171875
18 0.5015625 0.62734375 0.0453125 0.17578125
8 0.91328125 0.253125 0.015625 0.10234375
18 0.384375 0.209375 0.04140625 0.165625
17 0.6453125 0.409375 0.0328125 0.15234375
8 0.8625 0.24453125 0.01484375 0.12109375
8 0.9609375 0.51953125 0.01953125 0.11015625
18 0.49296875 0.41953125 0.0390625 0.1703125
5 0.753125 0.88828125 0.02734375 0.10625
11 0.8765625 0.690625 0.01875 0.1265625
12 0.7703125 0.73671875 0.02578125 0.140625
18 0.546875 0.6171875 0.040625 0.16953125
8 0.9515625 0.25234375 0.01171875 0.10625
11 0.83359375 0.70859375 0.0171875 0.128125
13 0.9140625 0.675 0.01875 0.1203125
8 0.97734375 0.38203125 0.0171875 0.10859375
18 0.53359375 0.41875 0.03671875 0.165625
16 0.5765625 0.9640625 0.03125 0.071875
5 0.84140625 0.85625 0.0234375 0.125
12 0.8140625 0.71640625 0.01640625 0.134375
0 0.11875 0.70703125 0.03515625 0.203125
4 0.90625 0.8296875 0.015625 0.1109375
8 0.9296875 0.2515625 0.015625 0.1046875
4 0.890625 0.83671875 0.01328125 0.1140625
5 0.86015625 0.84921875 0.01484375 0.11875
6 0.71328125 0.75625 0.025 0.14453125
13 0.9328125 0.66796875 0.015625 0.11640625
13 0.89609375 0.684375 0.01875 0.12265625
17 0.32890625 0.01328125 0.0265625 0.0265625
8 0.98671875 0.38125 0.0125 0.10703125
4 0.87578125 0.8421875 0.015625 0.11640625
13 0.95 0.66328125 0.0171875 0.1140625
16 0.6015625 0.96171875 0.01875 0.0765625