17 0.1984375 0.76328125 0.084375 0.2984375
17 0.1 0.77578125 0.10078125 0.31640625
10 0.365625 0.4125 0.0453125 0.23359375
17 0.49140625 0.72890625 0.04296875 0.18828125
10 0.19296875 0.37421875 0.0734375 0.30390625
10 0.2609375 0.39921875 0.05625 0.2546875
8 0.553125 0.434375 0.0296875 0.1953125
10 0.315625 0.40546875 0.04921875 0.24296875
18 0.34453125 0.753125 0.05234375 0.2234375
8 0.4859375 0.42734375 0.03359375 0.21171875
8 0.60859375 0.44296875 0.02421875 0.17734375
18 0.2796875 0.7484375 0.071875 0.2765625
8 0.58203125 0.43828125 0.02578125 0.1859375
0 0.7265625 0.45390625 0.0203125 0.15625
10 0.10859375 0.36484375 0.08828125 0.321875
10 0.41015625 0.41796875 0.03984375 0.221875
24 0.571875 0.71328125 0.03671875 0.16953125
8 0.659375 0.44765625 0.0234375 0.1703125
18 0.39609375 0.74609375 0.0453125 0.2078125
8 0.5203125 0.43046875 0.0328125 0.2015625
10 0.45 0.42265625 0.0359375 0.215625
2 0.859375 0.4640625 0.015625 0.13984375
8 0.634375 0.44453125 0.025 0.1734375
24 0.5328125 0.72109375 0.03515625 0.17734375
2 0.7484375 0.45703125 0.02109375 0.15390625
1 0.8046875 0.45859375 0.01953125 0.15234375
2 0.76796875 0.45703125 0.0171875 0.15234375
1 0.78671875 0.45703125 0.0171875 0.15390625
8 0.684375 0.45 0.0234375 0.165625
2 0.87421875 0.46484375 0.01328125 0.13828125
0 0.825 0.4609375 0.0171875 0.14765625
0 0.70625 0.45234375 0.01953125 0.16171875
0 0.8421875 0.46171875 0.01640625 0.14375
24 0.60625 0.70703125 0.02734375 0.15859375
6 0.9046875 0.46484375 0.01640625 0.13828125
6 0.92109375 0.4671875 0.01484375 0.1359375
24 0.63828125 0.684375 0.0328125 0.184375
14 0.8234375 0.64296875 0.0171875 0.1640625
6 0.8890625 0.46484375 0.01328125 0.13828125