8 0.60546875 0.4234375 0.03125 0.1859375
2 0.46328125 0.390625 0.04140625 0.215625
19 0.828125 0.65078125 0.03203125 0.15
2 0.371875 0.36640625 0.05 0.23515625
2 0.50234375 0.4 0.03359375 0.20703125
8 0.57265625 0.41796875 0.0328125 0.18984375
2 0.41015625 0.65703125 0.0578125 0.2296875
1 0.51875 0.65859375 0.04375 0.20703125
0 0.28359375 0.665625 0.07109375 0.253125
2 0.41953125 0.375 0.04296875 0.22734375
2 0.35 0.659375 0.05625 0.24140625
17 0.6328125 0.6734375 0.0375 0.15234375
17 0.66796875 0.66796875 0.0296875 0.1578125
17 0.559375 0.67421875 0.0328125 0.1640625
1 0.46875 0.65546875 0.05234375 0.215625
10 0.9625 0.49453125 0.01875 0.1265625
2 0.5375 0.40859375 0.03515625 0.19765625
8 0.66640625 0.43515625 0.0296875 0.17421875
0 0.1296875 0.67265625 0.08203125 0.2890625
8 0.6359375 0.4296875 0.028125 0.1796875
0 0.21015625 0.6734375 0.07265625 0.25703125
10 0.69296875 0.4421875 0.0234375 0.16640625
0 0.04296875 0.67421875 0.08125 0.3125
10 0.74375 0.45234375 0.025 0.15859375
0 0.31796875 0.359375 0.053125 0.23671875
8 0.89453125 0.4796875 0.01875 0.140625
8 0.87578125 0.475 0.01953125 0.14609375
17 0.59453125 0.6734375 0.03515625 0.1578125
10 0.71796875 0.44609375 0.02421875 0.165625
17 0.97265625 0.64765625 0.0171875 0.10859375
8 0.85390625 0.4703125 0.02265625 0.15
8 0.9140625 0.48671875 0.0171875 0.12890625
8 0.93046875 0.4890625 0.015625 0.128125
8 0.83046875 0.465625 0.02265625 0.15078125
10 0.78671875 0.459375 0.0171875 0.1546875
10 0.7671875 0.45703125 0.0203125 0.1546875
17 0.934375 0.64921875 0.0203125 0.11875
8 0.80703125 0.46171875 0.02265625 0.15625
17 0.990625 0.646875 0.01875 0.10703125
17 0.95390625 0.6484375 0.01875 0.1140625
10 0.978125 0.49609375 0.0125 0.12421875
10 0.9921875 0.5015625 0.01484375 0.1171875
19 0.91328125 0.65078125 0.0203125 0.12109375
19 0.86171875 0.65234375 0.0296875 0.13671875
10 0.9453125 0.490625 0.01328125 0.128125
19 0.75859375 0.66171875 0.03359375 0.15
19 0.88984375 0.653125 0.025 0.12890625
19 0.7921875 0.653125 0.0375 0.1578125