19 0.5234375 0.67734375 0.065625 0.2390625
19 0.4609375 0.6703125 0.053125 0.21953125
10 0.803125 0.32109375 0.08515625 0.34140625
17 0.59140625 0.68671875 0.06484375 0.25859375
8 0.5375 0.37890625 0.05 0.259375
19 0.3578125 0.65859375 0.03671875 0.1953125
10 0.6546875 0.35703125 0.059375 0.28828125
8 0.59375 0.36796875 0.0578125 0.2765625
10 0.72109375 0.34140625 0.06953125 0.3140625
17 0.7515625 0.71171875 0.0890625 0.3
8 0.37578125 0.41875 0.02890625 0.20390625
17 0.66484375 0.6953125 0.0765625 0.28203125
8 0.48984375 0.38984375 0.04296875 0.24140625
19 0.2875 0.65234375 0.03671875 0.171875
8 0.40859375 0.409375 0.03671875 0.2171875
10 0.9 0.30390625 0.10078125 0.36328125
10 0.31796875 0.440625 0.02578125 0.16796875
10 0.23515625 0.45625 0.01875 0.1484375
8 0.4484375 0.4015625 0.0390625 0.22890625
17 0.8515625 0.72890625 0.1046875 0.3296875
17 0.2125 0.64921875 0.02421875 0.134375
8 0.34609375 0.4234375 0.028125 0.19765625
17 0.15859375 0.64453125 0.01953125 0.1109375
10 0.29140625 0.44375 0.02421875 0.1640625
2 0.11953125 0.465625 0.01484375 0.140625
2 0.14609375 0.465625 0.01484375 0.13984375
17 0.9546875 0.740625 0.08984375 0.36328125
2 0.13359375 0.46484375 0.01171875 0.140625
17 0.190625 0.65078125 0.0171875 0.1203125
19 0.32265625 0.65546875 0.03203125 0.18359375
2 0.16015625 0.4671875 0.0125 0.13671875
10 0.253125 0.453125 0.01640625 0.15078125
10 0.2703125 0.45078125 0.01640625 0.1546875
8 0.20234375 0.4609375 0.015625 0.14375
19 0.4046875 0.66640625 0.05234375 0.203125
8 0.21640625 0.45859375 0.01640625 0.14765625
17 0.17578125 0.6484375 0.01640625 0.1171875
8 0.18671875 0.46484375 0.01484375 0.13828125
2 0.10546875 0.62421875 0.0203125 0.1203125
0 0.053125 0.61875 0.01171875 0.11015625
0 0.07890625 0.61875 0.01484375 0.1171875
8 0.17265625 0.465625 0.0125 0.13671875
0 0.065625 0.61875 0.01171875 0.1140625
2 0.12421875 0.62890625 0.01328125 0.12265625
21 0.234375 0.65078125 0.01875 0.140625