19 0.73359375 0.88203125 0.0875 0.1703125
17 0.87109375 0.70625 0.090625 0.1859375
0 0.21171875 0.4 0.0390625 0.13203125
17 0.45546875 0.78515625 0.05546875 0.1375
17 0.509375 0.63046875 0.04921875 0.1234375
17 0.653125 0.85625 0.06484375 0.15390625
2 0.4203125 0.42109375 0.05 0.15390625
10 0.525 0.43203125 0.05390625 0.1640625
17 0.584375 0.82890625 0.065625 0.14921875
10 0.58671875 0.4375 0.06328125 0.171875
17 0.46015625 0.6203125 0.0453125 0.1171875
2 0.3703125 0.415625 0.046875 0.1484375
17 0.51640625 0.80546875 0.06171875 0.14140625
17 0.36875 0.60546875 0.046875 0.09765625
10 0.65625 0.44296875 0.06953125 0.17890625
8 0.809375 0.45703125 0.08125 0.19765625
17 0.778125 0.684375 0.08671875 0.17421875
2 0.471875 0.4265625 0.05 0.16015625
17 0.56171875 0.64453125 0.0515625 0.1265625
8 0.90078125 0.4640625 0.09453125 0.20703125
17 0.61875 0.65859375 0.059375 0.13359375
17 0.41484375 0.615625 0.04140625 0.10390625
2 0.50625 0.228125 0.06484375 0.15
1 0.28671875 0.4046875 0.0375 0.13828125
2 0.34296875 0.234375 0.04140625 0.1375
0 0.09140625 0.240625 0.0375 0.11171875
2 0.44609375 0.23046875 0.0515625 0.14453125
8 0.73046875 0.45 0.07265625 0.1890625
1 0.24921875 0.4015625 0.03359375 0.1359375
2 0.39140625 0.2328125 0.0515625 0.1421875
3 0.04296875 0.3734375 0.0390625 0.1203125
1 0.3265625 0.41015625 0.0375 0.1421875
1 0.209375 0.2375 0.0390625 0.12421875
17 0.4 0.7671875 0.0515625 0.13359375
0 0.13125 0.24140625 0.0390625 0.1125
3 0.0765625 0.375 0.02421875 0.11953125
1 0.30078125 0.23515625 0.03984375 0.134375
1 0.25390625 0.23671875 0.046875 0.12890625
0 0.17421875 0.3953125 0.03515625 0.1265625
0 0.16953125 0.23984375 0.0359375 0.115625
3 0.01015625 0.371875 0.0203125 0.1171875
13 0.91328125 0.19296875 0.11484375 0.221875
0 0.06171875 0.23984375 0.021875 0.1125
13 0.65546875 0.21171875 0.07265625 0.18203125
18 0.92109375 0.96328125 0.103125 0.07265625
13 0.58046875 0.21640625 0.0734375 0.175
4 0.99296875 0.78046875 0.0140625 0.22109375