1 0.2546875 0.6328125 0.0765625 0.178125
8 0.67109375 0.3890625 0.07734375 0.18125
6 0.62265625 0.13046875 0.103125 0.2
1 0.16953125 0.63203125 0.08125 0.17734375
8 0.58984375 0.39140625 0.0765625 0.17890625
2 0.4953125 0.63046875 0.0765625 0.18125
10 0.5109375 0.39296875 0.0734375 0.18046875
17 0.46015625 0.8828125 0.07265625 0.12421875
8 0.83828125 0.38359375 0.08125 0.184375
2 0.41640625 0.63046875 0.07734375 0.18203125
6 0.2390625 0.1359375 0.09140625 0.2046875
8 0.7546875 0.3859375 0.07890625 0.184375
10 0.4328125 0.39453125 0.0734375 0.178125
10 0.27421875 0.396875 0.07734375 0.17890625
17 0.68125 0.88203125 0.06953125 0.125
1 0.334375 0.63203125 0.0765625 0.17890625
6 0.14140625 0.13828125 0.096875 0.2046875
17 0.3859375 0.88359375 0.06875 0.1234375
0 0.7421875 0.62890625 0.07890625 0.18125
10 0.3546875 0.39609375 0.075 0.17890625
10 0.19296875 0.39765625 0.075 0.18046875
17 0.16796875 0.875 0.07109375 0.1375
17 0.53515625 0.8828125 0.06953125 0.125
0 0.6609375 0.62890625 0.07890625 0.18203125
17 0.83203125 0.88203125 0.0734375 0.12421875
17 0.60859375 0.8828125 0.06953125 0.12421875
17 0.31484375 0.8765625 0.0671875 0.1359375
17 0.75546875 0.88125 0.07109375 0.125
17 0.24296875 0.87578125 0.06953125 0.1375
0 0.828125 0.628125 0.08359375 0.18125
6 0.51875 0.13203125 0.09453125 0.20234375
2 0.578125 0.63046875 0.08125 0.18046875
6 0.33359375 0.13515625 0.09140625 0.203125
6 0.42578125 0.1328125 0.08359375 0.2046875
3 0.69453125 0.98671875 0.06484375 0.02578125
3 0.62734375 0.9859375 0.0640625 0.028125
16 0.37109375 0.98671875 0.06328125 0.02578125
22 0.83046875 0.13203125 0.09453125 0.18125
22 0.73125 0.134375 0.0953125 0.18125
3 0.75859375 0.9859375 0.0609375 0.028125
16 0.30625 0.9859375 0.06171875 0.028125
3 0.56171875 0.9875 0.0609375 0.025
3 0.8265625 0.9859375 0.06875 0.028125
16 0.434375 0.98671875 0.06328125 0.02578125
3 0.4984375 0.98671875 0.059375 0.02578125
16 0.24453125 0.98515625 0.0578125 0.0296875
16 0.18125 0.98515625 0.06171875 0.0296875