19 0.7828125 0.5828125 0.046875 0.11015625
19 0.240625 0.85234375 0.08125 0.16953125
19 0.40625 0.81796875 0.0734375 0.1578125
19 0.325 0.8359375 0.08046875 0.1625
19 0.73671875 0.5890625 0.04296875 0.115625
19 0.83359375 0.57734375 0.04921875 0.10859375
2 0.73125 0.3984375 0.0578125 0.14609375
10 0.67109375 0.215625 0.059375 0.16171875
19 0.47421875 0.62578125 0.0578125 0.12890625
19 0.3453125 0.64453125 0.065625 0.13671875
19 0.63984375 0.60546875 0.04921875 0.1140625
2 0.7328125 0.21875 0.05703125 0.15703125
19 0.88046875 0.56953125 0.04296875 0.10859375
19 0.68984375 0.59609375 0.046875 0.1171875
19 0.58828125 0.6125 0.04921875 0.11796875
19 0.153125 0.86953125 0.0875 0.17265625
19 0.9234375 0.56484375 0.04140625 0.1046875
2 0.84140625 0.39453125 0.04921875 0.13984375
2 0.7890625 0.39609375 0.053125 0.1421875
2 0.79140625 0.22109375 0.0578125 0.15234375
10 0.6703125 0.4 0.05546875 0.14921875
19 0.9859375 0.69140625 0.028125 0.11640625
8 0.5359375 0.2078125 0.06875 0.17265625
2 0.846875 0.225 0.05 0.1484375
19 0.4125 0.634375 0.0609375 0.134375
19 0.94453125 0.6984375 0.04765625 0.1171875
18 0.8 0.73359375 0.04921875 0.1296875
8 0.18828125 0.1984375 0.075 0.1828125
8 0.38046875 0.2 0.08359375 0.18671875
18 0.84921875 0.721875 0.0453125 0.125
17 0.55390625 0.784375 0.0671875 0.1453125
19 0.53359375 0.61953125 0.05546875 0.121875
8 0.18203125 0.42109375 0.0890625 0.1828125
8 0.0875 0.19296875 0.08359375 0.1921875
8 0.60625 0.2109375 0.0671875 0.16796875
8 0.5390625 0.4140625 0.0671875 0.13984375
1 0.89765625 0.22734375 0.04765625 0.14375
8 0.6078125 0.40546875 0.06328125 0.1484375
17 0.48203125 0.8 0.06953125 0.14921875
1 0.89140625 0.3921875 0.04765625 0.13203125
8 0.3859375 0.4125 0.07890625 0.16796875
8 0.4625 0.20390625 0.07265625 0.18046875
18 0.896875 0.7109375 0.0453125 0.11796875
8 0.2796875 0.19609375 0.08671875 0.190625
8 0.4671875 0.41015625 0.07109375 0.16015625
8 0.29296875 0.4171875 0.08359375 0.1765625
1 0.9390625 0.390625 0.04296875 0.1296875
1 0.946875 0.22890625 0.04765625 0.140625
12 0.41171875 0.96328125 0.1265625 0.07265625
16 0.27890625 0.6546875 0.059375 0.13671875