2 0.15859375 0.5078125 0.0453125 0.2015625
2 0.421875 0.778125 0.04296875 0.2
2 0.20625 0.51015625 0.046875 0.1953125
0 0.25390625 0.51171875 0.0453125 0.1859375
17 0.86171875 0.521875 0.01953125 0.10234375
17 0.73125 0.51015625 0.03203125 0.14375
1 0.1625 0.82265625 0.05390625 0.23125
2 0.32734375 0.7953125 0.04921875 0.209375
0 0.29921875 0.5125 0.04140625 0.1796875
2 0.3765625 0.78671875 0.0453125 0.20703125
0 0.50546875 0.76328125 0.0375 0.1859375
18 0.84140625 0.69609375 0.028125 0.14765625
17 0.7625 0.5109375 0.028125 0.13984375
1 0.2203125 0.81328125 0.05390625 0.225
3 0.6203125 0.93671875 0.0296875 0.1265625
8 0.6171875 0.74375 0.03359375 0.16953125
8 0.57734375 0.51484375 0.02734375 0.14609375
8 0.58125 0.75 0.03359375 0.17734375
8 0.51875 0.51484375 0.028125 0.15234375
1 0.275 0.80390625 0.05 0.2171875
5 0.3875 0.96953125 0.03671875 0.0609375
3 0.5609375 0.94453125 0.03125 0.1109375
0 0.46484375 0.7703125 0.03984375 0.1921875
18 0.778125 0.70703125 0.03203125 0.15859375
18 0.86953125 0.69140625 0.02734375 0.14453125
0 0.41796875 0.51328125 0.03359375 0.165625
18 0.70625 0.71875 0.0359375 0.16953125
0 0.453125 0.51328125 0.03203125 0.16015625
17 0.79296875 0.509375 0.028125 0.134375
0 0.38046875 0.51328125 0.03671875 0.1703125
17 0.84140625 0.52109375 0.02109375 0.1046875
8 0.5484375 0.51484375 0.028125 0.15
18 0.8984375 0.68671875 0.028125 0.13984375
8 0.5453125 0.75546875 0.0359375 0.1796875
8 0.48671875 0.5140625 0.03203125 0.15625
3 0.590625 0.94140625 0.028125 0.1171875
3 0.528125 0.95 0.03125 0.09921875
8 0.60703125 0.5140625 0.028125 0.1421875
0 0.34140625 0.51328125 0.0390625 0.17421875
17 0.69765625 0.509375 0.03203125 0.14765625
3 0.4578125 0.9578125 0.03203125 0.08359375
18 0.74296875 0.71328125 0.03515625 0.1640625
17 0.81875 0.521875 0.02265625 0.10703125
17 0.90234375 0.521875 0.02265625 0.09921875
18 0.8109375 0.7015625 0.0296875 0.15234375
5 0.346875 0.975 0.040625 0.05
17 0.88125 0.52265625 0.01875 0.09921875
3 0.49375 0.95390625 0.0359375 0.09140625
5 0.42421875 0.96328125 0.0359375 0.0734375
17 0.67265625 0.509375 0.01640625 0.1484375
18 0.67578125 0.72578125 0.02109375 0.1703125
5 0.30390625 0.98046875 0.04453125 0.0390625
4 0.25546875 0.98671875 0.04375 0.02578125
13 0.171875 0.16640625 0.0640625 0.240625
13 0.2328125 0.184375 0.05703125 0.22109375