1 0.4234375 0.4859375 0.075 0.20703125
1 0.2953125 0.21328125 0.09453125 0.22421875
1 0.38671875 0.21953125 0.08046875 0.21640625
2 0.56875 0.47734375 0.0671875 0.18828125
2 0.6328125 0.4734375 0.0578125 0.18125
2 0.6078125 0.24453125 0.06484375 0.18046875
1 0.49765625 0.48125 0.06953125 0.196875
2 0.66953125 0.24375 0.05703125 0.184375
0 0.25078125 0.503125 0.09296875 0.23359375
2 0.6890625 0.4703125 0.0515625 0.1734375
17 0.54296875 0.72734375 0.0578125 0.1328125
1 0.34140625 0.49296875 0.08125 0.2203125
8 0.87421875 0.4546875 0.0375 0.14921875
1 0.4609375 0.225 0.065625 0.2109375
17 0.74921875 0.66875 0.04296875 0.12578125
17 0.6546875 0.69296875 0.04765625 0.13828125
0 0.06015625 0.19453125 0.11875 0.25
17 0.6515625 0.88046875 0.053125 0.15625
10 0.83515625 0.45859375 0.0359375 0.15625
17 0.88359375 0.6265625 0.04296875 0.1359375
10 0.7421875 0.46640625 0.05 0.16640625
2 0.72578125 0.246875 0.0515625 0.17734375
17 0.6015625 0.71328125 0.053125 0.1265625
19 0.86796875 0.79921875 0.05546875 0.1328125
8 0.9140625 0.45078125 0.0375 0.1453125
0 0.14609375 0.5109375 0.10859375 0.24609375
0 0.184375 0.20703125 0.1140625 0.2328125
2 0.53671875 0.240625 0.075 0.18828125
17 0.76328125 0.83671875 0.05 0.14140625
17 0.79375 0.66015625 0.04140625 0.121875
8 0.95 0.446875 0.03203125 0.1421875
17 0.703125 0.67890625 0.0453125 0.13046875
10 0.79296875 0.46171875 0.0453125 0.16171875
17 0.7078125 0.8578125 0.05390625 0.14921875
17 0.815625 0.81953125 0.04765625 0.1359375
17 0.584375 0.90546875 0.0734375 0.1625
17 0.9265625 0.61796875 0.0390625 0.13046875