17 0.3125 0.61875 0.0375 0.178125
17 0.35390625 0.628125 0.040625 0.184375
2 0.725 0.2984375 0.0640625 0.2828125
8 0.38359375 0.303125 0.04765625 0.24296875
0 0.73046875 0.678125 0.075 0.30390625
10 0.54296875 0.29375 0.059375 0.27421875
0 0.8109375 0.696875 0.08203125 0.321875
17 0.39765625 0.63828125 0.04375 0.184375
8 0.3359375 0.30546875 0.04375 0.23359375
2 0.5875 0.6515625 0.0640625 0.28046875
17 0.2734375 0.61015625 0.03671875 0.1703125
0 0.90546875 0.71328125 0.096875 0.33984375
10 0.48515625 0.2984375 0.053125 0.2609375
2 0.60234375 0.30390625 0.05703125 0.26328125
8 0.29296875 0.30703125 0.040625 0.225
10 0.4328125 0.30078125 0.04765625 0.25078125
2 0.79453125 0.2953125 0.07109375 0.29609375
2 0.65625 0.6671875 0.06875 0.290625
2 0.6625 0.3015625 0.059375 0.27109375
17 0.171875 0.5953125 0.0296875 0.13984375
10 0.25390625 0.31875 0.03203125 0.19375
17 0.1421875 0.58828125 0.028125 0.134375
17 0.05546875 0.5421875 0.02890625 0.1734375
8 0.09140625 0.32421875 0.02265625 0.165625
2 0.8703125 0.2890625 0.078125 0.31171875
8 0.06796875 0.32421875 0.02265625 0.1625
17 0.0859375 0.5484375 0.02890625 0.17734375
8 0.115625 0.3234375 0.02421875 0.16953125
17 0.025 0.53671875 0.028125 0.16796875
17 0.1140625 0.58046875 0.02578125 0.13203125
8 0.140625 0.321875 0.02421875 0.17578125
10 0.22265625 0.31953125 0.02890625 0.18828125
10 0.16640625 0.321875 0.02421875 0.1796875
16 0.03046875 0.740625 0.02265625 0.1703125
10 0.19296875 0.3203125 0.02734375 0.1859375
16 0.009375 0.72890625 0.01875 0.1703125
16 0.09609375 0.76953125 0.0203125 0.1921875
16 0.05234375 0.75390625 0.02109375 0.1796875
16 0.07421875 0.76015625 0.02109375 0.1859375
8 0.046875 0.3234375 0.0203125 0.16015625
17 0.02265625 0.321875 0.02578125 0.1625
22 0.446875 0.6421875 0.05234375 0.20546875
1 0.95703125 0.278125 0.08515625 0.3421875
22 0.5109375 0.64296875 0.07109375 0.2453125
16 0.11953125 0.78046875 0.02421875 0.19609375