8 0.11015625 0.45078125 0.09609375 0.27734375
17 0.83203125 0.48984375 0.053125 0.18671875
10 0.29765625 0.4609375 0.07890625 0.25390625
10 0.37578125 0.46484375 0.07265625 0.24453125
2 0.44140625 0.478125 0.05703125 0.21796875
0 0.60390625 0.47578125 0.053125 0.21640625
2 0.49765625 0.48125 0.053125 0.2140625
2 0.55078125 0.484375 0.0515625 0.20625
8 0.20859375 0.45546875 0.0890625 0.265625
0 0.659375 0.478125 0.0546875 0.20859375
18 0.77734375 0.48671875 0.053125 0.190625
17 0.95625 0.50859375 0.03125 0.1375
17 0.88046875 0.50625 0.0375 0.14765625
18 0.71796875 0.484375 0.059375 0.196875
17 0.92109375 0.50703125 0.0390625 0.14375
1 0.990625 0.92109375 0.01796875 0.1578125
5 0.00703125 0.11015625 0.0140625 0.2203125
1 0.95234375 0.925 0.05859375 0.15
11 0.4265625 0.978125 0.0671875 0.04375