24 0.50703125 0.48515625 0.06015625 0.22890625
24 0.63984375 0.17421875 0.0609375 0.20703125
18 0.26875 0.484375 0.0640625 0.23359375
10 0.690625 0.7828125 0.0578125 0.24921875
8 0.628125 0.77734375 0.06015625 0.2453125
1 0.8234375 0.4671875 0.05234375 0.24921875
0 0.8828125 0.46484375 0.06171875 0.2453125
18 0.203125 0.48515625 0.06015625 0.2328125
15 0.1296875 0.76171875 0.04296875 0.24453125
17 0.19609375 0.20625 0.06875 0.16953125
24 0.77109375 0.16640625 0.06328125 0.21328125
4 0.4703125 0.76796875 0.04921875 0.26484375
10 0.74921875 0.7953125 0.053125 0.22890625
2 0.765625 0.471875 0.06328125 0.25703125
24 0.70546875 0.16953125 0.06171875 0.209375
24 0.56953125 0.48359375 0.05703125 0.2296875
4 0.5234375 0.76953125 0.05234375 0.26484375
17 0.26484375 0.21484375 0.05625 0.14765625
2 0.89140625 0.79375 0.065625 0.23125
15 0.08203125 0.76171875 0.05625 0.24296875
15 0.22109375 0.76328125 0.04375 0.24921875
22 0.503125 0.18359375 0.06015625 0.19609375
15 0.17421875 0.76328125 0.0484375 0.2484375
24 0.57578125 0.18515625 0.0578125 0.18828125
22 0.44296875 0.18515625 0.053125 0.1953125
16 0.71640625 0.975 0.0484375 0.05
22 0.38984375 0.19609375 0.0484375 0.18125
18 0.246875 0.96875 0.059375 0.06171875
15 0.0265625 0.77421875 0.053125 0.26484375
21 0.05078125 0.19921875 0.05546875 0.19375
16 0.61796875 0.9734375 0.04453125 0.053125
16 0.66640625 0.97421875 0.04921875 0.0515625
2 0.809375 0.74609375 0.05234375 0.18359375
22 0.44375 0.48515625 0.0609375 0.22734375
17 0.42734375 0.9734375 0.06484375 0.053125
22 0.3265625 0.2 0.059375 0.17578125
3 0.765625 0.9765625 0.0484375 0.046875
21 0.1140625 0.19609375 0.0671875 0.1953125
24 0.8359375 0.1625 0.0609375 0.21328125
24 0.89609375 0.16953125 0.05546875 0.1953125
16 0.56640625 0.98125 0.05703125 0.0375
22 0.38515625 0.48359375 0.053125 0.215625
18 0.30078125 0.975 0.0515625 0.05