19 0.41953125 0.7921875 0.053125 0.1421875
8 0.67734375 0.42421875 0.06171875 0.178125
19 0.3640625 0.77265625 0.04921875 0.1375
19 0.63125 0.8734375 0.08515625 0.1734375
8 0.3609375 0.159375 0.05 0.175
8 0.56015625 0.41484375 0.05 0.1625
8 0.62734375 0.13515625 0.07890625 0.20859375
8 0.509375 0.41015625 0.04765625 0.15625
8 0.74765625 0.42890625 0.075 0.1859375
8 0.71171875 0.128125 0.08046875 0.221875
8 0.8078125 0.1203125 0.103125 0.23125
19 0.3109375 0.75234375 0.0515625 0.1328125
8 0.55 0.14375 0.07109375 0.1984375
19 0.478125 0.81796875 0.059375 0.1484375
8 0.41875 0.40234375 0.03984375 0.14375
2 0.7109375 0.68515625 0.06328125 0.1703125
10 0.31171875 0.165625 0.04375 0.165625
8 0.41875 0.1546875 0.0609375 0.1828125
0 0.315625 0.578125 0.0453125 0.14453125
2 0.77890625 0.70234375 0.07265625 0.17734375
8 0.61640625 0.41953125 0.05703125 0.17265625
8 0.46171875 0.40625 0.04375 0.15078125
8 0.83515625 0.4265625 0.090625 0.21015625
8 0.48203125 0.14921875 0.0609375 0.190625
16 0.434375 0.95390625 0.03984375 0.0921875
16 0.4796875 0.96328125 0.046875 0.07265625
8 0.375 0.3984375 0.04375 0.14140625
10 0.22109375 0.1734375 0.04296875 0.153125
0 0.59609375 0.6546875 0.05390625 0.1609375
2 0.65078125 0.67109375 0.053125 0.1640625
0 0.5453125 0.64296875 0.046875 0.15390625
0 0.4953125 0.63203125 0.04921875 0.15
19 0.5484375 0.8421875 0.0734375 0.16875
10 0.25703125 0.3875 0.03203125 0.13046875
10 0.140625 0.18046875 0.0359375 0.1421875
10 0.22265625 0.384375 0.03203125 0.128125
10 0.29296875 0.39140625 0.0359375 0.13359375
19 0.72734375 0.90625 0.09921875 0.1828125
10 0.26640625 0.16953125 0.04296875 0.16015625
0 0.3625 0.596875 0.046875 0.1296875
10 0.17890625 0.178125 0.0375 0.14609375
0 0.4484375 0.6234375 0.04296875 0.1375
16 0.3953125 0.94375 0.0375 0.1125
19 0.26171875 0.73515625 0.04140625 0.1265625
19 0.21875 0.71875 0.0390625 0.1234375
10 0.33203125 0.3953125 0.0375 0.13671875
17 0.17734375 0.703125 0.04140625 0.11640625
10 0.103125 0.184375 0.03515625 0.13671875
3 0.27265625 0.5625 0.0359375 0.153125
16 0.528125 0.97421875 0.0453125 0.0515625
10 0.18984375 0.38203125 0.0296875 0.125
10 0.1578125 0.37890625 0.0296875 0.121875
0 0.40625 0.615625 0.0390625 0.125
10 0.12890625 0.3765625 0.02578125 0.11796875
17 0.1140625 0.6734375 0.04765625 0.109375
10 0.1015625 0.37421875 0.02734375 0.115625
3 0.23984375 0.55390625 0.0296875 0.15
3 0.2078125 0.546875 0.03203125 0.1453125
3 0.146875 0.53125 0.02421875 0.13984375
3 0.175 0.5390625 0.03203125 0.1421875
10 0.06953125 0.18671875 0.0296875 0.1328125
4 0.11796875 0.52578125 0.03125 0.134375
10 0.0765625 0.371875 0.0203125 0.11328125
16 0.5859375 0.98515625 0.06484375 0.02890625