8 0.46796875 0.2546875 0.04453125 0.22890625
8 0.42421875 0.259375 0.03984375 0.2234375
2 0.3421875 0.2703125 0.0375 0.2109375
8 0.72890625 0.22109375 0.06015625 0.2671875
8 0.61484375 0.2359375 0.0515625 0.25078125
2 0.26484375 0.278125 0.0359375 0.2
17 0.36015625 0.821875 0.05234375 0.21484375
8 0.56328125 0.24140625 0.0484375 0.2453125
1 0.325 0.54609375 0.0453125 0.21796875
17 0.61015625 0.878125 0.0703125 0.24375
2 0.303125 0.27421875 0.0375 0.20390625
22 0.8359375 0.58359375 0.08125 0.27265625
8 0.66875 0.22890625 0.05390625 0.259375
17 0.1875 0.796875 0.03515625 0.1546875
17 0.540625 0.86640625 0.06171875 0.240625
2 0.19375 0.5390625 0.03359375 0.20546875
8 0.7921875 0.2140625 0.0609375 0.27421875
8 0.3828125 0.26328125 0.03984375 0.21953125
8 0.37265625 0.55 0.046875 0.22578125
0 0.23203125 0.540625 0.040625 0.209375
8 0.51484375 0.2484375 0.04453125 0.2390625
10 0.47421875 0.55625 0.05234375 0.2375
8 0.8578125 0.20546875 0.0671875 0.2828125
2 0.23046875 0.28203125 0.0296875 0.1921875
10 0.421875 0.55234375 0.04765625 0.23125
2 0.196875 0.28515625 0.03515625 0.19140625
2 0.15859375 0.534375 0.0359375 0.19921875
17 0.22421875 0.8046875 0.03359375 0.16015625
17 0.30390625 0.81484375 0.05390625 0.203125
17 0.259375 0.815625 0.0328125 0.165625
17 0.47734375 0.84921875 0.05703125 0.2296875
8 0.93046875 0.19921875 0.071875 0.29296875
17 0.4171875 0.83359375 0.05703125 0.221875
1 0.2765625 0.54296875 0.0453125 0.21484375
2 0.16171875 0.28671875 0.03359375 0.18828125
22 0.925 0.5875 0.0921875 0.28515625
4 0.21015625 0.9640625 0.0328125 0.071875
22 0.75546875 0.5796875 0.07734375 0.26328125
4 0.2421875 0.96875 0.02890625 0.06171875
16 0.6859375 0.6 0.05625 0.209375
4 0.271875 0.971875 0.02890625 0.05546875
16 0.00546875 0.92890625 0.0109375 0.1421875
16 0.63046875 0.5953125 0.05234375 0.2015625