11 0.546875 0.84140625 0.046875 0.1953125
8 0.34375 0.125 0.04296875 0.20546875
8 0.29921875 0.121875 0.04375 0.20546875
6 0.22890625 0.86796875 0.05390625 0.2
11 0.59765625 0.83828125 0.05 0.19609375
11 0.6484375 0.83515625 0.046875 0.19375
8 0.52109375 0.371875 0.046875 0.19921875
8 0.4234375 0.37109375 0.0453125 0.203125
8 0.471875 0.371875 0.046875 0.2
8 0.43203125 0.1328125 0.04140625 0.2015625
10 0.39140625 0.6140625 0.0578125 0.2
8 0.475 0.1359375 0.03984375 0.19765625
17 0.0890625 0.3671875 0.065625 0.21328125
17 0.0328125 0.13046875 0.05625 0.165625
8 0.20625 0.115625 0.0453125 0.21328125
8 0.7953125 0.59921875 0.05546875 0.18984375
8 0.51640625 0.13671875 0.03984375 0.19765625
8 0.79765625 0.37421875 0.04296875 0.18984375
8 0.7078125 0.3734375 0.04375 0.18828125
8 0.38828125 0.128125 0.04140625 0.20390625
8 0.5578125 0.13984375 0.03984375 0.19609375
8 0.60078125 0.6046875 0.05625 0.19140625
8 0.66484375 0.60234375 0.05625 0.18984375
10 0.234375 0.61953125 0.06015625 0.2109375
8 0.84140625 0.37421875 0.040625 0.1875
10 0.53359375 0.6171875 0.05390625 0.17734375
12 0.49765625 0.84609375 0.046875 0.19609375
8 0.834375 0.15390625 0.03515625 0.18359375
8 0.8875 0.375 0.046875 0.184375
8 0.56875 0.3765625 0.04375 0.184375
8 0.6 0.14453125 0.040625 0.1875
8 0.753125 0.37265625 0.04375 0.18828125
8 0.7328125 0.60078125 0.0578125 0.18984375
8 0.85234375 0.5953125 0.05 0.1875
12 0.39375 0.86015625 0.05234375 0.20546875
17 0.15625 0.36796875 0.059375 0.20703125
8 0.21328125 0.36484375 0.0515625 0.2109375
8 0.66171875 0.38125 0.04375 0.1734375
8 0.321875 0.3796875 0.04921875 0.1796875
8 0.871875 0.1546875 0.03671875 0.18359375
6 0.28359375 0.86640625 0.0515625 0.2015625
17 0.153125 0.13046875 0.053125 0.17734375
8 0.253125 0.11875 0.04375 0.2109375
13 0.74609375 0.8296875 0.04765625 0.18828125
8 0.26875 0.37890625 0.05234375 0.184375
8 0.37421875 0.37109375 0.04765625 0.2015625
13 0.696875 0.83203125 0.0453125 0.18984375
8 0.909375 0.15703125 0.0359375 0.18125
8 0.76015625 0.14921875 0.03671875 0.1875
10 0.315625 0.62890625 0.05703125 0.18203125
17 0.1578125 0.6234375 0.071875 0.21484375
17 0.09296875 0.134375 0.059375 0.1640625
6 0.33828125 0.86328125 0.05390625 0.2015625
8 0.615625 0.38125 0.0453125 0.17578125
12 0.446875 0.85390625 0.05 0.2015625
8 0.64296875 0.15078125 0.04140625 0.17734375
8 0.79765625 0.15078125 0.0359375 0.184375
17 0.0265625 0.3671875 0.053125 0.215625
8 0.72265625 0.15078125 0.03359375 0.18203125
8 0.68515625 0.1546875 0.0375 0.1703125
10 0.46171875 0.6203125 0.05625 0.1796875
4 0.80859375 0.97890625 0.0328125 0.0421875
13 0.79375 0.82734375 0.04140625 0.184375
16 0.7390625 0.98203125 0.034375 0.0359375
4 0.8421875 0.978125 0.0328125 0.04375
16 0.66484375 0.984375 0.0328125 0.03125
16 0.628125 0.9859375 0.0390625 0.028125
16 0.7015625 0.98203125 0.0375 0.0359375
4 0.775 0.98125 0.0328125 0.0375
13 0.84140625 0.82421875 0.0484375 0.18359375
16 0.58515625 0.98828125 0.04296875 0.0234375