19 0.43046875 0.865625 0.06953125 0.15390625
19 0.5 0.84140625 0.06171875 0.14921875
19 0.5640625 0.81953125 0.059375 0.14375
4 0.14375 0.70859375 0.08671875 0.21640625
8 0.65625 0.41640625 0.04140625 0.140625
4 0.22265625 0.69453125 0.0734375 0.2109375
8 0.76953125 0.18203125 0.046875 0.165625
3 0.35546875 0.66640625 0.06328125 0.19765625
10 0.11171875 0.1421875 0.1046875 0.23828125
10 0.4625 0.16328125 0.06953125 0.20234375
10 0.3875 0.159375 0.07265625 0.20703125
3 0.471875 0.640625 0.053125 0.18515625
10 0.40703125 0.440625 0.05703125 0.165625
8 0.859375 0.18828125 0.0359375 0.1546875
19 0.625 0.796875 0.05546875 0.13828125
10 0.53203125 0.16796875 0.06328125 0.19296875
10 0.278125 0.45234375 0.06484375 0.1765625
10 0.12109375 0.4640625 0.090625 0.190625
8 0.8171875 0.1859375 0.0453125 0.16015625
10 0.34453125 0.446875 0.06328125 0.17265625
2 0.85703125 0.571875 0.0296875 0.11796875
10 0.596875 0.17265625 0.059375 0.184375
17 0.353125 0.89140625 0.07734375 0.16015625
3 0.41640625 0.653125 0.05546875 0.1921875
17 0.171875 0.93125 0.0890625 0.1375
10 0.215625 0.1484375 0.09140625 0.22734375
10 0.51640625 0.4296875 0.04921875 0.1546875
0 0.62578125 0.61484375 0.046875 0.153125
8 0.71875 0.1796875 0.05 0.16953125
10 0.56640625 0.425 0.0453125 0.15078125
3 0.290625 0.678125 0.06484375 0.203125
10 0.20703125 0.459375 0.0734375 0.184375
8 0.8984375 0.1921875 0.0375 0.14765625
8 0.6984375 0.4125 0.03984375 0.1375
17 0.24921875 0.90859375 0.0671875 0.14453125
8 0.6609375 0.17578125 0.0609375 0.17734375
10 0.30703125 0.15390625 0.08359375 0.21796875
10 0.61328125 0.4203125 0.04296875 0.14609375
8 0.73984375 0.40703125 0.0390625 0.134375
10 0.4640625 0.434375 0.0515625 0.16015625
8 0.778125 0.403125 0.03515625 0.13203125
0 0.5765625 0.6265625 0.04921875 0.15859375
8 0.81484375 0.4 0.03359375 0.1296875
0 0.721875 0.60703125 0.04296875 0.11953125
8 0.9421875 0.19453125 0.04375 0.14140625
8 0.84921875 0.39609375 0.03203125 0.128125
16 0.690625 0.93203125 0.03515625 0.12109375
19 0.68046875 0.77890625 0.04921875 0.134375
0 0.675 0.60625 0.04765625 0.13984375
16 0.86328125 0.85625 0.03125 0.1125
8 0.88515625 0.3921875 0.03359375 0.12421875
3 0.525 0.63046875 0.053125 0.17890625
19 0.7328125 0.76328125 0.05 0.1265625
2 0.88828125 0.56484375 0.0296875 0.11328125
8 0.91640625 0.38828125 0.02734375 0.12421875
2 0.91640625 0.559375 0.02421875 0.109375
0 0.759375 0.59453125 0.0296875 0.125
16 0.8953125 0.84921875 0.03203125 0.11328125
0 0.8234375 0.57734375 0.03515625 0.1203125
0 0.790625 0.58515625 0.028125 0.12421875
5 0.728125 0.91640625 0.03515625 0.1203125
19 0.7859375 0.7421875 0.05 0.13203125
16 0.83046875 0.8703125 0.03125 0.11953125
16 0.65078125 0.94375 0.0390625 0.1125
22 0.5671875 0.97109375 0.04375 0.05625
16 0.796875 0.884375 0.03359375 0.1171875
19 0.88359375 0.709375 0.0453125 0.1234375
5 0.76328125 0.9015625 0.03203125 0.1140625
22 0.5171875 0.98203125 0.05 0.0359375
16 0.4546875 0.98515625 0.05546875 0.02890625