13 0.92890625 0.29140625 0.10234375 0.3
6 0.63203125 0.3453125 0.04921875 0.23671875
6 0.57890625 0.35234375 0.0515625 0.22890625
13 0.834375 0.3109375 0.078125 0.275
2 0.48984375 0.378125 0.03671875 0.18828125
4 0.80078125 0.63671875 0.053125 0.28828125
4 0.8734375 0.640625 0.0875 0.30078125
13 0.7578125 0.321875 0.0671875 0.26328125
1 0.38359375 0.39375 0.03125 0.16953125
3 0.69140625 0.63125 0.0515625 0.2671875
0 0.28046875 0.4140625 0.0203125 0.13984375
4 0.95078125 0.64140625 0.06171875 0.30390625
0 0.41640625 0.3875 0.03359375 0.17734375
6 0.690625 0.33359375 0.06171875 0.24921875
4 0.7453125 0.634375 0.05234375 0.27890625
2 0.325 0.40859375 0.02265625 0.1484375
2 0.30234375 0.4109375 0.02109375 0.14609375
3 0.63984375 0.62734375 0.046875 0.25546875
1 0.35234375 0.39921875 0.02890625 0.16171875
2 0.5296875 0.37109375 0.04140625 0.19609375
18 0.06171875 0.59375 0.01484375 0.11484375
0 0.45234375 0.3828125 0.0359375 0.18203125
0 0.259375 0.4171875 0.01953125 0.13671875
8 0.184375 0.42734375 0.015625 0.128125
8 0.21875 0.4234375 0.015625 0.13203125
17 0.1203125 0.61015625 0.015625 0.10625
17 0.0453125 0.5921875 0.01484375 0.1140625
8 0.121875 0.43671875 0.01484375 0.1171875
8 0.2015625 0.42578125 0.0171875 0.12890625
8 0.1671875 0.4296875 0.01640625 0.12421875
17 0.0296875 0.590625 0.015625 0.1140625
14 0.3859375 0.60703125 0.02578125 0.19765625
8 0.23828125 0.41953125 0.02109375 0.1359375
8 0.15078125 0.43125 0.015625 0.12265625
18 0.090625 0.60546875 0.01328125 0.103125
18 0.0765625 0.59765625 0.01484375 0.1109375
10 0.10703125 0.43984375 0.01328125 0.1125
8 0.1359375 0.43515625 0.0125 0.11640625
14 0.4140625 0.61015625 0.028125 0.20390625
10 0.059375 0.44375 0.01328125 0.10859375
10 0.09375 0.44140625 0.01171875 0.1109375
14 0.36015625 0.60625 0.025 0.19140625
10 0.0296875 0.44375 0.01484375 0.1109375
17 0.1375 0.6109375 0.015625 0.10859375
10 0.0453125 0.44296875 0.01328125 0.1109375
14 0.44375 0.6109375 0.03203125 0.21328125
10 0.08125 0.44296875 0.0125 0.1109375
17 0.1046875 0.6078125 0.01484375 0.103125
10 0.07109375 0.44296875 0.0109375 0.11015625
24 0.15625 0.6140625 0.01875 0.11015625
14 0.47578125 0.61484375 0.03125 0.21796875