13 0.925 0.203125 0.09296875 0.23671875
19 0.04921875 0.9046875 0.04453125 0.17734375
19 0.0125 0.8921875 0.025 0.171875
8 0.7546875 0.47890625 0.05625 0.2078125
19 0.09765625 0.9125 0.046875 0.17421875
8 0.6421875 0.478125 0.05 0.19375
2 0.85 0.77421875 0.071875 0.27265625
17 0.140625 0.28125 0.03984375 0.1421875
18 0.1875 0.91875 0.04375 0.1625
8 0.65390625 0.2328125 0.0515625 0.19921875
8 0.5421875 0.4765625 0.04453125 0.184375
17 0.36015625 0.26484375 0.0515625 0.1578125
8 0.503125 0.246875 0.0453125 0.1859375
8 0.696875 0.47890625 0.05234375 0.2
8 0.6015625 0.2375 0.04765625 0.19375
24 0.3578125 0.71484375 0.04765625 0.20703125
8 0.64296875 0.746875 0.06328125 0.24921875
10 0.51953125 0.73125 0.05546875 0.2390625
8 0.5796875 0.7375 0.059375 0.24453125
13 0.921875 0.4828125 0.09609375 0.2296875
17 0.18046875 0.2796875 0.03515625 0.1421875
18 0.234375 0.92265625 0.046875 0.1546875
17 0.2203125 0.275 0.040625 0.14609375
17 0.31015625 0.26875 0.04453125 0.15390625
8 0.590625 0.478125 0.0484375 0.18984375
13 0.8359375 0.2109375 0.07734375 0.22578125
8 0.77734375 0.76328125 0.065625 0.26328125
17 0.26484375 0.27109375 0.04296875 0.15078125
8 0.49609375 0.47734375 0.04375 0.178125
24 0.178125 0.47109375 0.04140625 0.1578125
8 0.70859375 0.75390625 0.0640625 0.25703125
24 0.22265625 0.471875 0.040625 0.16015625
8 0.5515625 0.24140625 0.046875 0.1921875
24 0.2625 0.70234375 0.04765625 0.19609375
8 0.70859375 0.22734375 0.05234375 0.203125
8 0.765625 0.221875 0.05625 0.209375
24 0.41015625 0.721875 0.0484375 0.21484375
8 0.4515625 0.4765625 0.040625 0.17578125
8 0.45703125 0.24921875 0.04296875 0.18359375
8 0.40859375 0.47578125 0.04140625 0.1734375
8 0.4125 0.2515625 0.04375 0.18125
24 0.21328125 0.696875 0.04296875 0.19375
24 0.1765625 0.6921875 0.02890625 0.1875
1 0.9296875 0.78515625 0.078125 0.28203125
24 0.31015625 0.70703125 0.04453125 0.2015625
16 0.3203125 0.9296875 0.040625 0.140625
10 0.46328125 0.72578125 0.053125 0.23125
18 0.14375 0.91328125 0.040625 0.1734375
16 0.40859375 0.9390625 0.0453125 0.12109375
24 0.10625 0.7 0.03203125 0.1734375
24 0.1421875 0.68984375 0.03671875 0.18203125
24 0.26640625 0.47265625 0.04375 0.1625
16 0.4546875 0.94375 0.04453125 0.1125
16 0.36328125 0.93359375 0.0421875 0.1328125
24 0.0296875 0.69453125 0.0390625 0.1625
16 0.50078125 0.9484375 0.04296875 0.103125
16 0.54765625 0.953125 0.04921875 0.09296875
24 0.140625 0.4703125 0.03203125 0.15390625
16 0.6015625 0.9578125 0.0515625 0.08359375
24 0.0703125 0.69921875 0.0390625 0.165625
16 0.6546875 0.96328125 0.05 0.0734375
16 0.9 0.9859375 0.06875 0.028125
16 0.70859375 0.96953125 0.05546875 0.0609375
3 0.9765625 0.01640625 0.040625 0.0328125
16 0.278125 0.9265625 0.040625 0.146875
24 0.0046875 0.6890625 0.009375 0.1546875
24 0.31171875 0.47265625 0.04296875 0.16640625
16 0.76875 0.975 0.05625 0.05
16 0.83125 0.98203125 0.06484375 0.0359375