17 0.40078125 0.68359375 0.0640625 0.21953125
17 0.69296875 0.6046875 0.0359375 0.184375
8 0.359375 0.2484375 0.0609375 0.2984375
8 0.7578125 0.2859375 0.03359375 0.221875
17 0.3234375 0.6609375 0.08359375 0.31796875
17 0.51796875 0.65703125 0.05 0.19609375
8 0.22109375 0.23046875 0.0734375 0.3265625
10 0.60625 0.2796875 0.03671875 0.2375
8 0.72109375 0.2828125 0.0359375 0.23359375
10 0.56484375 0.27578125 0.04140625 0.2484375
17 0.22890625 0.6796875 0.09921875 0.34140625
8 0.41796875 0.2546875 0.0515625 0.284375
17 0.7625 0.58984375 0.0296875 0.171875
10 0.7921875 0.290625 0.03125 0.215625
10 0.52109375 0.2671875 0.04140625 0.2625
10 0.64453125 0.2828125 0.03515625 0.2328125
8 0.47109375 0.26328125 0.05234375 0.2703125
8 0.6828125 0.27890625 0.0390625 0.240625
10 0.8234375 0.29453125 0.02890625 0.20703125
17 0.46328125 0.66875 0.05546875 0.2078125
8 0.29375 0.2390625 0.065625 0.3125
17 0.65390625 0.6140625 0.03984375 0.1921875
2 0.859375 0.54921875 0.03125 0.1859375
17 0.72890625 0.59765625 0.0328125 0.178125
17 0.11328125 0.7 0.12421875 0.36796875
2 0.88828125 0.540625 0.0234375 0.18203125
10 0.85234375 0.2984375 0.02578125 0.19765625
0 0.91171875 0.53671875 0.02109375 0.17421875
2 0.8765625 0.30859375 0.0203125 0.17734375
16 0.34609375 0.934375 0.059375 0.13046875
16 0.28125 0.94609375 0.0671875 0.10703125
2 0.896875 0.31171875 0.01875 0.1703125
2 0.95234375 0.315625 0.0171875 0.1578125
2 0.934375 0.31484375 0.0171875 0.15859375
2 0.915625 0.31328125 0.01875 0.165625
0 0.9328125 0.5328125 0.01953125 0.16640625
16 0.209375 0.95859375 0.071875 0.0828125
22 0.82734375 0.565625 0.0296875 0.171875
16 0.403125 0.92578125 0.053125 0.1484375
22 0.79453125 0.57421875 0.03125 0.18125
0 0.9515625 0.528125 0.01640625 0.16640625
8 0.1015625 0.2 0.15703125 0.39140625
16 0.13203125 0.975 0.08359375 0.05
18 0.99140625 0.32421875 0.0171875 0.1421875
16 0.45703125 0.91484375 0.05234375 0.1703125