8 0.33046875 0.35 0.04296875 0.15625
11 0.1296875 0.1484375 0.0515625 0.15390625
8 0.20390625 0.34375 0.046875 0.1640625
17 0.7046875 0.63203125 0.0296875 0.10234375
11 0.31640625 0.17265625 0.04140625 0.140625
11 0.39921875 0.18359375 0.0375 0.13671875
11 0.228125 0.1625 0.04296875 0.14375
8 0.57578125 0.3609375 0.0375 0.13828125
0 0.521875 0.6515625 0.02890625 0.1109375
11 0.359375 0.17734375 0.03984375 0.13671875
11 0.47890625 0.19375 0.03515625 0.12890625
1 0.159375 0.528125 0.04296875 0.13671875
17 0.7625 0.625 0.025 0.0984375
14 0.26171875 0.853125 0.0328125 0.15234375
11 0.4390625 0.18984375 0.03984375 0.13203125
1 0.203125 0.52578125 0.040625 0.1328125
14 0.32734375 0.840625 0.0296875 0.14609375
1 0.1625 0.6953125 0.04140625 0.13671875
18 0.640625 0.509375 0.025 0.10234375
17 0.63984375 0.77734375 0.03359375 0.12265625
19 0.79921875 0.74375 0.028125 0.1109375
0 0.39375 0.66640625 0.0328125 0.1203125
14 0.19375 0.86640625 0.03515625 0.1546875
11 0.0734375 0.14453125 0.05546875 0.15078125
14 0.2953125 0.846875 0.0328125 0.15
1 0.0671875 0.5296875 0.046875 0.14375
12 0.5875 0.20703125 0.03515625 0.1203125
17 0.734375 0.62890625 0.028125 0.09921875
5 0.32734375 0.971875 0.02890625 0.05390625
1 0.35859375 0.671875 0.03359375 0.12265625
11 0.27265625 0.1671875 0.04140625 0.140625
1 0.2046875 0.690625 0.0390625 0.1328125
8 0.48984375 0.359375 0.03984375 0.1421875
18 0.66875 0.50859375 0.02734375 0.10078125
17 0.67265625 0.63515625 0.03125 0.103125
17 0.603125 0.7828125 0.03515625 0.1265625
11 0.18046875 0.15546875 0.04765625 0.14765625
1 0.07265625 0.70390625 0.04453125 0.14453125
1 0.1140625 0.528125 0.04296875 0.13984375
18 0.61484375 0.5109375 0.02421875 0.1046875
17 0.6109375 0.64375 0.03125 0.10703125
1 0.325 0.52109375 0.0359375 0.125
0 0.46015625 0.65859375 0.0296875 0.1140625
17 0.640625 0.63984375 0.02734375 0.1046875
1 0.32265625 0.67578125 0.03515625 0.125
0 0.496875 0.51484375 0.03125 0.11640625
17 0.675 0.7703125 0.0328125 0.12109375
0 0.42734375 0.6625 0.03203125 0.1171875
8 0.26328125 0.34765625 0.046875 0.16015625
8 0.44453125 0.3578125 0.040625 0.14375
17 0.83671875 0.4984375 0.02109375 0.09140625
18 0.7875 0.62109375 0.02421875 0.0953125
1 0.284375 0.68046875 0.03671875 0.1265625
2 0.5515625 0.65 0.028125 0.11015625
17 0.87421875 0.496875 0.02109375 0.0890625
3 0.35625 0.96796875 0.02578125 0.06328125
1 0.2453125 0.52421875 0.03984375 0.13046875
0 0.39765625 0.51796875 0.03359375 0.12265625
3 0.384375 0.965625 0.028125 0.0671875
1 0.28671875 0.5234375 0.0375 0.128125
24 0.83125 0.3703125 0.02109375 0.11015625
1 0.36171875 0.51953125 0.03359375 0.12421875
12 0.51484375 0.2 0.03515625 0.125
3 0.440625 0.95859375 0.025 0.0828125
19 0.8421875 0.6140625 0.025 0.09140625
8 0.06796875 0.3375 0.05 0.17734375
12 0.55078125 0.203125 0.03359375 0.12265625
18 0.696875 0.50625 0.02578125 0.09921875
8 0.3875 0.35390625 0.040625 0.1484375
2 0.58046875 0.64609375 0.02578125 0.11015625
18 0.77265625 0.50234375 0.01953125 0.0953125
18 0.75 0.50390625 0.02265625 0.0984375
2 0.5578125 0.51328125 0.028125 0.1140625
14 0.44453125 0.81796875 0.02734375 0.13828125
17 0.81484375 0.49921875 0.02109375 0.09453125
0 0.52734375 0.51328125 0.028125 0.11484375
8 0.1375 0.34140625 0.04921875 0.16796875
14 0.41640625 0.82265625 0.028125 0.14453125
14 0.228125 0.86015625 0.03359375 0.1546875
0 0.49140625 0.6546875 0.02890625 0.1125
0 0.43203125 0.51640625 0.03125 0.1203125
17 0.89609375 0.49609375 0.01953125 0.0875
5 0.296875 0.97578125 0.02890625 0.04765625
1 0.11796875 0.7015625 0.04296875 0.1421875
8 0.53203125 0.36015625 0.0375 0.140625
1 0.2453125 0.68515625 0.0375 0.12890625
3 0.41328125 0.9625 0.02578125 0.075
17 0.7078125 0.76328125 0.03125 0.11875
17 0.76953125 0.75078125 0.028125 0.1140625
24 0.8078125 0.36953125 0.02265625 0.1125
0 0.4640625 0.515625 0.03125 0.1171875
17 0.7390625 0.75859375 0.02890625 0.11640625
18 0.79296875 0.5015625 0.0203125 0.0953125
24 0.7828125 0.36953125 0.02421875 0.11484375
24 0.878125 0.37109375 0.0234375 0.10859375
18 0.815625 0.6171875 0.02734375 0.09453125
17 0.93359375 0.4953125 0.01875 0.08515625
17 0.91484375 0.49609375 0.0171875 0.0875
24 0.75703125 0.36875 0.02421875 0.11640625
3 0.65 0.921875 0.01953125 0.12109375
18 0.725 0.5046875 0.02734375 0.0984375
14 0.15625 0.87421875 0.0375 0.15859375
14 0.35625 0.83359375 0.028125 0.14375
5 0.26484375 0.9796875 0.03125 0.03984375
3 0.7109375 0.903125 0.0234375 0.12109375
3 0.49296875 0.95234375 0.02734375 0.09453125
14 0.38671875 0.82734375 0.02890625 0.14453125
24 0.85390625 0.37109375 0.02265625 0.10859375
3 0.58203125 0.9375 0.02578125 0.12421875
14 0.1171875 0.87890625 0.0390625 0.16015625
19 0.853125 0.73203125 0.0234375 0.10625
19 0.8796875 0.728125 0.028125 0.103125
17 0.85546875 0.4984375 0.01484375 0.090625
3 0.46640625 0.95546875 0.02421875 0.0890625
14 0.07578125 0.88671875 0.04296875 0.1640625
19 0.82734375 0.73671875 0.02578125 0.11015625
16 0.7359375 0.89765625 0.025 0.12109375
7 0.5875 0.51171875 0.028125 0.1109375
5 0.23203125 0.9828125 0.0328125 0.034375
16 0.88125 0.85546875 0.0171875 0.11015625
4 0.571875 0.7921875 0.025 0.128125
16 0.865625 0.85703125 0.01953125 0.11015625
19 0.865625 0.61015625 0.01875 0.09140625
14 0.47109375 0.8125 0.025 0.13671875
18 0.703125 0.22578125 0.02421875 0.10078125
5 0.0109375 0.86484375 0.02109375 0.209375
17 0.94140625 0.25078125 0.01953125 0.0890625
5 0.2 0.9859375 0.0328125 0.028125
4 0.546875 0.796875 0.0234375 0.13046875
3 0.62734375 0.92890625 0.0234375 0.12421875
4 0.52265625 0.80078125 0.02421875 0.1328125