5 0.92109375 0.71875 0.04765625 0.1234375
0 0.34140625 0.43046875 0.05390625 0.13671875
8 0.4625 0.22890625 0.06484375 0.15859375
11 0.9546875 0.228125 0.059375 0.153125
17 0.70859375 0.5921875 0.0578125 0.125
8 0.528125 0.23125 0.059375 0.1546875
10 0.27421875 0.234375 0.05703125 0.14921875
8 0.21328125 0.2328125 0.0578125 0.15
10 0.65078125 0.23125 0.05390625 0.15
18 0.27890625 0.63515625 0.0578125 0.1171875
3 0.8125 0.7328125 0.04296875 0.12890625
10 0.70390625 0.23359375 0.04765625 0.14609375
11 0.8953125 0.22890625 0.05390625 0.153125
17 0.4640625 0.77578125 0.0734375 0.140625
8 0.15078125 0.2328125 0.059375 0.15234375
8 0.59140625 0.23125 0.0609375 0.15234375
17 0.64609375 0.59453125 0.059375 0.128125
8 0.39453125 0.22890625 0.06484375 0.16015625
18 0.33984375 0.63046875 0.05703125 0.11328125
0 0.284375 0.43203125 0.05546875 0.13984375
6 0.9140625 0.40078125 0.059375 0.14453125
24 0.9609375 0.58203125 0.04921875 0.09609375
10 0.3328125 0.23515625 0.05390625 0.14609375
12 0.7640625 0.2265625 0.0671875 0.1578125
1 0.44765625 0.428125 0.05 0.13203125
8 0.0875 0.23125 0.0609375 0.1546875
12 0.8328125 0.22734375 0.065625 0.15390625
18 0.51640625 0.60546875 0.065625 0.13203125
17 0.15078125 0.64296875 0.06328125 0.1234375
18 0.5828125 0.6 0.059375 0.13046875
0 0.2265625 0.43359375 0.05546875 0.1421875
6 0.85234375 0.40234375 0.0578125 0.14453125
2 0.62109375 0.4203125 0.05546875 0.1328125
17 0.53828125 0.765625 0.06875 0.13828125
1 0.5046875 0.4203125 0.0578125 0.1421875
17 0.21640625 0.63984375 0.06171875 0.11796875
0 0.1671875 0.44765625 0.0578125 0.11953125
0 0.10546875 0.45078125 0.0609375 0.1171875
3 0.7703125 0.7375 0.0390625 0.1296875
0 0.73125 0.41171875 0.0515625 0.1375
1 0.39609375 0.43046875 0.05 0.13359375
3 0.86015625 0.728125 0.04765625 0.1296875
5 0.9671875 0.71328125 0.03984375 0.12109375
0 0.67734375 0.41328125 0.0515625 0.140625
24 0.91015625 0.58359375 0.0453125 0.096875
24 0.86328125 0.58828125 0.04375 0.09765625
6 0.78984375 0.40390625 0.06171875 0.14609375
3 0.596875 0.75859375 0.046875 0.14140625
3 0.72890625 0.74296875 0.04140625 0.1328125
1 0.5640625 0.42265625 0.05390625 0.13203125
24 0.81484375 0.59296875 0.046875 0.09921875
24 0.7640625 0.59609375 0.046875 0.1
3 0.6875 0.74921875 0.0390625 0.134375
21 0.24296875 0.8015625 0.08046875 0.14765625
5 0.99375 0.709375 0.0125 0.11875
21 0.3203125 0.79453125 0.0671875 0.13984375
24 0.99375 0.58046875 0.0125 0.0921875
3 0.64375 0.7546875 0.04375 0.13984375
21 0.15546875 0.81171875 0.08515625 0.1484375
21 0.390625 0.78984375 0.065625 0.1328125
11 0.99296875 0.2265625 0.0140625 0.15390625