2 0.1890625 0.7203125 0.0734375 0.3078125
11 0.240625 0.32734375 0.078125 0.31015625
12 0.49765625 0.3640625 0.05 0.253125
11 0.3171875 0.33828125 0.06953125 0.29453125
8 0.5421875 0.3921875 0.03515625 0.19765625
8 0.44296875 0.6828125 0.0515625 0.2484375
10 0.68671875 0.64609375 0.03125 0.1953125
8 0.49453125 0.67421875 0.046875 0.23671875
8 0.57890625 0.6609375 0.03671875 0.2171875
10 0.71640625 0.640625 0.02578125 0.1875
12 0.44140625 0.3546875 0.05625 0.2671875
12 0.3828125 0.346875 0.0578125 0.27890625
11 0.0703125 0.30390625 0.07734375 0.3515625
8 0.61640625 0.6546875 0.0359375 0.209375
0 0.26328125 0.709375 0.06875 0.290625
8 0.57734375 0.39453125 0.03203125 0.1921875
8 0.609375 0.3984375 0.03203125 0.18828125
10 0.7453125 0.6375 0.02734375 0.178125
11 0.15390625 0.31875 0.08515625 0.32578125
10 0.66796875 0.4046875 0.025 0.17578125
2 0.1015625 0.7296875 0.09375 0.32578125
8 0.63984375 0.4015625 0.028125 0.18125
8 0.5390625 0.6671875 0.03984375 0.225
0 0.38828125 0.68828125 0.053125 0.259375
0 0.3296875 0.6984375 0.059375 0.27265625
10 0.65234375 0.65 0.0328125 0.2015625
10 0.69375 0.4078125 0.02421875 0.171875
17 0.946875 0.60703125 0.01640625 0.1265625
24 0.821875 0.62890625 0.02421875 0.15390625
17 0.96328125 0.6125 0.01640625 0.10625
10 0.7125 0.40859375 0.01484375 0.171875
24 0.79609375 0.6328125 0.02265625 0.15859375
17 0.99375 0.6078125 0.0125 0.10078125
17 0.9796875 0.61015625 0.01484375 0.10234375
17 0.93046875 0.61015625 0.015625 0.1328125
24 0.859375 0.63203125 0.0203125 0.125
24 0.771875 0.6359375 0.0234375 0.165625
24 0.88046875 0.6296875 0.01875 0.1171875
16 0.021875 0.81171875 0.04375 0.21953125
24 0.89765625 0.6265625 0.01484375 0.11640625
24 0.84140625 0.6296875 0.01484375 0.140625