17 0.69296875 0.53515625 0.08046875 0.20625
8 0.05390625 0.55078125 0.0453125 0.1734375
17 0.77265625 0.54921875 0.07109375 0.17578125
2 0.25234375 0.55546875 0.04296875 0.1734375
17 0.8484375 0.54765625 0.07265625 0.18125
18 0.609375 0.53828125 0.07734375 0.20078125
2 0.346875 0.553125 0.046875 0.1734375
2 0.2984375 0.55390625 0.046875 0.17578125
18 0.53046875 0.53984375 0.07265625 0.1953125
17 0.9265625 0.54609375 0.0765625 0.18359375
10 0.20234375 0.55 0.0515625 0.1828125
0 0.4015625 0.540625 0.059375 0.19296875
0 0.46171875 0.5390625 0.05859375 0.1953125
10 0.1515625 0.55078125 0.046875 0.1796875
8 0.1015625 0.55078125 0.04765625 0.17578125
1 0.0078125 0.55078125 0.015625 0.1796875
11 0.59296875 0.9796875 0.121875 0.03984375