11 0.22578125 0.60859375 0.0625 0.15625
6 0.76875 0.59296875 0.034375 0.10234375
8 0.43359375 0.45078125 0.0484375 0.1125
8 0.3515625 0.6140625 0.04609375 0.121875
1 0.74140625 0.47734375 0.02890625 0.08515625
12 0.2921875 0.60546875 0.065625 0.14921875
10 0.32578125 0.44375 0.05078125 0.1234375
8 0.43671875 0.6125 0.03671875 0.1140625
10 0.27109375 0.43984375 0.0546875 0.12578125
8 0.55859375 0.4625 0.0390625 0.103125
11 0.1578125 0.6109375 0.071875 0.16484375
6 0.80234375 0.59296875 0.02890625 0.09765625
2 0.659375 0.603125 0.02578125 0.09609375
10 0.4734375 0.6109375 0.034375 0.1078125
2 0.67734375 0.47265625 0.03671875 0.09140625
2 0.7109375 0.475 0.0296875 0.08828125
8 0.47890625 0.45625 0.0421875 0.10703125
2 0.6328125 0.6046875 0.02578125 0.096875
0 0.60390625 0.60546875 0.02890625 0.09765625
8 0.39609375 0.6125 0.0421875 0.11796875
1 0.6859375 0.603125 0.025 0.096875
8 0.51953125 0.459375 0.03828125 0.1046875
18 0.021875 0.4140625 0.04296875 0.16015625
10 0.50859375 0.61015625 0.0328125 0.1046875
10 0.38046875 0.44765625 0.05390625 0.11640625
0 0.57421875 0.60703125 0.03125 0.09921875
0 0.6390625 0.4703125 0.03671875 0.0921875
0 0.59921875 0.4671875 0.040625 0.096875
10 0.54140625 0.609375 0.0296875 0.10234375
1 0.71171875 0.6015625 0.025 0.09375
1 0.76953125 0.47890625 0.02578125 0.084375
10 0.15 0.4265625 0.03671875 0.1375
18 0.0875 0.41953125 0.0796875 0.153125
10 0.20234375 0.43046875 0.06953125 0.13515625
6 0.7375 0.5953125 0.025 0.10078125