18 0.85390625 0.52421875 0.0390625 0.09921875
1 0.14765625 0.5484375 0.0859375 0.19140625
1 0.30859375 0.5421875 0.06796875 0.1765625
1 0.23359375 0.5453125 0.07578125 0.18359375
11 0.3859375 0.325 0.0734375 0.17578125
2 0.44609375 0.5359375 0.05625 0.1625
2 0.61171875 0.53515625 0.0421875 0.13203125
4 0.1515625 0.77265625 0.0734375 0.178125
24 0.73359375 0.52578125 0.040625 0.1265625
5 0.40390625 0.734375 0.0484375 0.1578125
8 0.52578125 0.3390625 0.0625 0.14609375
10 0.4578125 0.33359375 0.0640625 0.1546875
18 0.72265625 0.68125 0.04609375 0.12421875
4 0.5546875 0.71015625 0.04296875 0.14375
2 0.38125 0.53984375 0.06953125 0.16875
4 0.59765625 0.703125 0.03828125 0.1390625
5 0.3484375 0.7453125 0.05859375 0.16484375
5 0.2875 0.753125 0.06015625 0.16796875
4 0.221875 0.76484375 0.0640625 0.17265625
0 0.5625 0.5375 0.05234375 0.1375
0 0.50625 0.5390625 0.05625 0.14609375
17 0.81796875 0.66875 0.040625 0.115625
18 0.678125 0.6890625 0.0390625 0.128125
4 0.6375 0.69609375 0.03828125 0.134375
8 0.590625 0.34453125 0.06015625 0.13984375
12 0.24921875 0.3171875 0.0890625 0.19296875
10 0.69765625 0.353125 0.04296875 0.1296875
17 0.771875 0.67578125 0.046875 0.121875
8 0.64765625 0.34921875 0.05234375 0.1359375
24 0.7734375 0.52265625 0.03515625 0.121875
12 0.15546875 0.30625 0.08984375 0.19375
18 0.89453125 0.52265625 0.03515625 0.09609375
3 0.5078125 0.71796875 0.04609375 0.15078125
10 0.92578125 0.36484375 0.034375 0.11015625
24 0.81328125 0.52109375 0.0390625 0.11484375
11 0.3203125 0.32265625 0.0546875 0.1796875
0 0.6921875 0.5296875 0.03828125 0.13046875
8 0.80703125 0.35625 0.03125 0.1265625
3 0.45703125 0.7265625 0.05234375 0.1546875