4 0.40546875 0.6703125 0.02578125 0.14375
3 0.14609375 0.73125 0.04296875 0.18046875
17 0.44921875 0.3515625 0.028125 0.11875
17 0.5125 0.6484375 0.0375 0.13203125
2 0.128125 0.53203125 0.04765625 0.1578125
0 0.30234375 0.5171875 0.0375 0.14140625
3 0.2234375 0.71640625 0.03515625 0.17265625
0 0.2515625 0.33359375 0.03515625 0.15546875
4 0.378125 0.678125 0.0265625 0.14609375
1 0.2625 0.52265625 0.0390625 0.13984375
5 0.29140625 0.69921875 0.03046875 0.16328125
3 0.25859375 0.70703125 0.03203125 0.16875
18 0.53359375 0.3546875 0.02421875 0.1125
5 0.32265625 0.69296875 0.0296875 0.159375
17 0.41171875 0.50390625 0.0375 0.13046875
1 0.22109375 0.52734375 0.04140625 0.1453125
18 0.5796875 0.63125 0.028125 0.12578125
0 0.37421875 0.509375 0.034375 0.13203125
17 0.41796875 0.35 0.03046875 0.121875
17 0.4703125 0.659375 0.03984375 0.1359375
17 0.559375 0.3609375 0.02578125 0.096875
17 0.38515625 0.34921875 0.03203125 0.1265625
18 0.478125 0.35234375 0.02734375 0.11640625
3 0.18671875 0.7234375 0.0359375 0.1765625
17 0.44765625 0.5 0.03203125 0.12578125
2 0.1765625 0.52890625 0.04375 0.1515625
18 0.50703125 0.353125 0.0265625 0.1140625
0 0.2875 0.33515625 0.03359375 0.153125
2 0.3203125 0.33671875 0.03046875 0.1515625
18 0.603125 0.4859375 0.02578125 0.1140625
8 0.69140625 0.478125 0.01953125 0.09765625
8 0.67265625 0.48046875 0.015625 0.09921875
17 0.584375 0.3609375 0.0234375 0.096875
4 0.434375 0.665625 0.03046875 0.14609375
2 0.35234375 0.3390625 0.03046875 0.15
0 0.3390625 0.5125 0.03359375 0.13359375
10 0.7296875 0.4734375 0.01640625 0.09140625
17 0.63359375 0.36171875 0.0265625 0.09140625
8 0.7109375 0.4765625 0.01796875 0.09375
10 0.746875 0.4703125 0.015625 0.08984375
6 0.84765625 0.45078125 0.01796875 0.0859375
18 0.57578125 0.48984375 0.0265625 0.11640625
4 0.35078125 0.6859375 0.0265625 0.153125
18 0.5484375 0.63984375 0.03125 0.1296875
10 0.7640625 0.4671875 0.01640625 0.08984375
11 0.85 0.3375 0.0203125 0.10703125
18 0.6296875 0.4828125 0.02421875 0.11015625
17 0.60859375 0.36171875 0.021875 0.09375
18 0.546875 0.49140625 0.0265625 0.11875
8 0.65390625 0.48125 0.0203125 0.1046875
11 0.8171875 0.33828125 0.01796875 0.1125
8 0.71875 0.3515625 0.015625 0.103125
10 0.77578125 0.35 0.0140625 0.096875
8 0.70234375 0.35234375 0.01796875 0.10703125
6 0.8125 0.45625 0.01640625 0.08984375
8 0.6640625 0.353125 0.0265625 0.11015625
8 0.6859375 0.353125 0.015625 0.10703125
10 0.76171875 0.35 0.0125 0.09921875
10 0.78046875 0.4640625 0.01484375 0.0890625
6 0.8296875 0.45234375 0.01640625 0.0875
12 0.88125 0.3359375 0.0203125 0.103125
10 0.74765625 0.35078125 0.0140625 0.09921875
10 0.73359375 0.35078125 0.0125 0.10234375
11 0.83203125 0.33828125 0.0140625 0.11015625
18 0.609375 0.62578125 0.02734375 0.1203125
6 0.87578125 0.44609375 0.01796875 0.08203125
12 0.89296875 0.3359375 0.021875 0.103125
11 0.86484375 0.33671875 0.0125 0.10625
6 0.8625 0.44921875 0.0140625 0.08359375
11 0.7953125 0.33984375 0.0234375 0.1140625
16 0.6859375 0.60234375 0.0125 0.10625
10 0.79609375 0.46171875 0.0140625 0.0890625
16 0.67109375 0.60703125 0.015625 0.1109375