10 0.7859375 0.38984375 0.06171875 0.16640625
17 0.59609375 0.80078125 0.07578125 0.1640625
4 0.38515625 0.73046875 0.04609375 0.14375
10 0.85390625 0.39375 0.0734375 0.1765625
5 0.178125 0.6640625 0.02578125 0.11796875
10 0.2703125 0.3703125 0.04609375 0.1203125
10 0.72578125 0.3890625 0.0546875 0.16484375
4 0.15078125 0.65546875 0.02890625 0.11796875
2 0.42578125 0.56796875 0.0390625 0.134375
5 0.2078125 0.675 0.034375 0.12421875
8 0.61484375 0.38359375 0.05078125 0.15703125
17 0.67734375 0.840625 0.078125 0.14140625
4 0.34296875 0.7171875 0.0421875 0.14140625
8 0.66953125 0.3859375 0.0546875 0.16171875
10 0.51171875 0.3828125 0.05625 0.14765625
3 0.26953125 0.69609375 0.03515625 0.13515625
24 0.5890625 0.590625 0.0625 0.15234375
8 0.5640625 0.38359375 0.0484375 0.1546875
10 0.45859375 0.38046875 0.0484375 0.1359375
8 0.31953125 0.37421875 0.046875 0.1234375
11 0.2234375 0.36796875 0.04453125 0.1203125
3 0.3046875 0.70546875 0.0390625 0.13828125
5 0.23828125 0.68515625 0.0296875 0.12734375
2 0.2265625 0.52734375 0.0390625 0.1203125
18 0.72421875 0.62890625 0.0625 0.1375
2 0.265625 0.5328125 0.03828125 0.1265625
4 0.42578125 0.74140625 0.03828125 0.14609375
18 0.471875 0.75859375 0.0578125 0.146875
4 0.121875 0.64765625 0.02890625 0.11171875
18 0.809375 0.678125 0.06796875 0.08125
8 0.40703125 0.378125 0.05234375 0.13203125
8 0.36171875 0.37734375 0.03671875 0.13125
18 0.5296875 0.77734375 0.05625 0.15703125
11 0.1875 0.36640625 0.025 0.11640625
1 0.1578125 0.51015625 0.0328125 0.11953125
2 0.30546875 0.5375 0.0421875 0.1375
1 0.190625 0.515625 0.03125 0.12578125
24 0.525 0.58125 0.06015625 0.14609375
0 0.4703125 0.57421875 0.046875 0.13828125
24 0.65703125 0.60234375 0.06796875 0.16015625
1 0.12578125 0.503125 0.0296875 0.11640625
11 0.14609375 0.365625 0.05234375 0.11171875