1 0.2875 0.41484375 0.0703125 0.14609375
2 0.3859375 0.24296875 0.05390625 0.14765625
0 0.4828125 0.42265625 0.0546875 0.134375
4 0.37421875 0.60234375 0.06171875 0.17734375
2 0.2046875 0.21484375 0.0640625 0.16484375
17 0.49375 0.61875 0.05390625 0.11953125
12 0.83046875 0.43671875 0.04609375 0.11015625
0 0.421875 0.41875 0.0625 0.13984375
3 0.1078125 0.6140625 0.0859375 0.2
5 0.253125 0.60703125 0.06015625 0.1890625
8 0.5875 0.271875 0.04296875 0.13125
2 0.13046875 0.2046875 0.078125 0.171875
5 0.1875 0.6109375 0.06796875 0.19609375
10 0.63125 0.27734375 0.04296875 0.128125
8 0.5421875 0.26484375 0.04453125 0.1375
1 0.3578125 0.4171875 0.0640625 0.14296875
11 0.80625 0.29296875 0.05078125 0.1265625
2 0.26796875 0.225 0.05859375 0.1578125
11 0.85625 0.3 0.04609375 0.12265625
2 0.21015625 0.40859375 0.078125 0.15703125
10 0.67421875 0.28203125 0.040625 0.12734375
4 0.31328125 0.60390625 0.0578125 0.18203125
2 0.125 0.403125 0.0859375 0.16484375
8 0.60234375 0.428125 0.046875 0.12578125
2 0.328125 0.23359375 0.0578125 0.153125
18 0.546875 0.61484375 0.0484375 0.11640625
11 0.7578125 0.2890625 0.0421875 0.128125
10 0.69765625 0.43203125 0.0484375 0.11640625
17 0.86875 0.5828125 0.03515625 0.11484375
17 0.434375 0.621875 0.05859375 0.12578125
12 0.878125 0.43671875 0.04453125 0.10859375
18 0.5984375 0.6125 0.0484375 0.1125
10 0.715625 0.28671875 0.03828125 0.12421875
10 0.7453125 0.43359375 0.04296875 0.115625
8 0.5453125 0.428125 0.0640625 0.13046875
0 0.44140625 0.25078125 0.05390625 0.1421875
8 0.65 0.43125 0.04453125 0.1203125
0 0.49375 0.25859375 0.0484375 0.13984375
18 0.7046875 0.603125 0.046875 0.11015625
12 0.78671875 0.43359375 0.0390625 0.11484375
18 0.65234375 0.59921875 0.05390625 0.13203125
18 0.97578125 0.5625 0.01796875 0.08046875
18 0.99296875 0.56015625 0.0140625 0.0828125
17 0.8359375 0.58515625 0.02734375 0.11875
18 0.95 0.5625 0.01796875 0.08125