11 0.5203125 0.3546875 0.03671875 0.084375
2 0.20625 0.36015625 0.05078125 0.10859375
5 0.52734375 0.47734375 0.02734375 0.11015625
0 0.3703125 0.3578125 0.03125 0.09375
6 0.409375 0.3578125 0.0421875 0.0890625
1 0.37109375 0.50625 0.03671875 0.11640625
2 0.2296875 0.525 0.05390625 0.128125
8 0.65 0.46328125 0.0234375 0.084375
10 0.603125 0.4703125 0.025 0.09140625
2 0.2921875 0.36015625 0.040625 0.1
11 0.55234375 0.35546875 0.02578125 0.0796875
2 0.28359375 0.51875 0.05078125 0.1234375
17 0.4046875 0.23515625 0.0390625 0.1109375
17 0.48828125 0.23984375 0.0421875 0.1078125
10 0.60078125 0.35625 0.02109375 0.06953125
18 0.57421875 0.24921875 0.03671875 0.103125
17 0.3578125 0.23046875 0.05234375 0.11796875
18 0.44609375 0.2390625 0.0421875 0.1078125
0 0.409375 0.5 0.0390625 0.1109375
17 0.5328125 0.24375 0.04453125 0.1078125
2 0.25234375 0.359375 0.03828125 0.10390625
0 0.33359375 0.359375 0.040625 0.09609375
12 0.484375 0.35546875 0.03125 0.0859375
1 0.33046875 0.51171875 0.04296875 0.11953125
8 0.640625 0.35625 0.01796875 0.06640625
10 0.62109375 0.35703125 0.01796875 0.06875
8 0.67421875 0.4609375 0.021875 0.084375
8 0.62734375 0.46640625 0.021875 0.08828125
4 0.5015625 0.48125 0.025 0.1140625
0 0.446875 0.49375 0.03671875 0.10859375
18 0.62578125 0.2640625 0.02109375 0.07734375
6 0.45 0.35703125 0.03515625 0.0875
10 0.578125 0.35625 0.021875 0.0734375
10 0.578125 0.47265625 0.025 0.0953125
3 0.47734375 0.48515625 0.02578125 0.11484375
8 0.65859375 0.35546875 0.0171875 0.065625
18 0.60546875 0.2640625 0.021875 0.078125
5 0.55234375 0.475 0.0234375 0.10390625
17 0.646875 0.265625 0.02109375 0.0765625
8 0.678125 0.3546875 0.01953125 0.065625
11 0.6984375 0.3546875 0.01953125 0.06484375