7 0.1796875 0.4296875 0.078125 0.18125
7 0.25546875 0.42578125 0.06953125 0.17421875
2 0.509375 0.2171875 0.05 0.15234375
6 0.63984375 0.70859375 0.04609375 0.115625
8 0.6 0.56875 0.04296875 0.128125
8 0.19296875 0.6453125 0.0640625 0.1453125
2 0.55546875 0.21875 0.0421875 0.146875
2 0.45390625 0.2140625 0.0578125 0.1546875
7 0.32578125 0.421875 0.06640625 0.16875
2 0.39375 0.2125 0.06015625 0.15859375
5 0.315625 0.79765625 0.05234375 0.13984375
12 0.72890625 0.6828125 0.03515625 0.1125
18 0.834375 0.38984375 0.0390625 0.11640625
4 0.4140625 0.76796875 0.04609375 0.13046875
0 0.6421875 0.22578125 0.04453125 0.13515625
11 0.8296875 0.65546875 0.040625 0.10234375
8 0.31015625 0.625 0.05078125 0.13828125
17 0.4484375 0.43046875 0.05234375 0.1234375
1 0.1515625 0.196875 0.09140625 0.18046875
3 0.46015625 0.75859375 0.04453125 0.128125
17 0.5984375 0.41875 0.04609375 0.1125
0 0.325 0.20703125 0.0734375 0.16484375
10 0.409375 0.60859375 0.04609375 0.1296875
17 0.64921875 0.40390625 0.05 0.13203125
17 0.69921875 0.39921875 0.046875 0.12734375
6 0.59296875 0.72265625 0.04296875 0.11796875
10 0.3609375 0.61640625 0.04609375 0.13359375
17 0.74609375 0.3953125 0.04453125 0.121875
10 0.50625 0.5875 0.0484375 0.1375
8 0.2546875 0.63515625 0.0546875 0.1421875
4 0.36640625 0.7828125 0.046875 0.1375
17 0.5015625 0.42578125 0.0484375 0.11953125
8 0.83828125 0.52578125 0.03828125 0.1125
5 0.19765625 0.82421875 0.06171875 0.14375
17 0.79140625 0.39296875 0.0421875 0.11953125
9 0.6859375 0.55390625 0.03828125 0.121875
10 0.45703125 0.6015625 0.04453125 0.1265625
0 0.24375 0.203125 0.08203125 0.16953125
11 0.7625 0.67109375 0.02890625 0.10859375
9 0.725 0.546875 0.03515625 0.11796875
5 0.25859375 0.8109375 0.0578125 0.14140625
8 0.79921875 0.53203125 0.034375 0.11640625
10 0.5546875 0.578125 0.04453125 0.13203125
8 0.64453125 0.5609375 0.040625 0.12421875
18 0.390625 0.4328125 0.05625 0.128125
0 0.59765625 0.22265625 0.0421875 0.14140625
11 0.79375 0.6640625 0.02890625 0.1046875
17 0.55078125 0.42265625 0.04609375 0.115625
12 0.68671875 0.6953125 0.04296875 0.1125
9 0.7625 0.5390625 0.03515625 0.11796875
3 0.5046875 0.7453125 0.040625 0.12578125
18 0.86875 0.3890625 0.02734375 0.115625