4 0.7484375 0.74375 0.08125 0.221875
5 0.51171875 0.6921875 0.05234375 0.1890625
4 0.67578125 0.73125 0.0640625 0.2109375
2 0.46015625 0.4921875 0.0421875 0.1421875
2 0.41875 0.48984375 0.0390625 0.1375
2 0.44609375 0.2875 0.0484375 0.15
12 0.18671875 0.6203125 0.0421875 0.12734375
3 0.42578125 0.67421875 0.0390625 0.171875
18 0.6375 0.50859375 0.06796875 0.1421875
0 0.6171875 0.26015625 0.0546875 0.1703125
6 0.34296875 0.65625 0.0390625 0.1546875
5 0.61328125 0.715625 0.06015625 0.20625
17 0.759375 0.5140625 0.08125 0.1609375
5 0.56015625 0.703125 0.046875 0.1921875
8 0.31484375 0.30703125 0.03515625 0.13125
2 0.49765625 0.2796875 0.0546875 0.15625
10 0.2921875 0.4859375 0.02578125 0.11640625
10 0.35390625 0.30078125 0.0421875 0.1375
6 0.2984375 0.6453125 0.0484375 0.14921875
1 0.68046875 0.246875 0.06953125 0.18359375
3 0.465625 0.68203125 0.04453125 0.178125
0 0.38203125 0.4890625 0.0328125 0.13046875
11 0.22578125 0.6296875 0.034375 0.1390625
10 0.265625 0.48515625 0.02578125 0.1125
10 0.39921875 0.29453125 0.04609375 0.1421875
8 0.15625 0.32890625 0.03515625 0.11171875
0 0.5578125 0.26875 0.0625 0.1625
3 0.384375 0.66484375 0.04296875 0.16484375
8 0.19140625 0.48046875 0.02578125 0.10625
11 0.259375 0.63671875 0.034375 0.14140625
10 0.31875 0.4875 0.02578125 0.12265625
17 0.69609375 0.5109375 0.04609375 0.14765625
0 0.34921875 0.48828125 0.0328125 0.12578125
1 0.759375 0.23359375 0.08359375 0.19609375
18 0.56171875 0.5046875 0.06796875 0.1375
8 0.28203125 0.31171875 0.0296875 0.1265625
8 0.190625 0.32578125 0.0328125 0.1140625
8 0.21796875 0.48203125 0.025 0.1078125
10 0.24609375 0.31484375 0.040625 0.128125
8 0.16640625 0.478125 0.021875 0.10390625
8 0.24140625 0.48359375 0.021875 0.1109375
8 0.14453125 0.47421875 0.0234375 0.1078125
10 0.2171875 0.32109375 0.02109375 0.1203125