17 0.43515625 0.634375 0.06796875 0.153125
4 0.81953125 0.7203125 0.03828125 0.13203125
0 0.41796875 0.446875 0.0625 0.16171875
11 0.41953125 0.078125 0.08515625 0.15625
3 0.3328125 0.8625 0.065625 0.18046875
2 0.71796875 0.434375 0.034375 0.12265625
4 0.75234375 0.7375 0.0421875 0.1375
10 0.39765625 0.2578125 0.0625 0.1546875
5 0.58984375 0.7875 0.04296875 0.15234375
0 0.53828125 0.43984375 0.05390625 0.14921875
17 0.50234375 0.62109375 0.06015625 0.14296875
4 0.7078125 0.746875 0.046875 0.1375
12 0.89609375 0.2796875 0.04296875 0.1109375
1 0.59375 0.4375 0.0546875 0.14609375
10 0.46015625 0.26015625 0.0578125 0.15078125
5 0.63046875 0.7734375 0.04296875 0.15
6 0.93515625 0.41015625 0.046875 0.10859375
2 0.35078125 0.45078125 0.06796875 0.165625
3 0.39609375 0.84375 0.0625 0.18125
1 0.6453125 0.43671875 0.04609375 0.13515625
0 0.48046875 0.44296875 0.0578125 0.15703125
3 0.496875 0.8109375 0.0484375 0.1640625
17 0.35546875 0.64765625 0.08359375 0.1578125
2 0.68515625 0.4359375 0.0328125 0.12578125
11 0.56171875 0.0921875 0.0546875 0.1578125
5 0.6671875 0.7609375 0.03515625 0.1453125
2 0.2796875 0.45546875 0.06953125 0.1734375
0 0.75390625 0.43203125 0.034375 0.11640625
18 0.621875 0.60078125 0.05625 0.1296875
11 0.5 0.08359375 0.06640625 0.1625
18 0.803125 0.578125 0.040625 0.09921875
3 0.44921875 0.82578125 0.05 0.171875
8 0.51953125 0.2625 0.05625 0.146875
0 0.7875 0.43125 0.03125 0.11015625
17 0.93515625 0.553125 0.02734375 0.09140625
10 0.7484375 0.27734375 0.03515625 0.115625
17 0.8421875 0.571875 0.034375 0.09921875
8 0.81484375 0.27421875 0.0296875 0.10703125
17 0.87421875 0.56640625 0.02890625 0.0921875
8 0.5765625 0.26484375 0.05390625 0.13984375
18 0.5625 0.6109375 0.0578125 0.13515625
3 0.5453125 0.7984375 0.05 0.16015625
8 0.6296875 0.26875 0.0484375 0.13515625
0 0.82109375 0.434375 0.0328125 0.09921875
6 0.890625 0.41484375 0.0390625 0.11953125
8 0.78203125 0.275 0.0328125 0.10859375
18 0.7625 0.58359375 0.03828125 0.10390625
4 0.78671875 0.728125 0.02734375 0.13125
10 0.67421875 0.275 0.03828125 0.121875
10 0.71171875 0.27734375 0.034375 0.11640625
17 0.90546875 0.5625 0.0296875 0.0875
10 0.25703125 0.25078125 0.05859375 0.1703125
18 0.72421875 0.5890625 0.03671875 0.1078125
6 0.85390625 0.4234375 0.0328125 0.1140625
10 0.3265625 0.2546875 0.0703125 0.1625
12 0.8515625 0.2765625 0.0421875 0.11171875
11 0.33359375 0.0734375 0.078125 0.146875
18 0.678125 0.59375 0.05390625 0.121875
11 0.86015625 0.1390625 0.04453125 0.128125
11 0.9078125 0.14765625 0.05078125 0.11875
8 0.98671875 0.4140625 0.02578125 0.0953125
4 0.85078125 0.7140625 0.02578125 0.1203125
11 0.6203125 0.10078125 0.05390625 0.15078125
17 0.96171875 0.54296875 0.021875 0.09921875