11 0.734375 0.4875 0.0484375 0.13828125
18 0.4515625 0.65546875 0.05 0.10078125
17 0.6046875 0.65234375 0.04609375 0.096875
5 0.7578125 0.784375 0.0421875 0.11796875
10 0.21796875 0.47421875 0.05625 0.12421875
3 0.403125 0.79296875 0.04609375 0.1234375
2 0.4609375 0.32265625 0.0484375 0.12578125
2 0.40625 0.3203125 0.05625 0.12578125
17 0.55546875 0.6546875 0.046875 0.09921875
16 0.10390625 0.9453125 0.0625 0.10859375
4 0.54140625 0.7890625 0.04296875 0.12265625
17 0.25703125 0.64375 0.06640625 0.1296875
17 0.1859375 0.6453125 0.06796875 0.12734375
17 0.1125 0.646875 0.0734375 0.1265625
8 0.39765625 0.48515625 0.0546875 0.13203125
10 0.15546875 0.4734375 0.06015625 0.128125
17 0.5046875 0.6546875 0.05 0.10234375
8 0.33828125 0.4828125 0.05859375 0.13359375
2 0.3453125 0.31796875 0.05859375 0.12578125
2 0.51015625 0.325 0.046875 0.1234375
4 0.58515625 0.7875 0.04296875 0.1203125
8 0.6296875 0.496875 0.0421875 0.11640625
5 0.79765625 0.78359375 0.03828125 0.11640625
1 0.15546875 0.31015625 0.06015625 0.12578125
4 0.67109375 0.784375 0.040625 0.11640625
0 0.5578125 0.32734375 0.04609375 0.12265625
3 0.4953125 0.790625 0.04453125 0.1234375
0 0.2828125 0.31484375 0.06015625 0.1234375
0 0.21953125 0.3125 0.06171875 0.12578125
10 0.4953125 0.49375 0.04453125 0.11640625
8 0.27734375 0.48125 0.0578125 0.134375
8 0.5421875 0.4953125 0.04453125 0.11640625
18 0.325 0.64375 0.0625 0.12421875
16 0.3015625 0.93984375 0.04609375 0.11953125
12 0.87265625 0.49296875 0.05 0.1296875
5 0.83984375 0.78203125 0.04453125 0.11484375
17 0.39140625 0.6453125 0.0640625 0.12265625
16 0.3953125 0.93828125 0.04375 0.1234375
1 0.0890625 0.30625 0.06640625 0.128125
3 0.45 0.79140625 0.04296875 0.1234375
11 0.68125 0.48515625 0.05625 0.14140625
16 0.34921875 0.9390625 0.046875 0.1203125
5 0.7140625 0.78359375 0.0421875 0.11640625
10 0.0921875 0.478125 0.06015625 0.14140625
8 0.58671875 0.4953125 0.04296875 0.11640625
24 0.79765625 0.34453125 0.05078125 0.10078125
0 0.60390625 0.3296875 0.04296875 0.1203125
12 0.78203125 0.4875 0.04453125 0.1375
0 0.69765625 0.33359375 0.04453125 0.11953125
0 0.65 0.33125 0.04609375 0.11953125
16 0.5296875 0.93359375 0.0421875 0.121875
10 0.44921875 0.49296875 0.04453125 0.11796875
6 0.828125 0.64140625 0.04296875 0.1234375
6 0.77890625 0.64296875 0.05 0.12578125
24 0.7453125 0.3421875 0.0484375 0.103125
16 0.25390625 0.940625 0.0453125 0.11875
4 0.6296875 0.78515625 0.0421875 0.11875
16 0.571875 0.93203125 0.0421875 0.121875
16 0.43984375 0.9375 0.04296875 0.1234375
24 0.8484375 0.346875 0.046875 0.1
12 0.82578125 0.48984375 0.0421875 0.13203125
16 0.48515625 0.9359375 0.04453125 0.1234375
16 0.61484375 0.92890625 0.0421875 0.11953125
24 0.8984375 0.3484375 0.0484375 0.1
16 0.65703125 0.92734375 0.0390625 0.11875
6 0.865625 0.64296875 0.034375 0.12265625
16 0.69921875 0.925 0.0421875 0.115625
16 0.16171875 0.94296875 0.0484375 0.1140625
16 0.20859375 0.9421875 0.04453125 0.115625