3 0.509375 0.62109375 0.02109375 0.09296875
5 0.321875 0.6640625 0.03125 0.10703125
8 0.5234375 0.4046875 0.0234375 0.078125
2 0.24609375 0.4109375 0.04296875 0.10859375
2 0.28984375 0.409375 0.040625 0.1046875
6 0.2 0.41015625 0.04609375 0.11875
1 0.3296875 0.4078125 0.03671875 0.1
10 0.68203125 0.39296875 0.01953125 0.07421875
6 0.15390625 0.4109375 0.04296875 0.12265625
5 0.41015625 0.64375 0.025 0.10234375
17 0.6 0.50234375 0.021875 0.0625
0 0.4703125 0.4015625 0.03125 0.09296875
5 0.38203125 0.65078125 0.0296875 0.10390625
8 0.4984375 0.40625 0.025 0.08046875
5 0.35234375 0.65703125 0.02734375 0.10703125
0 0.4375 0.40234375 0.03125 0.0953125
8 0.6125 0.3984375 0.021875 0.07734375
0 0.40234375 0.4046875 0.03515625 0.0953125
8 0.546875 0.403125 0.021875 0.07734375
24 0.4953125 0.51328125 0.02890625 0.0796875
18 0.64609375 0.4953125 0.0234375 0.0609375
3 0.46171875 0.63203125 0.021875 0.09765625
8 0.63671875 0.39609375 0.0234375 0.07734375
6 0.09609375 0.4125 0.06640625 0.12734375
10 0.590625 0.40234375 0.01796875 0.07421875
1 0.365625 0.40625 0.034375 0.09765625
5 0.28359375 0.6703125 0.0421875 0.1109375
24 0.43203125 0.52109375 0.03125 0.084375
4 0.5546875 0.61015625 0.01953125 0.0890625
3 0.4859375 0.6265625 0.0234375 0.0953125
8 0.6609375 0.39453125 0.021875 0.0765625
17 0.621875 0.4984375 0.02109375 0.06171875
11 0.74375 0.38984375 0.0171875 0.0734375
24 0.46484375 0.51640625 0.0296875 0.08046875
17 0.57734375 0.5046875 0.02109375 0.06484375
16 0.36171875 0.78359375 0.034375 0.10859375
3 0.43671875 0.6375 0.02578125 0.09921875
10 0.5703125 0.403125 0.02109375 0.07421875
24 0.52421875 0.50859375 0.02578125 0.0765625
4 0.575 0.60546875 0.01953125 0.0875
11 0.76171875 0.390625 0.01796875 0.0703125
24 0.3625 0.53125 0.03515625 0.08984375
17 0.73828125 0.478125 0.01953125 0.06640625
24 0.3984375 0.52578125 0.0328125 0.0859375
10 0.70234375 0.39296875 0.01796875 0.07421875
3 0.5328125 0.615625 0.0234375 0.09140625
4 0.59296875 0.60078125 0.015625 0.08515625
18 0.671875 0.49296875 0.0234375 0.05859375
4 0.61015625 0.59609375 0.01796875 0.08203125
17 0.75859375 0.47734375 0.01796875 0.065625
24 0.325 0.5359375 0.03515625 0.0921875
11 0.7234375 0.39140625 0.02109375 0.0734375
24 0.55234375 0.50546875 0.02578125 0.0734375
4 0.6296875 0.58984375 0.01796875 0.08359375
4 0.6484375 0.5875 0.01796875 0.0796875
24 0.284375 0.54140625 0.040625 0.0953125
16 0.3265625 0.7953125 0.03515625 0.1109375
18 0.23671875 0.54609375 0.05 0.096875
16 0.2859375 0.80390625 0.04453125 0.115625