8 0.43046875 0.403125 0.02578125 0.08125
6 0.66640625 0.54921875 0.0484375 0.13125
2 0.59765625 0.4046875 0.0390625 0.09921875
6 0.71875 0.55703125 0.05390625 0.1375
10 0.3546875 0.4015625 0.01953125 0.07265625
2 0.56015625 0.4046875 0.03515625 0.09609375
1 0.6375 0.4046875 0.040625 0.10234375
6 0.78046875 0.56484375 0.0640625 0.14375
1 0.68203125 0.40546875 0.04609375 0.10625
10 0.43125 0.52265625 0.02109375 0.08515625
0 0.52421875 0.4046875 0.03515625 0.08984375
10 0.41015625 0.51875 0.01953125 0.08203125
0 0.49296875 0.40390625 0.02734375 0.0875
2 0.53125 0.5375 0.02578125 0.09609375
0 0.47890625 0.52890625 0.02578125 0.08984375
10 0.3125 0.40078125 0.01953125 0.0703125
1 0.6234375 0.55 0.034375 0.10703125
8 0.40234375 0.403125 0.02578125 0.078125
10 0.45390625 0.52578125 0.0234375 0.0875
2 0.559375 0.54140625 0.02890625 0.1
8 0.3890625 0.51484375 0.02109375 0.08125
18 0.26171875 0.3984375 0.02578125 0.06953125
8 0.35 0.50703125 0.01953125 0.084375
8 0.46171875 0.403125 0.0328125 0.084375
10 0.334375 0.4015625 0.02109375 0.071875
1 0.58984375 0.546875 0.03125 0.1046875
8 0.3765625 0.40078125 0.0234375 0.0734375
17 0.128125 0.396875 0.01953125 0.05
0 0.50546875 0.5328125 0.025 0.09296875
11 0.30625 0.49609375 0.02109375 0.0890625
16 0.95546875 0.58671875 0.0578125 0.16875
8 0.36953125 0.51171875 0.01796875 0.08046875
11 0.32890625 0.49921875 0.0234375 0.08984375
18 0.2375 0.396875 0.02109375 0.06953125
11 0.28203125 0.49375 0.02578125 0.0859375
16 0.99296875 0.59375 0.0140625 0.1765625
18 0.0859375 0.39609375 0.015625 0.04765625
18 0.11171875 0.39609375 0.01015625 0.04765625
17 0.15390625 0.396875 0.0171875 0.05390625
17 0.17109375 0.3953125 0.015625 0.06171875
10 0.28984375 0.4 0.0234375 0.06953125