16 0.525 0.50625 0.0484375 0.11796875
3 0.42578125 0.46796875 0.034375 0.1078125
10 0.334375 0.2984375 0.0296875 0.1234375
2 0.49765625 0.34140625 0.03671875 0.13046875
10 0.42734375 0.32578125 0.03125 0.12265625
16 0.64375 0.5515625 0.05390625 0.13203125
0 0.6296875 0.3671875 0.0578125 0.15703125
10 0.3953125 0.31875 0.03125 0.1203125
8 0.30234375 0.29140625 0.03125 0.1203125
2 0.578125 0.35859375 0.046875 0.146875
2 0.534375 0.35078125 0.0390625 0.134375
8 0.365625 0.3109375 0.02890625 0.115625
16 0.6 0.53515625 0.04296875 0.1265625
8 0.27109375 0.284375 0.02734375 0.11796875
16 0.7453125 0.5796875 0.07578125 0.1453125
3 0.45859375 0.48125 0.0296875 0.1140625
16 0.5640625 0.52109375 0.03515625 0.11953125
0 0.46171875 0.3328125 0.03515625 0.12421875
17 0.303125 0.428125 0.03515625 0.084375
17 0.27265625 0.425 0.025 0.0703125
3 0.39375 0.45859375 0.02890625 0.1046875
11 0.24375 0.278125 0.02578125 0.11484375
5 0.48515625 0.48984375 0.0328125 0.11875
12 0.21953125 0.27265625 0.02109375 0.11015625