17 0.48671875 0.33125 0.05 0.1359375
17 0.534375 0.33359375 0.0421875 0.13046875
17 0.31015625 0.3203125 0.0734375 0.1640625
17 0.54453125 0.503125 0.05 0.146875
0 0.50234375 0.70078125 0.04609375 0.1578125
17 0.35 0.5265625 0.07421875 0.1796875
8 0.696875 0.6375 0.0296875 0.12578125
10 0.73046875 0.34453125 0.025 0.10625
17 0.16015625 0.5484375 0.1140625 0.2078125
17 0.37734375 0.32421875 0.0578125 0.15390625
0 0.57421875 0.33671875 0.034375 0.121875
3 0.15 0.80390625 0.08125 0.21796875
17 0.434375 0.328125 0.05234375 0.14375
3 0.22578125 0.78359375 0.06953125 0.20625
8 0.7078125 0.4875 0.025 0.11796875
5 0.34921875 0.74609375 0.05078125 0.1875
18 0.23046875 0.31484375 0.078125 0.17421875
17 0.421875 0.51875 0.0640625 0.16796875
17 0.265625 0.5375 0.0859375 0.19140625
2 0.628125 0.66015625 0.03828125 0.1359375
8 0.73515625 0.48359375 0.02734375 0.1140625
10 0.70390625 0.34296875 0.025 0.10703125
8 0.7609375 0.48046875 0.0234375 0.10859375
10 0.7515625 0.6203125 0.025 0.11484375
2 0.6421875 0.340625 0.02890625 0.11171875
1 0.67421875 0.34140625 0.03125 0.11171875
18 0.59375 0.496875 0.04453125 0.13984375
0 0.61015625 0.3390625 0.03515625 0.11640625
17 0.4859375 0.509375 0.06171875 0.15703125
18 0.63984375 0.49296875 0.04609375 0.13203125
10 0.72578125 0.628125 0.025 0.11875
0 0.54765625 0.684375 0.04296875 0.146875
10 0.80390625 0.346875 0.0296875 0.0953125
8 0.6796875 0.490625 0.0296875 0.121875
8 0.665625 0.646875 0.03125 0.12578125
4 0.45234375 0.71171875 0.0484375 0.17265625
5 0.2921875 0.7640625 0.06171875 0.19921875
10 0.77734375 0.3453125 0.021875 0.09921875
18 0.14453125 0.31015625 0.08203125 0.18515625
1 0.58984375 0.67265625 0.03671875 0.1421875
10 0.7546875 0.3453125 0.02109375 0.09921875
8 0.80234375 0.47578125 0.02109375 0.10234375
12 0.75390625 0.209375 0.02890625 0.1265625
10 0.778125 0.61484375 0.025 0.10625
8 0.78359375 0.478125 0.02109375 0.10625
17 0.7609375 0.87890625 0.034375 0.10078125
12 0.72109375 0.2046875 0.034375 0.128125
4 0.4015625 0.7265625 0.05234375 0.1796875
12 0.78203125 0.21484375 0.025 0.1234375