2 0.465625 0.35234375 0.04609375 0.11875
2 0.35703125 0.35078125 0.0578125 0.11796875
18 0.3453125 0.6625 0.06015625 0.121875
4 0.60078125 0.796875 0.0421875 0.11796875
17 0.41015625 0.66171875 0.0625 0.11875
24 0.834375 0.3671875 0.04453125 0.0953125
10 0.2390625 0.50078125 0.05390625 0.11953125
2 0.5125 0.353125 0.04296875 0.11640625
0 0.2375 0.34765625 0.05859375 0.11875
1 0.11328125 0.3453125 0.0625 0.1203125
4 0.68359375 0.79140625 0.0390625 0.115625
17 0.1421875 0.66875 0.06953125 0.1234375
12 0.86640625 0.50546875 0.046875 0.12265625
1 0.1765625 0.346875 0.0578125 0.11796875
16 0.55234375 0.940625 0.040625 0.11796875
3 0.42578125 0.80546875 0.04453125 0.121875
17 0.61484375 0.66484375 0.04296875 0.09375
17 0.2125 0.66484375 0.065625 0.12421875
3 0.4703125 0.80390625 0.0421875 0.12265625
0 0.29765625 0.34921875 0.05625 0.11796875
8 0.35390625 0.50703125 0.0546875 0.1265625
8 0.5921875 0.5140625 0.040625 0.11171875
8 0.5484375 0.51328125 0.04296875 0.11171875
0 0.68984375 0.35859375 0.0421875 0.1125
10 0.1796875 0.503125 0.0578125 0.12578125
4 0.64296875 0.79375 0.040625 0.11796875
4 0.5578125 0.79921875 0.0421875 0.1203125
5 0.84765625 0.78671875 0.04296875 0.11484375
16 0.3765625 0.9453125 0.04453125 0.1078125
8 0.296875 0.50625 0.0546875 0.12734375
11 0.73359375 0.503125 0.04609375 0.13125
16 0.465625 0.94296875 0.04296875 0.1140625
18 0.46796875 0.6703125 0.0484375 0.09765625
8 0.41015625 0.50703125 0.05234375 0.12421875
11 0.68203125 0.503125 0.05390625 0.13359375
16 0.63515625 0.9375 0.040625 0.121875
2 0.4140625 0.3515625 0.05390625 0.11796875
17 0.2796875 0.6625 0.0640625 0.128125
17 0.51875 0.66796875 0.0484375 0.09765625
16 0.1375 0.953125 0.0625 0.09296875
0 0.5578125 0.3546875 0.04453125 0.115625
17 0.56875 0.66796875 0.04609375 0.09609375
16 0.51015625 0.94140625 0.0421875 0.11640625
10 0.46015625 0.5140625 0.04296875 0.1125
16 0.33046875 0.946875 0.04453125 0.1046875
5 0.725 0.790625 0.040625 0.11484375
5 0.7671875 0.790625 0.040625 0.11640625
10 0.50390625 0.5140625 0.040625 0.1109375
3 0.5140625 0.80078125 0.04296875 0.11953125
8 0.63359375 0.51328125 0.0390625 0.11171875
10 0.11875 0.50703125 0.05859375 0.13515625
0 0.64609375 0.35703125 0.04296875 0.1125
16 0.421875 0.94375 0.0421875 0.11171875
5 0.80625 0.78828125 0.03671875 0.11484375
12 0.7796875 0.503125 0.04296875 0.128125
0 0.60234375 0.35625 0.040625 0.1125
24 0.78515625 0.36640625 0.0484375 0.09609375
6 0.8296875 0.65 0.0421875 0.121875
24 0.7359375 0.365625 0.04609375 0.09765625
16 0.59375 0.9390625 0.040625 0.11875
16 0.28515625 0.94765625 0.04453125 0.103125
6 0.78359375 0.65 0.046875 0.121875
16 0.19375 0.95078125 0.046875 0.09765625
6 0.8671875 0.6484375 0.0328125 0.11640625
12 0.821875 0.50390625 0.040625 0.12421875
16 0.6765625 0.93359375 0.0390625 0.11953125
24 0.8828125 0.36796875 0.04609375 0.09375
16 0.74140625 0.665625 0.0328125 0.0890625
16 0.70234375 0.66484375 0.0421875 0.0921875