18 0.81640625 0.6796875 0.08515625 0.20234375
11 0.71171875 0.38203125 0.10625 0.2078125
17 0.55390625 0.646875 0.06796875 0.13984375
17 0.340625 0.58125 0.06015625 0.1703125
18 0.72578125 0.66171875 0.08515625 0.18359375
17 0.634375 0.65859375 0.08515625 0.15390625
10 0.44453125 0.3859375 0.0625 0.16484375
8 0.296875 0.38359375 0.04296875 0.14921875
10 0.38828125 0.3859375 0.04609375 0.15859375
18 0.40859375 0.590625 0.0734375 0.1796875
8 0.51640625 0.3875 0.07421875 0.171875
17 0.27734375 0.571875 0.06015625 0.15859375
2 0.175 0.3859375 0.03671875 0.13046875
0 0.221875 0.56171875 0.0484375 0.153125
3 0.42109375 0.84765625 0.05859375 0.2234375
4 0.6078125 0.89375 0.071875 0.2125
2 0.2140625 0.38359375 0.0390625 0.1390625
5 0.278125 0.796875 0.03671875 0.203125
0 0.25390625 0.3828125 0.040625 0.1453125
4 0.53984375 0.88515625 0.06953125 0.2296875
3 0.3703125 0.8296875 0.04609375 0.215625
8 0.34140625 0.38359375 0.04609375 0.153125
3 0.47890625 0.86875 0.06015625 0.23046875
5 0.321875 0.8140625 0.05390625 0.20859375
7 0.1359375 0.54921875 0.03828125 0.14140625
1 0.17734375 0.55546875 0.0421875 0.14765625
16 0.01484375 0.703125 0.0296875 0.14765625
6 0.8265625 0.38203125 0.11484375 0.2234375
5 0.23828125 0.78359375 0.046875 0.1921875
16 0.09453125 0.73359375 0.0390625 0.16640625
16 0.134375 0.74296875 0.040625 0.1734375