11 0.69375 0.45625 0.0484375 0.1140625
11 0.603125 0.44921875 0.040625 0.1078125
11 0.64609375 0.45234375 0.0421875 0.1109375
11 0.515625 0.44453125 0.0390625 0.09921875
6 0.71484375 0.58671875 0.05 0.09609375
11 0.559375 0.446875 0.04296875 0.1046875
8 0.3921875 0.44375 0.021875 0.071875
12 0.75 0.46015625 0.05859375 0.11875
6 0.66640625 0.58046875 0.04296875 0.09296875
16 0.56484375 0.66875 0.034375 0.096875
6 0.78046875 0.5921875 0.07734375 0.10390625
8 0.4015625 0.534375 0.021875 0.0703125
6 0.62265625 0.56953125 0.0421875 0.09375
8 0.35390625 0.43984375 0.0171875 0.06953125
10 0.478125 0.546875 0.0234375 0.0765625
10 0.5046875 0.55234375 0.02734375 0.08125
10 0.4546875 0.44765625 0.02109375 0.07734375
10 0.4328125 0.44609375 0.02109375 0.07578125
6 0.57890625 0.5625 0.0421875 0.09140625
12 0.82421875 0.46484375 0.08125 0.121875
10 0.45078125 0.54375 0.025 0.07421875
10 0.53671875 0.55625 0.03515625 0.084375
16 0.4171875 0.63203125 0.01796875 0.08515625
10 0.4125 0.44453125 0.01796875 0.0734375
8 0.37890625 0.5296875 0.02109375 0.06953125
8 0.37265625 0.44140625 0.0171875 0.06953125
10 0.42578125 0.5390625 0.0234375 0.071875
10 0.48046875 0.44921875 0.02578125 0.0796875
8 0.334375 0.52265625 0.025 0.06640625
16 0.534375 0.6640625 0.025 0.09609375
16 0.43828125 0.6375 0.021875 0.08828125
8 0.3578125 0.5265625 0.01796875 0.06640625
8 0.334375 0.4390625 0.01953125 0.06640625
17 0.30390625 0.43984375 0.0234375 0.05390625
17 0.28203125 0.4375 0.01796875 0.053125
17 0.2640625 0.43359375 0.0171875 0.0546875
16 0.39765625 0.6265625 0.02109375 0.084375
16 0.509375 0.65546875 0.0234375 0.0953125
16 0.37578125 0.621875 0.02109375 0.08359375
16 0.46015625 0.64296875 0.02109375 0.09140625
17 0.19296875 0.42265625 0.01328125 0.05234375
18 0.20546875 0.42421875 0.01171875 0.053125
17 0.25 0.4296875 0.0140625 0.05703125
17 0.178125 0.42109375 0.01328125 0.05078125
0 0.15390625 0.48359375 0.015625 0.05078125
18 0.2203125 0.42578125 0.0140625 0.05625
16 0.48359375 0.65 0.025 0.09140625
18 0.23515625 0.428125 0.015625 0.053125
0 0.13984375 0.48046875 0.01328125 0.05
17 0.23828125 0.5828125 0.021875 0.071875
18 0.3125 0.60390625 0.02890625 0.07734375