10 0.340625 0.3046875 0.078125 0.165625
6 0.521875 0.70234375 0.0625 0.15234375
11 0.23984375 0.703125 0.07578125 0.17421875
11 0.38984375 0.703125 0.06796875 0.1625
8 0.3140625 0.51640625 0.05234375 0.14375
8 0.1953125 0.50703125 0.06171875 0.15390625
0 0.56015625 0.53984375 0.04453125 0.1234375
6 0.45703125 0.703125 0.06171875 0.1546875
11 0.315625 0.70234375 0.0734375 0.16875
2 0.68984375 0.375 0.04609375 0.13125
8 0.5421875 0.3453125 0.05625 0.146875
17 0.81953125 0.56484375 0.0328125 0.0953125
12 0.1484375 0.70546875 0.0953125 0.18125
10 0.41953125 0.52734375 0.05 0.13359375
10 0.41796875 0.31796875 0.06953125 0.16484375
5 0.70625 0.703125 0.040625 0.1390625
8 0.2578125 0.5125 0.0578125 0.14765625
0 0.60390625 0.54296875 0.0421875 0.12265625
0 0.81875 0.396875 0.03828125 0.1203125
8 0.3671875 0.521875 0.05078125 0.13984375
10 0.46875 0.53125 0.04453125 0.13125
8 0.1265625 0.50234375 0.0703125 0.1578125
10 0.64453125 0.36484375 0.04296875 0.134375
8 0.48359375 0.3359375 0.05859375 0.14765625
10 0.5140625 0.5359375 0.04296875 0.12734375
2 0.64609375 0.546875 0.03828125 0.1203125
10 0.596875 0.35625 0.05 0.14140625
5 0.78125 0.70234375 0.040625 0.13359375
5 0.74375 0.70234375 0.0328125 0.13515625
4 0.8171875 0.70234375 0.0296875 0.1296875
18 0.75859375 0.5625 0.0421875 0.1
8 0.16875 0.27265625 0.096875 0.178125
4 0.85 0.70234375 0.034375 0.128125
0 0.778125 0.39140625 0.0421875 0.12265625
8 0.259375 0.28984375 0.07734375 0.171875
2 0.68203125 0.5484375 0.03515625 0.1203125
3 0.665625 0.703125 0.0390625 0.14140625
2 0.734375 0.3828125 0.04296875 0.128125
1 0.9015625 0.409375 0.040625 0.1203125
17 0.87265625 0.5703125 0.04296875 0.09375
1 0.859375 0.40390625 0.040625 0.11875
18 0.79140625 0.56328125 0.01953125 0.096875
3 0.6265625 0.703125 0.034375 0.1453125