3 0.55390625 0.5671875 0.03671875 0.14609375
5 0.621875 0.5609375 0.0328125 0.1375
17 0.76640625 0.4203125 0.02890625 0.0921875
8 0.3671875 0.3984375 0.0484375 0.1453125
10 0.2140625 0.14296875 0.07421875 0.18203125
6 0.70390625 0.40078125 0.034375 0.13359375
16 0.5578125 0.7328125 0.03671875 0.134375
4 0.65625 0.55625 0.0328125 0.134375
8 0.425 0.18515625 0.0640625 0.15859375
12 0.2796875 0.59296875 0.0734375 0.178125
2 0.5078125 0.4046875 0.04296875 0.128125
11 0.34921875 0.58671875 0.05859375 0.1734375
12 0.19375 0.60078125 0.09140625 0.1859375
5 0.5890625 0.56328125 0.03125 0.14140625
8 0.35703125 0.171875 0.06640625 0.16796875
2 0.54140625 0.21015625 0.0484375 0.14375
1 0.5875 0.40625 0.03671875 0.12265625
11 0.41015625 0.58125 0.06015625 0.165625
10 0.2640625 0.39375 0.0546875 0.1546875
16 0.59375 0.72421875 0.034375 0.128125
10 0.1984375 0.39140625 0.06796875 0.16015625
8 0.4625 0.403125 0.04296875 0.13359375
10 0.28671875 0.1578125 0.065625 0.17421875
10 0.31796875 0.396875 0.046875 0.14765625
2 0.55 0.40625 0.03671875 0.12578125
3 0.51328125 0.57109375 0.0421875 0.15234375
0 0.62578125 0.40859375 0.03671875 0.1203125
18 0.8171875 0.4203125 0.02734375 0.08828125
8 0.4171875 0.40078125 0.04609375 0.13984375
17 0.76640625 0.25703125 0.03828125 0.11640625
17 0.8046875 0.2640625 0.034375 0.11171875
1 0.58984375 0.21953125 0.046875 0.13984375
6 0.665625 0.40078125 0.040625 0.134375
17 0.73671875 0.4203125 0.02890625 0.09296875
4 0.72109375 0.54921875 0.0328125 0.12578125
16 0.65859375 0.71015625 0.02890625 0.11953125
4 0.6890625 0.55234375 0.02890625 0.128125
16 0.5171875 0.74375 0.04296875 0.1421875
16 0.628125 0.7171875 0.03125 0.1265625
18 0.68671875 0.24140625 0.040625 0.12421875
16 0.75234375 0.546875 0.02734375 0.1203125
0 0.4875 0.2 0.0546875 0.15078125
18 0.7265625 0.25 0.03828125 0.11796875
3 0.465625 0.575 0.05 0.1578125
17 0.8375 0.26953125 0.0296875 0.1078125
18 0.7921875 0.4203125 0.02109375 0.08984375
16 0.7796875 0.54296875 0.025 0.115625
16 0.74609375 0.68984375 0.02890625 0.10625
16 0.80625 0.54140625 0.025 0.1140625
16 0.72109375 0.6953125 0.02109375 0.1125
16 0.6921875 0.70234375 0.034375 0.11796875
18 0.01796875 0.86796875 0.0359375 0.1921875
16 0.80078125 0.67734375 0.02578125 0.10703125