11 0.85390625 0.4328125 0.0640625 0.1390625
17 0.76953125 0.59765625 0.05625 0.09296875
18 0.6140625 0.56875 0.04296875 0.0859375
11 0.725 0.42421875 0.05859375 0.13125
4 0.5703125 0.68984375 0.0296875 0.11953125
11 0.78828125 0.42734375 0.06171875 0.1359375
10 0.625 0.421875 0.040625 0.1140625
8 0.5796875 0.41953125 0.04453125 0.11015625
3 0.35390625 0.6359375 0.0234375 0.09921875
17 0.83125 0.59921875 0.0625 0.11484375
0 0.290625 0.40078125 0.02578125 0.0859375
10 0.6703125 0.425 0.04609375 0.115625
4 0.540625 0.68359375 0.02734375 0.11484375
17 0.4953125 0.54765625 0.0296875 0.0796875
17 0.4625 0.54296875 0.0328125 0.078125
18 0.5703125 0.5609375 0.0390625 0.084375
4 0.453125 0.6609375 0.0296875 0.1078125
8 0.50078125 0.415625 0.034375 0.103125
17 0.53046875 0.553125 0.03671875 0.08125
4 0.5125 0.67421875 0.02578125 0.11015625
4 0.4828125 0.66796875 0.02890625 0.11015625
8 0.53828125 0.4171875 0.03671875 0.10703125
10 0.46875 0.41796875 0.02734375 0.09140625
3 0.3296875 0.63046875 0.021875 0.09609375
10 0.440625 0.41640625 0.025 0.0890625
2 0.2140625 0.39609375 0.02109375 0.08125
0 0.31640625 0.403125 0.0234375 0.0875
3 0.37734375 0.64296875 0.021875 0.10078125
8 0.4140625 0.4140625 0.0234375 0.0875
8 0.38984375 0.4125 0.021875 0.0859375
4 0.42578125 0.6546875 0.0234375 0.1046875
1 0.2375 0.39765625 0.0234375 0.08203125
3 0.40078125 0.64921875 0.0234375 0.103125
8 0.365625 0.41015625 0.021875 0.08515625
0 0.34140625 0.4046875 0.025 0.0890625
1 0.26328125 0.39921875 0.025 0.08359375
6 0.165625 0.390625 0.0328125 0.08359375
6 0.134375 0.38828125 0.02578125 0.08046875
5 0.26796875 0.615625 0.01953125 0.09296875
5 0.28671875 0.61953125 0.0171875 0.09296875
3 0.30625 0.62421875 0.0234375 0.0953125
24 0.334375 0.51796875 0.02734375 0.08046875
5 0.24765625 0.609375 0.01953125 0.0890625
2 0.19375 0.39375 0.02109375 0.08125
24 0.3640625 0.521875 0.0296875 0.08203125
24 0.278125 0.50859375 0.02578125 0.07734375
24 0.39609375 0.5265625 0.0296875 0.084375
24 0.30546875 0.5125 0.02734375 0.078125
5 0.22734375 0.6046875 0.02109375 0.0859375
24 0.42890625 0.53203125 0.03125 0.0875