7 0.28046875 0.446875 0.0734375 0.18046875
7 0.35390625 0.446875 0.06953125 0.17578125
7 0.2015625 0.45 0.08125 0.19140625
2 0.56171875 0.24453125 0.05234375 0.1546875
6 0.66328125 0.76796875 0.0484375 0.1234375
2 0.6109375 0.25078125 0.04296875 0.14921875
8 0.1953125 0.6765625 0.06640625 0.15078125
2 0.50625 0.2390625 0.05859375 0.15859375
5 0.25 0.86015625 0.06171875 0.15078125
17 0.53828125 0.46015625 0.05234375 0.1234375
17 0.8453125 0.43984375 0.04453125 0.12421875
0 0.6546875 0.2546875 0.04453125 0.14375
18 0.421875 0.46171875 0.06015625 0.13203125
2 0.44375 0.23359375 0.06171875 0.1625
17 0.79765625 0.440625 0.046875 0.12734375
8 0.6328125 0.615625 0.04609375 0.13515625
9 0.725 0.603125 0.040625 0.1296875
8 0.26171875 0.66875 0.05859375 0.15078125
18 0.88984375 0.43828125 0.040625 0.1203125
17 0.48203125 0.4609375 0.0546875 0.12734375
11 0.8703125 0.71953125 0.04296875 0.11015625
10 0.53125 0.63046875 0.05078125 0.14609375
8 0.3203125 0.66171875 0.05390625 0.14765625
8 0.84453125 0.58515625 0.03828125 0.12265625
4 0.36640625 0.83359375 0.05 0.14609375
17 0.7484375 0.44140625 0.046875 0.13359375
6 0.6125 0.78046875 0.046875 0.128125
10 0.58359375 0.62265625 0.046875 0.14140625
0 0.3734375 0.22578125 0.0734375 0.16875
17 0.59140625 0.45859375 0.05 0.11953125
10 0.478125 0.64296875 0.0484375 0.1375
17 0.6421875 0.45546875 0.0484375 0.11875
10 0.37421875 0.6546875 0.0484375 0.1421875
0 0.28984375 0.21875 0.08515625 0.17578125
1 0.196875 0.2078125 0.09296875 0.1859375
17 0.6953125 0.44375 0.05390625 0.1375
9 0.765625 0.59765625 0.03828125 0.12578125
4 0.41796875 0.82109375 0.05 0.1421875
10 0.4265625 0.64921875 0.05078125 0.1375
5 0.3109375 0.846875 0.0578125 0.14765625
0 0.70078125 0.25859375 0.04609375 0.1390625
5 0.184375 0.86875 0.065625 0.15625
9 0.80546875 0.59296875 0.03671875 0.1234375
8 0.6796875 0.60859375 0.04296875 0.13203125
8 0.8859375 0.58125 0.0421875 0.11953125
11 0.8296875 0.72578125 0.0328125 0.1109375
11 0.796875 0.7328125 0.0296875 0.1125
12 0.76015625 0.74375 0.03828125 0.11796875
3 0.46875 0.8109375 0.046875 0.13828125
12 0.71484375 0.75390625 0.0484375 0.1234375
3 0.5640625 0.79140625 0.04609375 0.13125