17 0.18203125 0.56171875 0.0796875 0.14140625
17 0.68359375 0.48515625 0.04609375 0.1265625
12 0.21875 0.27734375 0.09765625 0.2109375
12 0.315625 0.284375 0.08203125 0.1953125
11 0.46328125 0.29765625 0.06015625 0.171875
11 0.3953125 0.29140625 0.06953125 0.18125
17 0.53828125 0.49765625 0.05234375 0.14375
17 0.321875 0.54375 0.05859375 0.12421875
18 0.421875 0.5265625 0.046875 0.1125
17 0.6359375 0.4890625 0.04453125 0.13203125
8 0.521875 0.30625 0.0484375 0.15390625
17 0.58984375 0.49296875 0.04453125 0.13515625
16 0.18828125 0.7625 0.0703125 0.18203125
10 0.60703125 0.3125 0.03671875 0.14140625
17 0.2578125 0.553125 0.0640625 0.13359375
16 0.31171875 0.73125 0.0578125 0.16796875
18 0.375 0.53203125 0.0421875 0.1203125
8 0.7203125 0.321875 0.034375 0.1234375
8 0.68203125 0.31875 0.0390625 0.13046875
10 0.81796875 0.3296875 0.0296875 0.1078125
3 0.65390625 0.6453125 0.0328125 0.1234375
10 0.64375 0.31484375 0.034375 0.1375
8 0.56796875 0.31015625 0.0390625 0.146875
16 0.4234375 0.703125 0.046875 0.15859375
8 0.75390625 0.325 0.03125 0.11796875
18 0.48359375 0.515625 0.05078125 0.12421875
8 0.7859375 0.32734375 0.03125 0.1125
10 0.846875 0.33125 0.025 0.10390625
16 0.3703125 0.715625 0.05625 0.16640625
3 0.61875 0.653125 0.0328125 0.13046875
4 0.5484375 0.67109375 0.03828125 0.13828125
4 0.5859375 0.6609375 0.03125 0.13203125
18 0.7265625 0.48125 0.03828125 0.1234375