17 0.478125 0.6765625 0.0578125 0.1390625
18 0.2890625 0.61484375 0.05 0.13828125
6 0.7234375 0.48515625 0.09765625 0.20703125
18 0.425 0.66171875 0.04609375 0.13515625
18 0.2421875 0.603125 0.04296875 0.1296875
4 0.43359375 0.8609375 0.0546875 0.1765625
12 0.65859375 0.25390625 0.0796875 0.18359375
11 0.5078125 0.07734375 0.06796875 0.15390625
17 0.5390625 0.69296875 0.06171875 0.146875
17 0.68203125 0.7375 0.078125 0.146875
18 0.33671875 0.63515625 0.04296875 0.121875
11 0.58125 0.07109375 0.0734375 0.1421875
18 0.38046875 0.64765625 0.0421875 0.1265625
11 0.23359375 0.1203125 0.05234375 0.13828125
8 0.45078125 0.26328125 0.046875 0.13515625
10 0.32578125 0.27421875 0.040625 0.13515625
5 0.23203125 0.77578125 0.040625 0.14296875
2 0.309375 0.45078125 0.040625 0.1359375
0 0.43203125 0.478125 0.04296875 0.121875
17 0.6046875 0.71953125 0.06796875 0.1359375
4 0.3484375 0.82265625 0.05234375 0.16875
6 0.63125 0.4703125 0.078125 0.184375
11 0.28359375 0.1140625 0.04296875 0.1375
11 0.4453125 0.08203125 0.05625 0.15703125
8 0.2859375 0.27578125 0.040625 0.13046875
5 0.27421875 0.78671875 0.046875 0.146875
8 0.24609375 0.27578125 0.03828125 0.1296875
10 0.4046875 0.2703125 0.0421875 0.13828125
6 0.55625 0.4671875 0.06640625 0.17421875
2 0.0671875 0.4203125 0.03125 0.115625
2 0.35 0.45625 0.0390625 0.13828125
10 0.13984375 0.28125 0.034375 0.11875
2 0.09765625 0.42265625 0.02890625 0.11953125
8 0.50390625 0.26640625 0.05390625 0.146875
0 0.12734375 0.42734375 0.034375 0.12421875
11 0.75 0.25078125 0.0953125 0.1953125
18 0.203125 0.59296875 0.03515625 0.12578125
8 0.2078125 0.27734375 0.03828125 0.1265625
0 0.48203125 0.48125 0.0546875 0.128125
1 0.265625 0.44296875 0.04453125 0.1375
10 0.17265625 0.28125 0.03125 0.11875
3 0.1703125 0.7484375 0.0328125 0.1375
0 0.16171875 0.4296875 0.03515625 0.1296875
17 0.11796875 0.57109375 0.0421875 0.11953125
17 0.1625 0.58203125 0.046875 0.121875
10 0.365625 0.27421875 0.03671875 0.1359375
4 0.38984375 0.84140625 0.0421875 0.16796875
10 0.10859375 0.28359375 0.02734375 0.1140625
3 0.140625 0.7390625 0.02890625 0.134375
5 0.1984375 0.7609375 0.02890625 0.14140625
10 0.0734375 0.28515625 0.0421875 0.1125
17 0.08203125 0.5625 0.0296875 0.1125
0 0.19296875 0.4328125 0.0296875 0.13359375
11 0.1859375 0.1265625 0.0421875 0.14140625
4 0.3109375 0.81015625 0.03125 0.1578125
3 0.11328125 0.72578125 0.02734375 0.1265625
0 0.38984375 0.46484375 0.040625 0.13203125
1 0.225 0.4375 0.03671875 0.1359375
11 0.146875 0.1359375 0.0390625 0.13125
11 0.378125 0.08828125 0.07421875 0.16484375