17 0.475 0.146875 0.0625 0.13203125
5 0.40625 0.63984375 0.040625 0.13828125
3 0.15234375 0.67109375 0.0625 0.1578125
5 0.36171875 0.6453125 0.04296875 0.1421875
2 0.50859375 0.46796875 0.03828125 0.1140625
18 0.22734375 0.121875 0.0625 0.13046875
17 0.540625 0.15390625 0.06015625 0.13203125
3 0.31484375 0.65234375 0.046875 0.14609375
8 0.23515625 0.31640625 0.05234375 0.1375
18 0.7609375 0.1875 0.04609375 0.115625
6 0.24765625 0.475 0.06953125 0.13125
6 0.3140625 0.478125 0.05859375 0.11640625
17 0.6015625 0.16328125 0.0578125 0.12734375
10 0.434375 0.3234375 0.0421875 0.12578125
6 0.16796875 0.47734375 0.08359375 0.134375
2 0.465625 0.46953125 0.04609375 0.11484375
8 0.48203125 0.3203125 0.05078125 0.13359375
18 0.2921875 0.13125 0.05859375 0.1265625
10 0.70625 0.328125 0.03671875 0.115625
0 0.41875 0.47109375 0.04453125 0.11796875
10 0.340625 0.321875 0.0484375 0.1296875
0 0.55 0.4640625 0.04453125 0.1125
0 0.63671875 0.4609375 0.03828125 0.10859375
0 0.59453125 0.4625 0.0421875 0.1125
10 0.81484375 0.33125 0.03515625 0.10703125
8 0.2890625 0.31875 0.05078125 0.13203125
1 0.7921875 0.45390625 0.03671875 0.1
8 0.534375 0.321875 0.0484375 0.13046875
8 0.625 0.325 0.0421875 0.12265625
3 0.26484375 0.65859375 0.0484375 0.15
10 0.77890625 0.33125 0.0328125 0.10859375
8 0.665625 0.32578125 0.0390625 0.11875
8 0.17421875 0.3140625 0.0640625 0.14140625
10 0.74375 0.33046875 0.03515625 0.11015625
10 0.38984375 0.32265625 0.04453125 0.12734375
2 0.67578125 0.4625 0.03671875 0.09765625
5 0.4484375 0.63359375 0.040625 0.1375
8 0.58046875 0.3234375 0.04296875 0.1265625
18 0.80703125 0.19296875 0.0421875 0.11484375
2 0.715625 0.4640625 0.0390625 0.09140625
1 0.7546875 0.45703125 0.03515625 0.09921875
17 0.16015625 0.11171875 0.065625 0.134375
0 0.3703125 0.475 0.05 0.11484375
3 0.2125 0.66484375 0.05234375 0.15625
17 0.4140625 0.14765625 0.05390625 0.11796875
21 0.3546875 0.13984375 0.0578125 0.11953125