11 0.41015625 0.4734375 0.05390625 0.12578125
5 0.421875 0.65703125 0.04296875 0.1765625
11 0.46796875 0.4734375 0.05859375 0.13125
8 0.64765625 0.7046875 0.0703125 0.18828125
8 0.72265625 0.71875 0.071875 0.19921875
17 0.2734375 0.328125 0.04453125 0.13046875
17 0.81484375 0.284375 0.0859375 0.14765625
6 0.3171875 0.471875 0.05234375 0.115625
17 0.73203125 0.29375 0.071875 0.1390625
10 0.625 0.478125 0.0546875 0.1359375
8 0.6859375 0.4796875 0.06171875 0.14140625
10 0.56953125 0.478125 0.05078125 0.13203125
10 0.578125 0.69375 0.0625 0.1796875
6 0.2640625 0.4734375 0.0484375 0.10703125
17 0.378125 0.30859375 0.05234375 0.15390625
2 0.10859375 0.471875 0.02734375 0.09140625
8 0.75078125 0.4796875 0.06171875 0.14921875
8 0.80234375 0.73203125 0.08125 0.2125
4 0.3796875 0.65234375 0.0390625 0.16875
8 0.82265625 0.47890625 0.07578125 0.15859375
10 0.52109375 0.47578125 0.0421875 0.1296875
10 0.5171875 0.68046875 0.05234375 0.1796875
2 0.134375 0.47265625 0.0234375 0.09296875
18 0.32265625 0.321875 0.05390625 0.1359375
18 0.6578125 0.29375 0.0703125 0.15234375
1 0.21796875 0.63359375 0.0328125 0.13046875
0 0.2546875 0.63984375 0.0390625 0.1390625
3 0.34140625 0.6453125 0.0390625 0.1609375
5 0.4671875 0.665625 0.046875 0.18359375
2 0.153125 0.62265625 0.0234375 0.12265625
17 0.228125 0.33359375 0.04296875 0.12734375
18 0.5875 0.29921875 0.0640625 0.14921875
0 0.1875 0.4734375 0.02890625 0.096875
0 0.29765625 0.646875 0.04453125 0.14296875
2 0.128125 0.61796875 0.025 0.11953125
1 0.1828125 0.628125 0.03671875 0.13046875
0 0.2203125 0.47421875 0.03515625 0.09921875
17 0.440625 0.29765625 0.0703125 0.171875
2 0.159375 0.4734375 0.025 0.0953125
18 0.51640625 0.28984375 0.07421875 0.18203125
12 0.3625 0.47265625 0.03828125 0.11875
1 0.384375 0.13671875 0.034375 0.10234375