8 0.33046875 0.328125 0.06171875 0.1546875
2 0.62890625 0.28359375 0.02890625 0.11953125
5 0.61328125 0.42734375 0.03671875 0.11015625
3 0.57890625 0.4375 0.0296875 0.10859375
8 0.38984375 0.31796875 0.05625 0.15078125
8 0.490625 0.30859375 0.040625 0.1296875
12 0.19140625 0.346875 0.0640625 0.16796875
11 0.2625 0.3390625 0.0703125 0.16171875
3 0.54609375 0.44609375 0.03671875 0.1125
2 0.69375 0.26953125 0.03515625 0.1203125
2 0.659375 0.278125 0.03125 0.11640625
10 0.53046875 0.30234375 0.03515625 0.12421875
10 0.44453125 0.31015625 0.05 0.14375
0 0.7328125 0.26171875 0.0390625 0.11640625
10 0.56484375 0.29609375 0.0296875 0.121875
0 0.596875 0.28984375 0.0328125 0.11953125
3 0.509375 0.45390625 0.03671875 0.11484375
16 0.72890625 0.396875 0.02890625 0.10234375
17 0.315625 0.52109375 0.05078125 0.10625
17 0.41796875 0.503125 0.05234375 0.07421875
16 0.6984375 0.403125 0.0296875 0.10234375
5 0.64609375 0.4203125 0.02734375 0.10390625