17 0.44140625 0.6109375 0.05390625 0.1265625
2 0.6578125 0.475 0.06015625 0.13515625
2 0.603125 0.47109375 0.0484375 0.128125
18 0.73046875 0.68046875 0.06171875 0.12421875
6 0.61875 0.8203125 0.0546875 0.13984375
6 0.68046875 0.834375 0.06640625 0.146875
11 0.47109375 0.778125 0.0421875 0.13203125
10 0.284375 0.27421875 0.0390625 0.1125
2 0.45625 0.446875 0.05078125 0.134375
8 0.60625 0.2796875 0.0578125 0.1359375
10 0.54765625 0.278125 0.05390625 0.13203125
17 0.23515625 0.56875 0.05390625 0.1078125
8 0.39609375 0.278125 0.0390625 0.11875
11 0.425 0.7625 0.046875 0.13046875
5 0.41796875 0.9234375 0.040625 0.13125
1 0.27578125 0.42421875 0.0390625 0.12421875
8 0.321875 0.2765625 0.034375 0.1140625
0 0.55625 0.4671875 0.04609375 0.1234375
18 0.66953125 0.67109375 0.0546875 0.11640625
17 0.6140625 0.6578125 0.05078125 0.11640625
3 0.49765625 0.94453125 0.05 0.1109375
10 0.44140625 0.278125 0.0484375 0.12265625
10 0.49296875 0.278125 0.05078125 0.128125
0 0.36171875 0.43515625 0.04453125 0.1296875
2 0.50703125 0.45625 0.05 0.13203125
0 0.31796875 0.43125 0.04296875 0.12578125
18 0.55625 0.63515625 0.05859375 0.134375
0 0.4078125 0.43828125 0.04609375 0.1375
18 0.49765625 0.621875 0.05390625 0.13203125
8 0.3578125 0.27734375 0.03515625 0.11640625
11 0.51484375 0.78828125 0.04453125 0.13515625
17 0.28828125 0.578125 0.05 0.115625
11 0.33984375 0.7390625 0.0421875 0.121875
1 0.23671875 0.42109375 0.03828125 0.1203125
5 0.45625 0.9375 0.03828125 0.12421875
12 0.26171875 0.71640625 0.03828125 0.11953125
16 0.34453125 0.8953125 0.03671875 0.12734375
11 0.38125 0.74921875 0.03828125 0.12578125
6 0.5640625 0.80625 0.05234375 0.134375
16 0.31015625 0.8859375 0.034375 0.115625
12 0.221875 0.70625 0.03671875 0.1140625
16 0.3796875 0.91015625 0.03828125 0.12734375
18 0.59453125 0.96875 0.0640625 0.0625
8 0.6625 0.28125 0.05390625 0.1375
12 0.3 0.72578125 0.03671875 0.11796875
16 0.24453125 0.8609375 0.040625 0.11171875