11 0.3984375 0.796875 0.05390625 0.13125
16 0.465625 0.9390625 0.04296875 0.121875
3 0.59609375 0.92109375 0.0421875 0.1265625
6 0.64765625 0.7609375 0.04453125 0.11796875
11 0.50625 0.78203125 0.046875 0.1265625
17 0.50703125 0.6234375 0.06171875 0.1296875
8 0.65625 0.28203125 0.0484375 0.128125
6 0.73515625 0.74765625 0.04296875 0.115625
11 0.55625 0.77421875 0.0484375 0.1234375
12 0.2859375 0.8125 0.0625 0.1390625
8 0.315625 0.25859375 0.0546875 0.14609375
8 0.428125 0.26796875 0.05390625 0.1390625
11 0.45390625 0.7890625 0.05234375 0.12734375
2 0.52265625 0.4546875 0.05234375 0.13984375
10 0.603125 0.278125 0.05234375 0.13203125
0 0.4015625 0.45390625 0.06015625 0.14609375
18 0.7703125 0.61484375 0.03828125 0.09609375
2 0.66796875 0.46171875 0.0390625 0.11484375
8 0.37265625 0.2640625 0.05390625 0.14140625
0 0.4640625 0.45390625 0.05859375 0.14375
5 0.55234375 0.92734375 0.040625 0.1265625
16 0.321875 0.9546875 0.0484375 0.0890625
10 0.48671875 0.271875 0.05859375 0.1359375
8 0.7078125 0.28671875 0.05 0.12578125
1 0.2703125 0.4546875 0.0640625 0.1546875
10 0.54609375 0.27578125 0.0546875 0.13359375
6 0.6921875 0.7546875 0.0421875 0.115625
2 0.5765625 0.4546875 0.05078125 0.1375
12 0.21484375 0.82109375 0.0703125 0.14140625
0 0.33671875 0.453125 0.0640625 0.15
11 0.603125 0.76796875 0.0421875 0.1203125
17 0.68125 0.6203125 0.04296875 0.10078125
16 0.2703125 0.95625 0.05390625 0.0875
16 0.371875 0.953125 0.0484375 0.0921875
17 0.29453125 0.63828125 0.08203125 0.1390625
18 0.7265625 0.61875 0.04296875 0.096875
18 0.5703125 0.61953125 0.0578125 0.12578125
16 0.42109375 0.94609375 0.04609375 0.1078125
5 0.51015625 0.9359375 0.0421875 0.1265625
0 0.625 0.45703125 0.04296875 0.1265625
2 0.71015625 0.4609375 0.04296875 0.1125
16 0.21015625 0.959375 0.0578125 0.08125
12 0.34375 0.80390625 0.05 0.13203125
8 0.753125 0.28984375 0.03671875 0.1203125
17 0.2015625 0.64140625 0.09375 0.153125
18 0.6296875 0.61640625 0.0546875 0.1203125
18 0.9890625 0.58359375 0.021875 0.10390625
10 0.26171875 0.25703125 0.0484375 0.14375