8 0.53359375 0.253125 0.05078125 0.1453125
11 0.30859375 0.2359375 0.05390625 0.14921875
10 0.58984375 0.24609375 0.05859375 0.1640625
4 0.753125 0.709375 0.0734375 0.16796875
8 0.65390625 0.246875 0.065625 0.16953125
8 0.4828125 0.25234375 0.0484375 0.13828125
17 0.6921875 0.8953125 0.09296875 0.14921875
8 0.72421875 0.246875 0.071875 0.1765625
3 0.48671875 0.63671875 0.05078125 0.15078125
17 0.27109375 0.72578125 0.05390625 0.10625
18 0.46171875 0.80859375 0.04609375 0.12421875
3 0.53671875 0.64921875 0.05 0.15703125
18 0.51171875 0.83515625 0.05390625 0.13828125
10 0.40078125 0.25 0.0390625 0.13125
5 0.58671875 0.6625 0.05 0.1625
5 0.63828125 0.675 0.0546875 0.16640625
18 0.4109375 0.790625 0.05390625 0.12578125
11 0.3578125 0.2375 0.04296875 0.15078125
4 0.69140625 0.69296875 0.0546875 0.1640625
17 0.08984375 0.6546875 0.03671875 0.0859375
17 0.13125 0.6703125 0.04453125 0.0890625
12 0.23828125 0.23359375 0.0796875 0.1453125
18 0.1390625 0.56015625 0.03828125 0.08828125
10 0.43984375 0.2515625 0.0390625 0.134375
2 0.26796875 0.59140625 0.0328125 0.11015625
18 0.175 0.56875 0.0328125 0.0921875
2 0.3046875 0.6 0.0390625 0.11171875
17 0.22578125 0.7125 0.0328125 0.103125
2 0.23515625 0.584375 0.0328125 0.1078125
0 0.80859375 0.2453125 0.09375 0.18515625
0 0.20625 0.57734375 0.02578125 0.10234375
17 0.18671875 0.6984375 0.04453125 0.10234375
17 0.046875 0.64140625 0.04296875 0.08828125