5 0.35234375 0.74140625 0.0484375 0.19921875
11 0.7078125 0.309375 0.10234375 0.21640625
17 0.31015625 0.51015625 0.0546875 0.1546875
8 0.521875 0.3203125 0.06953125 0.1765625
18 0.80859375 0.609375 0.08203125 0.19765625
17 0.36484375 0.51796875 0.05234375 0.1625
18 0.721875 0.59375 0.08125 0.18125
17 0.55859375 0.578125 0.06171875 0.1390625
18 0.4265625 0.52734375 0.06640625 0.1734375
8 0.321875 0.32578125 0.03828125 0.14921875
4 0.61015625 0.83359375 0.065625 0.23125
10 0.45546875 0.3203125 0.05859375 0.1703125
4 0.5484375 0.81484375 0.06796875 0.2296875
17 0.634375 0.58984375 0.08203125 0.15078125
3 0.39609375 0.75703125 0.040625 0.20234375
8 0.36171875 0.3234375 0.040625 0.15625
10 0.40390625 0.3234375 0.0421875 0.1609375
3 0.440625 0.77265625 0.05390625 0.21171875
7 0.1859375 0.49140625 0.0328125 0.13515625
0 0.2609375 0.50234375 0.0421875 0.146875
2 0.24765625 0.328125 0.034375 0.13828125
3 0.4921875 0.79296875 0.05234375 0.215625
5 0.3140625 0.725 0.0296875 0.1859375
2 0.2140625 0.33046875 0.03125 0.1296875
16 0.0828125 0.64140625 0.03828125 0.1390625
5 0.278125 0.7125 0.0421875 0.178125
0 0.28359375 0.32734375 0.03515625 0.14296875
6 0.8125 0.30625 0.09765625 0.2296875
1 0.2203125 0.4953125 0.03671875 0.14296875
16 0.23828125 0.69921875 0.0390625 0.1734375
16 0.1890625 0.675 0.03515625 0.15859375
11 0.60625 0.3140625 0.08515625 0.19921875
16 0.15390625 0.6640625 0.034375 0.153125