3 0.23046875 0.85625 0.05625 0.13515625
5 0.540625 0.77734375 0.03671875 0.1140625
5 0.578125 0.7671875 0.03671875 0.11171875
5 0.615625 0.75859375 0.03671875 0.10859375
10 0.32265625 0.3125 0.06171875 0.15
3 0.4625 0.79765625 0.04453125 0.11953125
10 0.184375 0.3125 0.07578125 0.16015625
3 0.37890625 0.81875 0.04453125 0.1265625
2 0.69765625 0.47265625 0.0328125 0.1046875
3 0.284375 0.84375 0.0484375 0.13046875
3 0.3328125 0.83125 0.046875 0.1265625
8 0.5546875 0.4859375 0.0390625 0.11171875
17 0.8 0.5890625 0.04296875 0.10234375
18 0.48359375 0.653125 0.04296875 0.09921875
8 0.59296875 0.48203125 0.03515625 0.1109375
8 0.49609375 0.3140625 0.05078125 0.1390625
17 0.825 0.7046875 0.05859375 0.09765625
4 0.72109375 0.7328125 0.0328125 0.103125
0 0.6375 0.315625 0.04609375 0.128125
10 0.38359375 0.31328125 0.0578125 0.14609375
4 0.65 0.74921875 0.03125 0.10625
17 0.375 0.66640625 0.05078125 0.10390625
17 0.84296875 0.584375 0.0390625 0.09765625
17 0.21875 0.70078125 0.05859375 0.11953125
11 0.37265625 0.4890625 0.05234375 0.146875
10 0.42578125 0.4953125 0.0484375 0.11953125
2 0.68046875 0.31640625 0.0390625 0.12421875
2 0.803125 0.31640625 0.03515625 0.115625
10 0.4421875 0.3140625 0.0546875 0.14296875
10 0.25703125 0.3125 0.065625 0.15625
11 0.321875 0.49375 0.04453125 0.153125
2 0.72421875 0.31640625 0.04453125 0.12265625
6 0.79765625 0.4546875 0.03828125 0.11484375
8 0.54609375 0.31484375 0.046875 0.13515625
8 0.5921875 0.31640625 0.0421875 0.1296875
2 0.765625 0.315625 0.03828125 0.11796875
6 0.84296875 0.45078125 0.0484375 0.1125
3 0.42109375 0.8078125 0.03828125 0.11953125
0 0.66328125 0.47578125 0.0328125 0.10703125
10 0.5140625 0.4890625 0.040625 0.11484375
5 0.50390625 0.78828125 0.03515625 0.115625
17 0.27734375 0.690625 0.05234375 0.1140625
18 0.43359375 0.6609375 0.05390625 0.10390625
4 0.6859375 0.740625 0.03515625 0.10625
1 0.871875 0.31796875 0.03515625 0.10859375
17 0.32578125 0.67421875 0.04453125 0.10859375
1 0.83828125 0.31640625 0.03125 0.11171875
17 0.76015625 0.596875 0.0328125 0.1046875
0 0.62890625 0.478125 0.03515625 0.10859375
10 0.471875 0.49140625 0.040625 0.11875
17 0.765625 0.71875 0.05390625 0.096875
2 0.72734375 0.46875 0.02578125 0.1046875
6 0.75859375 0.45859375 0.03515625 0.11875
12 0.26953125 0.50234375 0.05625 0.15703125
18 0.725 0.6046875 0.03828125 0.10703125
12 0.98984375 0.43671875 0.01953125 0.1
18 0.68203125 0.61015625 0.04453125 0.1078125
12 0.96171875 0.43984375 0.0328125 0.10078125
18 0.9890625 0.55703125 0.021875 0.0828125
19 0.15859375 0.71640625 0.0578125 0.1109375
10 0.02109375 0.46171875 0.0421875 0.0703125