4 0.565625 0.7421875 0.04453125 0.115625
8 0.425 0.44296875 0.03515625 0.10390625
18 0.3671875 0.58125 0.03125 0.08828125
17 0.6953125 0.765625 0.08359375 0.12578125
17 0.67109375 0.61171875 0.065625 0.12578125
4 0.61796875 0.75234375 0.05859375 0.11796875
2 0.6140625 0.27578125 0.0546875 0.13828125
10 0.25625 0.2890625 0.03515625 0.11171875
17 0.7421875 0.621875 0.06640625 0.13046875
2 0.58203125 0.44921875 0.0421875 0.115625
2 0.7328125 0.2703125 0.0625 0.14609375
18 0.609375 0.60546875 0.05234375 0.1234375
17 0.79296875 0.7875 0.09140625 0.13515625
17 0.81328125 0.63125 0.0703125 0.13515625
6 0.828125 0.44765625 0.07421875 0.15625
2 0.67109375 0.27265625 0.0578125 0.1421875
8 0.37421875 0.28515625 0.040625 0.11953125
11 0.2515625 0.425 0.0328125 0.1140625
5 0.41484375 0.71171875 0.034375 0.1078125
18 0.3328125 0.57578125 0.03515625 0.08515625
10 0.29375 0.28828125 0.03671875 0.1125
10 0.3328125 0.28671875 0.0390625 0.11640625
8 0.41875 0.28359375 0.04609375 0.12265625
1 0.79765625 0.26796875 0.0640625 0.14921875
2 0.62578125 0.45234375 0.04453125 0.11796875
4 0.525 0.73359375 0.03515625 0.1125
5 0.48671875 0.72578125 0.03828125 0.11171875
6 0.67890625 0.44296875 0.0578125 0.14375
2 0.5625 0.278125 0.04453125 0.134375
8 0.465625 0.2828125 0.04453125 0.1265625
10 0.1859375 0.29140625 0.034375 0.1078125
6 0.7484375 0.4453125 0.07578125 0.15
0 0.5140625 0.28046875 0.0484375 0.1296875
5 0.45 0.71796875 0.034375 0.11015625
17 0.27421875 0.56484375 0.034375 0.0796875
11 0.28984375 0.42578125 0.04296875 0.11484375
10 0.35703125 0.43828125 0.03125 0.1
0 0.53984375 0.4484375 0.0390625 0.11171875
8 0.46171875 0.44453125 0.03671875 0.10703125
17 0.196875 0.56015625 0.03125 0.07734375
10 0.38984375 0.440625 0.0328125 0.10234375
12 0.2078125 0.42421875 0.05078125 0.11171875
0 0.5 0.446875 0.03828125 0.10859375
18 0.5578125 0.59765625 0.04453125 0.11875
1 0.865625 0.26484375 0.065625 0.15234375
10 0.2203125 0.290625 0.0328125 0.10859375
17 0.23359375 0.5625 0.040625 0.0796875
17 0.303125 0.56953125 0.0234375 0.08046875
3 0.28828125 0.68515625 0.0328125 0.09921875
5 0.38125 0.7046875 0.0328125 0.10703125
3 0.31796875 0.69140625 0.0234375 0.10234375
3 0.1984375 0.66875 0.02890625 0.096875
3 0.25703125 0.67890625 0.02734375 0.096875
10 0.97421875 0.6578125 0.05078125 0.13828125
10 0.32578125 0.43359375 0.02734375 0.10390625
3 0.228125 0.67265625 0.02734375 0.09609375
3 0.346875 0.69765625 0.034375 0.10390625
12 0.98515625 0.45703125 0.0296875 0.16796875
12 0.91796875 0.45234375 0.0890625 0.16640625