5 0.5578125 0.59765625 0.034375 0.146875
11 0.29765625 0.625 0.065625 0.18125
12 0.221875 0.63203125 0.0796875 0.18984375
11 0.36484375 0.61875 0.065625 0.17421875
12 0.1296875 0.64296875 0.09375 0.20078125
10 0.2109375 0.4203125 0.05859375 0.16484375
8 0.378125 0.42578125 0.0484375 0.15
10 0.16171875 0.15078125 0.08203125 0.196875
8 0.3203125 0.18359375 0.0734375 0.17734375
17 0.7515625 0.27890625 0.0390625 0.11953125
10 0.24296875 0.16796875 0.071875 0.1859375
10 0.2703125 0.42265625 0.05234375 0.15859375
2 0.5203125 0.43203125 0.0390625 0.13359375
10 0.1359375 0.4171875 0.08203125 0.17265625
18 0.7984375 0.44765625 0.02734375 0.09140625
2 0.51640625 0.2265625 0.05078125 0.1546875
8 0.39296875 0.196875 0.065625 0.171875
8 0.42734375 0.4296875 0.046875 0.1421875
8 0.325 0.42265625 0.05390625 0.15625
5 0.5921875 0.59375 0.03515625 0.14609375
1 0.56015625 0.43359375 0.0390625 0.1296875
2 0.4765625 0.43046875 0.046875 0.13828125
16 0.47421875 0.78671875 0.04609375 0.15
17 0.715625 0.446875 0.03125 0.096875
16 0.5578125 0.765625 0.03515625 0.13515625
17 0.74765625 0.446875 0.0296875 0.0953125
16 0.51875 0.77578125 0.040625 0.13984375
17 0.790625 0.28671875 0.03515625 0.11484375
4 0.6625 0.5859375 0.02890625 0.13359375
0 0.6 0.43359375 0.0390625 0.1265625
3 0.51953125 0.6015625 0.0390625 0.15390625
6 0.68203125 0.4265625 0.034375 0.13984375
4 0.6953125 0.5828125 0.03515625 0.128125
1 0.56796875 0.2359375 0.0484375 0.15
6 0.6421875 0.425 0.0421875 0.14140625
4 0.6296875 0.5890625 0.03515625 0.1390625
16 0.59375 0.75625 0.034375 0.13046875
0 0.46015625 0.2140625 0.05859375 0.16015625
16 0.62734375 0.746875 0.0296875 0.1234375
3 0.4765625 0.60625 0.04296875 0.16015625
18 0.77421875 0.44765625 0.02109375 0.09140625
17 0.82421875 0.2921875 0.0296875 0.1125
16 0.71796875 0.72578125 0.02734375 0.11171875
16 0.72890625 0.578125 0.02890625 0.12578125
16 0.784375 0.57109375 0.02734375 0.11953125
16 0.75703125 0.57421875 0.02734375 0.12265625
16 0.746875 0.7203125 0.02734375 0.10859375
1 0.02109375 0.909375 0.0421875 0.16796875
18 0.6703125 0.2609375 0.04296875 0.13125
16 0.66171875 0.740625 0.03515625 0.121875
16 0.68984375 0.7328125 0.021875 0.11484375
18 0.71171875 0.27109375 0.0390625 0.12578125