17 0.30546875 0.94453125 0.0734375 0.1109375
12 0.328125 0.21171875 0.09140625 0.2375
0 0.296875 0.76796875 0.06796875 0.1734375
10 0.578125 0.25625 0.040625 0.15078125
18 0.12890625 0.83515625 0.078125 0.171875
11 0.4125 0.22265625 0.071875 0.215625
5 0.73515625 0.61484375 0.02734375 0.13203125
8 0.66328125 0.26015625 0.03671875 0.1421875
18 0.5828125 0.84453125 0.05859375 0.12734375
5 0.70625 0.62421875 0.0296875 0.13828125
18 0.03984375 0.85078125 0.0796875 0.1734375
17 0.21953125 0.96171875 0.0921875 0.0765625
2 0.41328125 0.734375 0.046875 0.1640625
12 0.23046875 0.2109375 0.096875 0.24140625
17 0.3796875 0.93359375 0.06640625 0.13125
11 0.478125 0.23125 0.06171875 0.2
8 0.77734375 0.2625 0.03671875 0.1359375
18 0.21015625 0.8046875 0.078125 0.16171875
18 0.63203125 0.8234375 0.0390625 0.11953125
10 0.70078125 0.25859375 0.03515625 0.1453125
3 0.63203125 0.64609375 0.04609375 0.146875
8 0.621875 0.25859375 0.04453125 0.14609375
2 0.3609375 0.7515625 0.05625 0.16796875
8 0.73828125 0.26015625 0.0390625 0.1421875
10 0.5375 0.2546875 0.0390625 0.153125
18 0.6796875 0.8046875 0.05078125 0.12265625
3 0.6734375 0.634375 0.034375 0.14296875
17 0.45234375 0.875 0.04609375 0.078125
0 0.8140625 0.2640625 0.03515625 0.13203125
4 0.76328125 0.60625 0.02578125 0.1265625
4 0.7921875 0.59921875 0.03125 0.12421875
2 0.46015625 0.71875 0.04453125 0.1546875
17 0.13203125 0.98046875 0.0703125 0.0390625
4 0.8234375 0.59296875 0.02734375 0.11640625
17 0.78125 0.753125 0.034375 0.1078125