8 0.596875 0.396875 0.05859375 0.13984375
6 0.15234375 0.5125 0.046875 0.103125
3 0.1640625 0.66640625 0.034375 0.12578125
0 0.45 0.54375 0.05 0.1203125
17 0.45234375 0.22578125 0.0640625 0.128125
10 0.86328125 0.403125 0.07578125 0.1578125
17 0.52578125 0.22265625 0.07421875 0.13359375
5 0.31015625 0.69375 0.03671875 0.13828125
3 0.1984375 0.6734375 0.034375 0.1296875
10 0.6578125 0.39765625 0.05859375 0.14375
8 0.4828125 0.39375 0.05078125 0.13515625
0 0.32109375 0.53125 0.040625 0.1125
1 0.7515625 0.57265625 0.06796875 0.1421875
8 0.53828125 0.3953125 0.0546875 0.13828125
0 0.55859375 0.55859375 0.0578125 0.1203125
17 0.38828125 0.228125 0.05859375 0.1265625
18 0.7484375 0.2125 0.07421875 0.14921875
1 0.8265625 0.5796875 0.07578125 0.14765625
3 0.1296875 0.66171875 0.034375 0.1234375
0 0.28203125 0.52734375 0.03515625 0.11015625
8 0.19140625 0.39140625 0.0328125 0.1046875
10 0.2625 0.39296875 0.034375 0.11015625
10 0.721875 0.39921875 0.0640625 0.14921875
2 0.36171875 0.53515625 0.03828125 0.115625
18 0.23984375 0.2453125 0.04296875 0.09609375
0 0.50234375 0.54765625 0.05234375 0.12421875
8 0.38203125 0.3921875 0.046875 0.128125
10 0.33828125 0.3953125 0.03828125 0.11484375
10 0.78984375 0.4015625 0.06640625 0.153125
3 0.23515625 0.67890625 0.03828125 0.13203125
8 0.15625 0.3890625 0.03515625 0.1046875
8 0.22578125 0.39296875 0.03515625 0.10703125
6 0.23984375 0.52265625 0.04609375 0.10703125
5 0.2734375 0.6875 0.03515625 0.13203125
18 0.83359375 0.20859375 0.0890625 0.1546875
8 0.43125 0.39375 0.0484375 0.13046875
2 0.68203125 0.56875 0.065625 0.13359375
5 0.34921875 0.69921875 0.0390625 0.13984375
18 0.19765625 0.24609375 0.03828125 0.09375
10 0.29921875 0.39296875 0.03671875 0.1125
2 0.61796875 0.571875 0.05625 0.1078125
2 0.40234375 0.5390625 0.0421875 0.115625
17 0.15859375 0.2453125 0.03828125 0.09609375
6 0.19609375 0.51875 0.03671875 0.103125
21 0.33203125 0.24296875 0.046875 0.1
12 0.01015625 0.509375 0.01953125 0.11796875
19 0.2859375 0.24375 0.04296875 0.09765625