4 0.29765625 0.63515625 0.04375 0.2296875
3 0.14765625 0.659375 0.05703125 0.25078125
2 0.18359375 0.1546875 0.04765625 0.20625
11 0.6125 0.20390625 0.03515625 0.16484375
2 0.20390625 0.396875 0.05859375 0.2
11 0.6515625 0.20625 0.0390625 0.16328125
2 0.1421875 0.3953125 0.0609375 0.21015625
2 0.23203125 0.16171875 0.0453125 0.1984375
17 0.434375 0.64453125 0.03984375 0.15390625
0 0.36484375 0.396875 0.04765625 0.175
18 0.475 0.6375 0.0375 0.14765625
2 0.27890625 0.16796875 0.04375 0.19375
12 0.6484375 0.38984375 0.03125 0.14609375
2 0.13046875 0.14609375 0.05625 0.2171875
18 0.5953125 0.6140625 0.0359375 0.13984375
0 0.4109375 0.396875 0.04140625 0.17109375
8 0.44296875 0.18984375 0.03515625 0.17109375
11 0.690625 0.21015625 0.03515625 0.1578125
18 0.5140625 0.6296875 0.0375 0.1453125
12 0.721875 0.38515625 0.03515625 0.1453125
8 0.47890625 0.19453125 0.034375 0.1671875
5 0.2515625 0.6421875 0.0453125 0.23828125
2 0.32265625 0.17265625 0.04140625 0.18984375
10 0.57734375 0.39375 0.0359375 0.14921875
5 0.203125 0.6515625 0.05 0.24453125
1 0.26171875 0.3984375 0.05234375 0.18671875
0 0.40625 0.1859375 0.0375 0.178125
8 0.50234375 0.3953125 0.03828125 0.159375
1 0.31484375 0.39765625 0.05 0.18046875
17 0.38984375 0.65234375 0.04375 0.15703125
4 0.34296875 0.63046875 0.0453125 0.225
10 0.546875 0.2015625 0.03203125 0.16171875
8 0.53984375 0.39453125 0.03515625 0.15546875
10 0.61484375 0.39296875 0.034375 0.1453125
10 0.57890625 0.2046875 0.03046875 0.159375
8 0.4578125 0.39609375 0.04921875 0.16171875
0 0.36484375 0.1796875 0.04140625 0.184375
12 0.68359375 0.3875 0.0375 0.14609375
10 0.5140625 0.1984375 0.03203125 0.165625
18 0.5546875 0.61640625 0.03984375 0.15703125
17 0.7234375 0.5765625 0.028125 0.15
18 0.81875 0.54140625 0.01953125 0.1109375
17 0.696875 0.58203125 0.02265625 0.15390625
18 0.79140625 0.54375 0.021875 0.11484375