8 0.5671875 0.5390625 0.0578125 0.16640625
8 0.51171875 0.52890625 0.05078125 0.15859375
10 0.55859375 0.7578125 0.065625 0.16796875
17 0.20390625 0.31484375 0.03671875 0.11484375
17 0.24453125 0.3171875 0.0421875 0.11640625
18 0.31015625 0.4859375 0.05078125 0.14765625
10 0.49453125 0.7578125 0.0546875 0.11875
18 0.36171875 0.496875 0.05078125 0.15625
8 0.38203125 0.69609375 0.05 0.15703125
8 0.6296875 0.54921875 0.065625 0.1734375
17 0.25859375 0.478125 0.0484375 0.14140625
10 0.63203125 0.775 0.07421875 0.18515625
17 0.16640625 0.4609375 0.04453125 0.1296875
8 0.41328125 0.51015625 0.0484375 0.15078125
17 0.16796875 0.31328125 0.0328125 0.1109375
10 0.49765625 0.3265625 0.0484375 0.14375
17 0.21171875 0.4703125 0.04296875 0.134375
17 0.09765625 0.3109375 0.03125 0.10625
10 0.678125 0.33125 0.07734375 0.16796875
8 0.46171875 0.5203125 0.04609375 0.1546875
8 0.70078125 0.55859375 0.071875 0.18203125
17 0.0890625 0.44765625 0.03515625 0.11796875
10 0.44921875 0.32578125 0.04609375 0.13984375
17 0.12578125 0.453125 0.03515625 0.1234375
17 0.1328125 0.31171875 0.03515625 0.10859375
4 0.17890625 0.62734375 0.0296875 0.13125
10 0.5546875 0.328125 0.06015625 0.15078125
10 0.61328125 0.328125 0.05234375 0.16015625
8 0.4375 0.73515625 0.0546875 0.11796875
18 0.0390625 0.309375 0.02890625 0.09609375
18 0.0671875 0.31015625 0.02578125 0.10234375
4 0.15 0.6171875 0.02578125 0.128125
1 0.40234375 0.3234375 0.04453125 0.1359375
2 0.3625 0.32109375 0.03515625 0.13203125
11 0.71328125 0.1046875 0.06953125 0.203125
0 0.32578125 0.31875 0.0390625 0.12734375
2 0.33515625 0.6796875 0.0421875 0.153125
0 0.2859375 0.3171875 0.03828125 0.12578125
17 0.0546875 0.44140625 0.03125 0.1125
5 0.121875 0.60625 0.02734375 0.12421875
12 0.5640625 0.115625 0.06796875 0.19375
0 0.21328125 0.6390625 0.03515625 0.1359375
1 0.29296875 0.66640625 0.040625 0.15
0 0.2515625 0.6515625 0.0390625 0.1421875
0 0.9546875 0.9796875 0.0890625 0.03984375