12 0.24375 0.37890625 0.09375 0.1953125
17 0.50625 0.60703125 0.0640625 0.1546875
11 0.41796875 0.39375 0.07421875 0.1734375
18 0.36953125 0.62578125 0.06015625 0.13515625
12 0.128125 0.36953125 0.11796875 0.215625
17 0.24140625 0.64765625 0.071875 0.13828125
17 0.07421875 0.6625 0.09140625 0.15390625
17 0.1625 0.65625 0.07734375 0.14609375
17 0.6859375 0.59765625 0.05390625 0.13984375
8 0.72578125 0.421875 0.040625 0.13203125
11 0.33671875 0.3875 0.08359375 0.18359375
8 0.6796875 0.41796875 0.046875 0.13984375
8 0.80859375 0.4296875 0.03828125 0.121875
18 0.3078125 0.6359375 0.05625 0.128125
8 0.5421875 0.40859375 0.04609375 0.15
17 0.56875 0.60390625 0.05625 0.15078125
8 0.4890625 0.4046875 0.05625 0.15703125
18 0.43828125 0.6234375 0.0640625 0.1359375
16 0.215625 0.85625 0.06953125 0.18828125
17 0.62734375 0.59921875 0.0546875 0.1453125
16 0.28671875 0.84296875 0.06796875 0.18515625
10 0.8484375 0.43359375 0.03671875 0.11484375
10 0.63359375 0.41484375 0.0421875 0.14140625
8 0.76796875 0.4265625 0.0390625 0.1265625
16 0.353125 0.83125 0.06171875 0.18125
10 0.5890625 0.4125 0.04453125 0.1453125
16 0.06484375 0.88515625 0.08203125 0.2078125
10 0.88359375 0.43515625 0.0296875 0.1109375
3 0.64453125 0.775 0.0421875 0.14609375
18 0.73828125 0.59375 0.04609375 0.1375
18 0.77734375 0.58984375 0.02890625 0.13046875
3 0.60234375 0.78125 0.0421875 0.14921875